9.5687 -2.492 -0.30663
9.5556 -2.4955 -0.28282
9.5437 -2.5205 -0.31377
9.5639 -2.5408 -0.2971
9.5901 -2.5574 -0.27925
9.6032 -2.5205 -0.28401
9.6484 -2.5134 -0.30067
9.608 -2.5027 -0.31853
9.5104 -2.511 -0.32329
9.5068 -2.5193 -0.26497
9.6175 -2.5348 -0.28163
9.6234 -2.5467 -0.30186
9.5782 -2.5943 -0.32329
9.5699 -2.5753 -0.31853
9.552 -2.5443 -0.29234
9.5889 -2.5408 -0.29115
9.5865 -2.5705 -0.29115
9.5854 -2.5336 -0.24355
9.5723 -2.4991 -0.29472
9.5889 -2.5241 -0.29829
9.577 -2.5491 -0.31734
9.558 -2.561 -0.26854
9.5497 -2.5515 -0.32091
9.5616 -2.5527 -0.2852
9.5544 -2.5205 -0.28282
9.5532 -2.5039 -0.25902
9.5818 -2.5158 -0.28758
9.5794 -2.5051 -0.26378
9.5818 -2.5027 -0.28758
9.5984 -2.5289 -0.27092
9.5746 -2.5396 -0.27092
9.5413 -2.542 -0.28996
9.5627 -2.5824 -0.30663
9.5711 -2.5408 -0.29829
9.5735 -2.5432 -0.32567
9.5865 -2.5027 -0.33519
9.6068 -2.4503 -0.31139
9.5473 -2.4384 -0.34471
9.5223 -2.5908 -0.31258
9.5913 -2.5193 -0.29115
9.6151 -2.4622 -0.29353
9.6127 -2.4551 -0.31377
9.5901 -2.3896 -0.334
9.5675 -2.3968 -0.33519
9.5508 -2.6122 -0.28639
9.5735 -2.5539 -0.29829
9.5746 -2.4896 -0.31496
9.5842 -2.4777 -0.29829
9.5318 -2.4765 -0.3221
9.5687 -2.4586 -0.29472
9.5282 -2.4777 -0.25783
9.5639 -2.5158 -0.25664
9.6603 -2.4991 -0.25426
9.5806 -2.5312 -0.26735
9.5282 -2.5122 -0.21379
9.5437 -2.5265 -0.24474
9.5163 -2.7193 -0.12096
9.4854 -2.8478 -0.08049
9.6115 -3.0894 -0.011459
9.6722 -3.5453 0.13731
9.6949 -4.1856 0.017105
9.8924 -4.3987 -0.063828
9.2866 -4.7212 -0.11977
9.0795 -4.6795 0.13493
8.8034 -4.6093 0.10042
8.6665 -4.6391 -0.051926
8.6415 -4.5415 0.039719
9.026 -4.3665 -0.042404
8.7867 -4.4498 0.72884
9.2021 -4.1106 1.0276
9.2652 -4.1368 1.4965
8.9605 -4.2999 1.6369
8.7439 -4.1487 1.775
8.6784 -3.5846 1.8881
8.5654 -3.3263 1.8809
8.5178 -3.2466 2.5105
8.5118 -2.799 2.8605
8.6713 -2.98 2.8414
8.8165 -3.287 2.6712
8.9641 -3.3799 2.9592
8.9653 -3.1835 3.3353
8.7784 -2.9895 3.5472
8.7094 -2.7074 3.4782
8.6987 -2.9895 3.5484
8.8748 -3.043 3.5389
8.8498 -2.8526 3.5424
8.7772 -2.8562 3.7888
8.7975 -2.9728 4.0614
8.9688 -3.0216 4.1363
8.8796 -2.9276 4.2351
8.776 -3.0133 4.1661
8.8272 -3.162 4.0268
8.6868 -3.3822 4.1625
8.7118 -3.7595 4.0685
8.7153 -3.5929 3.9519
8.7046 -2.8824 3.8031
8.6927 -3.1109 3.8626
8.5785 -3.5322 4.2173
8.4904 -3.5643 4.3351
8.4571 -3.9749 4.153
8.2571 -3.4989 4.5708
8.3464 -3.3203 4.5255
8.6784 -3.0478 4.5624
8.4678 -3.6893 5.1468
8.613 -3.9 5.1706
8.6558 -3.4917 5.6455
8.5654 -4.4177 5.4848
8.2738 -5.6305 6.0561
7.8334 -5.4984 6.5465
7.4133 -5.7864 7.069
6.7456 -5.6769 7.3867
6.4088 -5.7983 7.4986
6.3481 -6.7814 7.1332
6.3623 -7.1908 6.3025
6.1648 -7.2039 6.2703
5.9339 -7.4003 5.6931
5.9577 -7.5431 4.6588
5.822 -9.1963 2.8152
5.3864 -7.4384 3.5496
5.196 -6.9266 2.989
5.3281 -6.7409 2.0107
5.6827 -6.1387 1.0014
5.8982 -6.2458 0.16945
6.3373 -6.1554 -0.62917
6.2564 -6.9564 -0.70772
6.3528 -6.9647 -1.0779
6.7277 -6.4053 -0.89696
6.7027 -6.641 -0.88863
6.7194 -7.6895 -0.72676
6.7194 -8.0644 -0.93028
6.7075 -7.0599 -0.79698
6.7372 -6.4482 -0.63512
7.0205 -7.2134 -0.52324
7.0467 -8.2025 -0.94099
6.9503 -8.631 -0.84102
6.6837 -7.3456 -0.37923
6.5801 -7.1468 -0.084061
6.3254 -8.024 0.16588
6.554 -7.7371 0.28014
6.5516 -7.4658 -0.17213
6.4516 -8.0323 -0.13167
6.429 -8.2299 -0.53395
6.4445 -8.187 -0.51372
6.4147 -8.9594 -0.2852
6.4111 -9.1261 -0.17332
6.3076 -8.4715 0.042099
6.3397 -8.0025 0.49675
5.9482 -8.7643 1.0192
6.2124 -8.3977 1.1156
6.3254 -7.5717 1.2989
5.8708 -8.3298 1.7929
5.6923 -8.8357 2.0309
5.8446 -7.7954 1.7179
5.7089 -7.7443 1.606
5.9101 -7.868 1.7512
6.0172 -7.5384 1.8655
5.9601 -8.3405 1.4715
5.6435 -8.3786 1.2668
5.5173 -8.6274 1.562
5.6708 -8.3251 1.5001
5.797 -8.7666 1.3132
5.6566 -8.5572 1.4477
5.3911 -8.1525 1.5405
5.5768 -8.7036 1.3323
5.6435 -8.675 1.1454
5.7077 -8.5179 1.3108
5.8041 -8.2132 1.2585
6.0862 -8.3513 1.4263
5.5506 -8.3036 1.7655
5.6339 -8.243 1.6917
5.7161 -8.0478 1.7905
5.8077 -8.0442 1.4977
5.8732 -8.3417 1.3751
5.7256 -8.4857 1.4203
5.8232 -8.2644 1.2144
5.6447 -8.1097 1.0895
5.7173 -8.2572 1.3215
5.8886 -8.0847 1.1109
5.8006 -8.3298 0.16826
5.8315 -8.3941 0.3575
5.9482 -8.2001 0.15636
6.1124 -8.5869 0.23729
5.8934 -8.7155 0.11589
5.7042 -8.7547 -0.1757
5.8053 -8.6738 -0.12096
5.797 -8.4619 0.044479
5.6851 -7.9502 0.56697
5.6685 -7.7966 0.70265
5.6161 -8.0739 0.661
5.7577 -8.4834 0.34084
5.8922 -8.9785 0.21468
5.7184 -9.0701 0.24205
5.7315 -7.9894 0.85381
5.597 -8.062 0.90855
5.5863 -8.3405 0.83595
5.8375 -7.1289 0.6967
6.0469 -7.7526 0.49437
5.9315 -7.8252 0.45866
5.7553 -7.7752 0.83595
5.6744 -8.0085 0.75621
5.8041 -8.1287 0.39677
5.6577 -9.1035 -0.6982
5.5137 -9.1749 -0.71962
5.5863 -9.1761 -0.80055
5.7149 -9.0047 -0.96837
5.3626 -8.65 -0.95409
5.6185 -8.7988 -1.6468
5.8244 -9.0082 -1.2885
5.1579 -8.6036 -0.73152
5.2638 -8.5512 -1.0683
5.4185 -8.4084 -1.4528
5.7149 -8.8 -2.2645
6.2671 -8.5286 -2.568
6.335 -7.8252 -2.1776
6.0267 -7.4598 -1.9907
5.8875 -7.2575 -1.7075
5.5554 -7.749 -2.4049
5.8577 -8.3608 -2.6108
5.8994 -8.4512 -2.0157
5.3971 -8.3441 -2.5656
5.6494 -7.7693 -2.0705
5.9969 -8.4393 -1.9669
5.7982 -9.3593 -2.2561
5.916 -8.5322 -1.3088
5.5482 -6.9445 -0.95647
5.9458 -7.5229 -1.3302
5.559 -7.7086 -2.0621
6.135 -8.7226 -2.487
5.4447 -8.4941 -1.8943
5.315 -8.7952 -2.593
5.8125 -9.0463 -1.329
5.3697 -8.6179 -1.229
5.5935 -7.7407 -0.89339
5.8732 -7.5919 -0.21022
5.9124 -7.6729 -0.74461
6.1314 -7.7121 -1.373
6.1017 -8.5869 -1.8479
6.3028 -8.3917 -1.5361
6.4218 -7.7264 -1.2861
6.1588 -7.6098 -1.5527
6.2528 -8.0513 -1.2992
6.3183 -7.8192 -1.986
6.1493 -7.9026 -3.0905
5.5935 -7.9252 -2.0979
5.8625 -8.7357 -2.6394
5.8577 -8.3834 -2.5501
5.7708 -7.7086 -1.9027
5.8565 -8.1537 -1.9169
5.841 -8.4334 -2.2383
6.2421 -7.2122 -0.63988
5.8089 -6.7302 -1.4599
6.6301 -7.461 -1.3837
6.2445 -9.1439 -1.4087
5.553 -8.6083 -2.0169
6.0588 -7.9097 -1.3468
6.1005 -8.4524 -1.5432
5.8767 -8.9832 -1.3397
5.8113 -8.4548 -1.2969
5.8815 -8.1323 -1.5123
5.8958 -8.2418 -1.5385
6.0315 -8.456 -1.6004
6.0065 -8.143 -1.2302
5.3435 -8.5655 -1.6206
6.0731 -6.5457 0.7455
5.7101 -6.3815 -0.43993
6.0148 -9.1403 -2.4252
6.5325 -9.6855 -2.5132
5.9065 -7.5753 -1.254
6.254 -7.893 -1.2647
6.3552 -7.6229 -1.9241
6.5956 -7.2753 -1.861
6.2386 -8.1846 -2.8572
6.4814 -8.4715 -2.8084
6.3992 -7.7181 -2.562
6.8015 -7.6705 -2.5454
6.592 -7.8799 -2.4894
6.8098 -7.5122 -2.5477
7.5918 -7.7645 -2.7263
8.4547 -8.1025 -2.3299
8.5856 -7.2087 -1.7218
7.9584 -5.8971 -1.2278
7.4894 -5.7198 -0.73271
7.5335 -6.7088 -0.21022
8.0833 -6.9873 -0.33757
8.2214 -6.5874 -0.72795
8.0833 -7.2337 -0.69106
6.229 -7.6157 -1.0969
6.4766 -7.9704 -1.9753
6.5801 -8.2156 -0.91124
5.8339 -8.312 -0.14357
5.3304 -7.9811 -0.01384
5.697 -7.3646 -0.21736
6.0934 -7.4562 -0.25664
5.8827 -7.9287 0.094467
5.4804 -7.9371 0.27538
5.4316 -7.5586 0.68361
5.603 -7.5336 1.0073
5.7482 -7.7883 1.0061
6.6789 -6.9528 0.97401
6.8479 -6.8112 0.97044
7.0336 -6.6517 1.043
7.1824 -6.3351 1.337
7.1693 -5.815 1.4632
7.0919 -5.734 1.537
7.3585 -6.122 1.5774
7.7049 -6.3803 1.5072
7.7834 -5.7186 1.7012
7.8037 -5.0961 1.9083
8.1083 -5.1021 2.0166
8.6154 -5.4424 1.9857
8.9712 -5.158 1.8548
8.9653 -4.6295 1.775
8.8236 -4.1606 1.5155
8.9093 -4.1487 1.3311
9.1997 -4.4724 1.3263
9.4961 -4.5974 1.2037
9.5758 -4.4082 0.97997
9.4175 -4.2201 0.82405
9.4116 -2.4706 0.12065
9.5758 -2.6015 -0.1031
9.7365 -2.5455 -0.30305
9.7675 -2.3111 -0.49825
9.7591 -2.2504 -0.73628
9.6782 -2.417 -0.80888
9.6199 -2.4551 -0.87434
9.6353 -2.3956 -0.77318
9.5877 -2.2718 -0.60298
9.5711 -2.3134 -0.49944
9.4794 -2.2242 -0.38756
9.439 -2.0683 -0.24712
9.5473 -1.8636 0.029007
9.6734 -1.6648 0.25633
9.852 -1.6339 0.27419
9.6472 -2.2468 -0.28401
9.6818 -2.3741 -0.49229
9.6115 -2.3611 -0.60655
9.5413 -2.4265 -0.57918
9.5735 -2.4396 -0.59227
9.6353 -2.3718 -0.49229
9.5437 -2.2932 -0.49586
9.4925 -2.154 -0.3578
9.5163 -2.0695 -0.18285
9.6449 -1.9612 -0.031693
9.7889 -1.9552 0.042099
9.8639 -1.9897 -0.031693
9.8127 -2.0992 -0.16142
9.6711 -2.2266 -0.23164
9.6211 -2.2742 -0.24236
9.6056 -2.1837 -0.31377
9.6211 -2.1361 -0.28282
9.602 -1.9897 -0.27568
