9.6615 -2.1706 -0.01741
9.6972 -2.1397 0.054001
9.6853 -2.0992 -0.055496
9.6068 -2.2278 -0.043594
9.5854 -2.2325 -0.067398
9.5806 -2.2373 -0.065018
9.633 -2.1968 -0.053116
9.6568 -2.2278 -0.07692
9.683 -2.1825 -0.029312
9.5854 -2.2206 -0.029312
9.6615 -2.192 0.039719
9.7258 -2.2087 -0.031693
9.7615 -2.2206 -0.00074768
9.6972 -2.2373 -0.11263
9.6639 -2.242 -0.069778
9.6282 -2.273 0.030197
9.5877 -2.2777 0.0063934
9.5901 -2.2444 -0.022171
9.5949 -2.1992 -0.01265
9.6353 -2.2325 0.032578
9.6306 -2.1897 0.042099
9.6758 -2.2825 -0.050735
9.6258 -2.2849 -0.01503
9.6139 -2.2896 0.058762
9.6139 -2.292 -0.029312
9.6068 -2.2539 -0.029312
9.5806 -2.1944 0.020676
9.6591 -2.2468 0.063522
9.6496 -2.2063 -0.067398
9.633 -2.273 -0.029312
9.6496 -2.2016 -0.031693
9.5949 -2.2539 -0.057877
9.6306 -2.2039 -0.0031281
9.6925 -2.2896 -0.07692
9.6591 -2.2254 -0.053116
9.5616 -2.2278 0.030197
9.602 -2.2373 0.0063934
9.602 -2.1992 0.023056
9.6377 -2.1563 -0.01265
9.6663 -2.2397 -0.067398
9.633 -2.2468 -0.088821
9.5735 -2.2587 -0.022171
9.602 -2.2182 -0.01265
9.6115 -2.2349 0.0040131
9.6092 -2.2087 -0.019791
9.602 -2.1873 -0.01503
9.6377 -2.1801 -0.050735
9.6711 -2.223 -0.093582
9.6758 -2.2016 -0.053116
9.7163 -2.2016 -0.084061
9.6472 -2.1421 -0.053116
9.6449 -2.1302 -0.038834
9.6568 -2.1397 -0.048355
9.6425 -2.123 -0.041214
9.6115 -2.1611 -0.091202
9.6758 -2.1302 -0.088821
9.6449 -2.1682 -0.026932
9.6949 -2.2182 -0.098343
9.6187 -2.2301 -0.13167
9.6163 -2.1873 -0.031693
9.5854 -2.1849 -0.022171
9.5854 -2.1992 -0.11501
9.5854 -2.1944 -0.11501
9.5949 -2.2706 -0.20308
9.6139 -2.2754 -0.16737
9.5949 -2.2754 -0.053116
9.6211 -2.2682 -0.055496
9.5877 -2.2516 -0.17213
9.6472 -2.2611 -0.13405
9.6115 -2.6443 -0.23878
9.5235 -2.7871 -0.26497
9.5163 -2.8181 -0.19832
9.5092 -2.8562 -0.074539
9.5449 -3.0942 -0.13167
9.6258 -3.3132 0.025436
8.857 -4.3344 0.68242
9.076 -4.5462 0.025436
9.0331 -4.4939 -0.18642
8.9308 -4.6105 -0.19118
8.7832 -4.7795 -0.27211
8.7022 -4.7795 -0.36018
8.5642 -4.6367 -0.057877
8.3809 -4.7724 -0.036453
8.2881 -4.67 -0.0078888
8.3238 -4.5605 0.23967
8.7356 -4.2892 0.51103
9.264 -3.963 0.75383
8.7332 -4.57 0.77287
8.7522 -3.456 2.2892
8.6213 -3.6322 2.3558
8.5047 -3.8155 2.0964
8.4594 -3.9083 1.9654
8.4047 -4.1082 2.113
9.0236 -3.6917 2.8652
8.8927 -3.7702 2.8581
8.8022 -3.9511 2.7962
8.8046 -4.1082 2.8176
8.8617 -4.2082 2.6343
8.8498 -4.2368 2.4368
8.9807 -3.9583 3.2699
8.8046 -3.9654 4.0721
8.6023 -3.7964 4.1268
8.8998 -3.8131 3.8007
9.1164 -3.9726 3.7769
8.8808 -3.9178 3.9578
8.7617 -3.7393 4.0268
8.2476 -3.9107 4.4648
8.4547 -4.2415 4.8552
8.3071 -4.013 5.0433
8.419 -4.232 4.8647
8.4737 -4.4106 5.0742
8.031 -5.0675 5.3837
6.1671 -6.4267 6.7024
5.9196 -6.3196 6.7405
5.6411 -6.541 6.4977
5.6435 -7.0909 6.2572
5.9267 -7.3384 5.8478
5.4364 -7.7931 5.4503
5.6911 -7.2408 5.2813
6.2267 -6.9647 4.6719
6.9503 -6.9147 3.3699
7.5168 -7.3551 2.2201
7.9667 -8.2715 1.0585
6.1743 -8.2929 2.4344
6.4766 -7.3622 2.4558
6.6646 -7.0218 2.3963
6.5504 -6.8028 2.4177
6.4504 -6.6386 2.6343
6.6718 -6.8647 2.1511
6.2624 -6.9266 0.16826
6.1957 -6.7552 0.23253
5.991 -6.4934 0.23729
5.9362 -6.2863 0.5515
6.0267 -6.0816 0.74669
6.2362 -6.0625 0.86095
6.2195 -7.0837 -0.22926
6.1886 -6.9814 -0.23878
6.3338 -6.8885 0.24205
6.3362 -6.5243 0.5872
6.5623 -6.3577 0.96092
6.4576 -6.5434 0.77287
6.8027 -7.4193 -0.3102
7.1145 -7.605 -0.31258
7.0836 -8.1692 -0.40779
6.8075 -8.9142 -0.334
6.4814 -9.0904 -0.1888
6.5099 -8.0478 0.47771
6.8765 -7.8811 0.89903
6.5147 -7.7288 0.70146
6.5123 -7.4741 0.72527
6.7337 -7.5027 0.76335
6.7432 -7.7312 0.5872
6.8241 -7.9359 0.95616
6.2814 -8.2477 -0.067398
6.3338 -7.9454 0.17064
6.2409 -7.8359 0.13255
6.1814 -8.0549 -0.21736
6.3314 -8.4024 -0.87434
6.3766 -8.8119 -1.6456
6.36 -7.5407 -0.024551
6.1838 -7.0647 -0.41017
6.3052 -7.3336 -0.43636
6.5694 -7.4217 -0.67439
6.1172 -7.9954 0.080185
5.703 -7.9621 -0.23164
6.3362 -6.9195 -2.1883
7.343 -7.3075 -2.1907
7.4573 -7.6241 -2.7596
7.1383 -8.3286 -2.95
6.6884 -8.8785 -2.6382
6.529 -8.7881 -2.4025
6.2505 -7.7383 -2.3883
6.4599 -7.6074 -1.7741
6.5171 -6.7267 -1.6837
6.5218 -6.3934 -1.5742
6.5789 -6.1173 -1.8146
6.7122 -6.3172 -1.9027
6.0838 -8.5881 -2.9357
7.1241 -8.3453 -3.0143
6.8027 -9.0523 -2.1931
6.5694 -8.8999 -1.7908
5.9291 -8.1763 -1.4909
5.5149 -7.0028 -1.3076
5.772 -6.1125 -1.6313
6.4314 -8.2049 -1.6718
6.2195 -7.9835 -1.7099
6.2838 -7.8026 -1.1481
6.2552 -7.1789 -1.0434
6.1267 -6.948 -1.5599
8.0072 -7.1289 -1.886
7.4026 -7.317 -1.9931
6.8789 -7.4265 -1.5313
6.4599 -7.0528 -1.6027
6.2029 -7.1313 -2.1574
6.2195 -7.4384 -2.3549
6.4052 -7.6264 -2.7263
6.0362 -8.7738 -1.7979
6.0053 -8.4405 -1.9003
6.0243 -7.8883 -2.1835
6.141 -7.7716 -2.4382
6.2838 -7.3813 -2.8239
6.2148 -7.3313 -2.4287
7.055 -7.0528 -1.0172
6.1314 -7.805 -1.179
6.0862 -8.6643 -1.6646
6.2981 -8.6214 -2.0217
6.4718 -7.6978 -2.3716
6.5456 -7.0194 -1.9169
6.4576 -6.76 -1.9907
6.5171 -7.5336 -2.0502
6.6361 -8.4239 -1.9098
6.4742 -8.6 -1.8836
6.2409 -8.3453 -1.786
6.179 -7.7621 -1.8074
7.205 -7.7097 -1.6599
7.3764 -7.7764 -1.4552
7.5501 -7.4027 -1.06
7.5287 -6.9218 -1.0576
7.5716 -6.8504 -1.1957
7.4811 -7.0099 -0.94814
7.6906 -7.6764 -1.0981
7.8763 -7.636 -1.06
7.9167 -7.5146 -1.0076
7.781 -7.3336 -1.0743
7.5954 -7.1266 -1.0624
7.6239 -6.9052 -0.91243
8.0048 -6.9123 -0.095963
7.9429 -6.8338 -0.5887
8.1262 -6.5053 -1.2124
8.4618 -6.3363 -1.867
8.8784 -6.4934 -2.4906
9.1569 -6.9861 -2.5406
5.6863 -7.3765 3.2842
5.7173 -7.1266 3.0842
5.9529 -6.9956 2.6819
6.2862 -6.9766 1.8107
6.3957 -7.1408 0.75383
6.4171 -7.4765 0.04924
4.7746 -7.5669 4.1839
4.7865 -7.3551 4.2387
5.0055 -7.4074 3.9959
5.3007 -7.417 3.4651
5.503 -7.7645 2.7224
5.484 -7.9573 1.9773
6.0219 -6.3529 1.6703
6.2243 -6.3101 1.9345
6.4242 -6.1601 2.363
6.5337 -5.8388 2.4249
6.5218 -5.4793 2.4606
6.5075 -5.2413 2.4986
7.6834 -6.103 1.925
7.9477 -6.0268 1.7084
8.1429 -5.9007 1.556
8.2595 -5.7959 1.418
8.319 -5.6817 1.4156
8.469 -5.7198 1.5441
9.1926 -4.501 1.149
9.2711 -4.4939 1.03
9.2283 -4.4296 0.9395
9.2069 -4.3534 0.9276
9.0736 -4.282 0.72289
9.045 -4.1368 0.73241
9.2759 -3.8012 0.41344
9.4425 -3.8036 0.28728
9.5258 -3.7583 0.25395
9.6377 -3.7655 0.13255
9.6782 -3.8012 0.011154
9.7068 -3.8131 -0.045975
9.7353 -3.8464 -0.14357
9.7948 -3.8893 -0.21498
9.7948 -3.8702 -0.24355
9.8234 -3.8893 -0.25069
9.8496 -3.9178 -0.23164
9.7996 -3.8726 -0.26259
9.7353 -3.8131 -0.23878
9.7044 -3.7036 -0.2245
9.7187 -3.675 -0.17451
9.7972 -3.4917 -0.17928
9.8448 -3.4394 -0.15785
9.9781 -3.337 -0.16737
10.092 -3.337 -0.21022
10.107 -3.3108 -0.24831
10.102 -3.2466 -0.35542
10.066 -3.1942 -0.34828
9.6282 -1.5755 0.044479
9.6925 -1.6588 0.04924
9.6949 -1.7231 0.087326
9.7187 -1.7588 0.070663
9.7139 -1.7826 0.0087738
9.6615 -1.7231 -0.031693
9.6544 -1.7231 -0.069778
9.652 -1.6898 -0.038834
9.7187 -1.6993 -0.036453
9.7163 -1.7541 -0.024551
9.6853 -1.7065 -0.031693
9.7377 -1.7374 -0.026932
9.6853 -1.7231 -0.022171
9.6996 -1.7517 -0.0031281
9.702 -1.7564 -0.01265
9.6996 -1.8183 -0.010269
9.6949 -1.9564 -0.12453
9.6377 -1.9207 -0.07692
9.6972 -1.885 -0.11501
9.6806 -1.9016 -0.026932
9.6901 -1.8255 -0.041214
9.752 -1.8445 -0.055496
9.7234 -1.8469 -0.12215
9.7353 -1.8112 -0.050735
9.8091 -1.7993 -0.034073
9.8234 -1.8326 -0.055496
9.7686 -1.8231 0.044479
9.7925 -1.7898 0.011154
9.7591 -1.7184 0.018295
9.7448 -1.685 -0.01265
9.7472 -1.7088 -0.01503
9.7853 -1.6755 0.04924
9.7782 -1.8064 0.070663
9.6734 -1.8159 0.044479
9.6187 -1.7445 0.030197
9.6258 -1.6636 0.087326
9.7282 -1.7422 0.0063934
9.6972 -1.7136 0.04686
9.6734 -1.7065 0.0016327
9.6758 -1.6208 0.11351
9.6139 -1.6327 0.096848
9.6591 -1.5898 0.037338
9.6782 -1.6588 0.056381
9.6687 -1.6541 0.030197
9.6591 -1.597 0.056381
9.6806 -1.6255 0.073044
9.6782 -1.5946 0.011154
9.7377 -1.6731 -0.010269
9.7163 -1.7445 0.084946
9.6591 -1.7874 0.037338
9.6139 -1.7707 -0.026932
9.6925 -1.7921 -0.072159
9.6853 -1.7255 0.027817
9.7187 -1.6826 -0.050735
9.7377 -1.7326 -0.0031281
9.652 -1.7612 0.054001
9.6306 -1.7588 0.015915
9.6734 -1.7588 0.054001
9.6663 -1.7945 -0.074539
9.7567 -1.7802 -0.10786
9.7734 -1.8279 -0.13881
9.7972 -1.8064 -0.095963
9.7853 -1.8207 -0.19356
9.7353 -1.8064 -0.13167
9.7567 -1.804 -0.20546
9.7448 -1.7898 -0.19594
9.7044 -1.8255 -0.2007
