9.4663 -2.3634 -0.31734
9.5592 -2.3968 -0.34828
9.602 -2.4325 -0.40303
9.6949 -2.4182 -0.39351
9.7044 -2.3396 -0.38875
9.7068 -2.2873 -0.39113
9.771 -2.2444 -0.38399
9.8282 -2.392 -0.29591
9.8686 -2.3849 -0.2126
9.4116 -1.8588 -0.41493
9.5354 -1.7541 -0.21736
9.6353 -1.8326 -0.30305
9.7329 -1.9445 -0.34828
9.8853 -2.0445 -0.50539
9.9662 -2.0825 -0.54823
9.8639 -1.9921 -0.51729
9.89 -1.9802 -0.4911
9.852 -1.9397 -0.45302
9.683 -1.8993 -0.34828
9.5163 -1.9492 -0.27925
9.4187 -2.0088 -0.2007
9.6377 -2.2135 -0.37923
9.7663 -1.854 -0.52443
9.7472 -1.8445 -0.40779
9.7401 -1.8469 -0.39113
9.7282 -1.9064 -0.33638
9.721 -1.9302 -0.3221
9.533 -2.1421 -0.44112
9.5544 -2.1754 -0.41255
9.5378 -2.1635 -0.4911
9.6211 -2.1444 -0.52443
9.6306 -2.0802 -0.52205
9.652 -2.0659 -0.46968
9.6663 -2.0135 -0.48396
9.6068 -2.0683 -0.41731
9.5949 -2.0945 -0.33162
9.5949 -2.0897 -0.32924
9.6377 -2.1183 -0.33876
9.6806 -2.0992 -0.28639
9.6972 -2.1302 -0.42445
9.6544 -2.0111 -0.39113
9.6734 -2.0207 -0.39827
9.6925 -2.0445 -0.40065
9.6639 -2.0802 -0.39589
9.6615 -2.0968 -0.41731
9.5449 -2.1325 -0.39351
9.5401 -2.2135 -0.45778
9.5996 -2.2135 -0.44112
9.5711 -2.2182 -0.41255
9.5544 -2.2254 -0.42207
9.5687 -2.3253 -0.34828
9.6092 -2.3325 -0.40303
9.6449 -1.8517 -0.4673
9.5806 -1.9278 -0.43398
9.771 -2.0421 -0.38637
9.821 -2.1349 -0.4911
9.7258 -2.223 -0.66725
9.7091 -2.492 -0.54109
9.5901 -2.5943 -0.68867
9.7282 -2.7324 -0.50539
9.7234 -2.4991 -0.55061
9.6258 -2.4063 -0.76961
9.6092 -2.4967 -0.68629
9.5449 -2.4182 -0.57204
9.5949 -2.4539 -0.47682
9.4973 -2.7419 -0.33876
9.3973 -2.7538 -0.26259
9.4187 -2.5991 -0.36971
9.4521 -2.7324 -0.33876
9.4759 -2.7253 -0.63869
9.502 -2.6895 -0.52919
9.5139 -2.5634 -0.42445
9.5378 -2.4206 -0.41255
9.5306 -2.2492 -0.31496
9.5639 -2.1349 -0.16737
9.602 -2.1016 -0.18404
10.368 -4.132 -0.67201
8.2833 -4.651 1.9964
8.0476 -4.5415 2.4867
7.8072 -4.4796 2.5343
7.6192 -4.7248 2.4225
7.5549 -4.958 2.0083
7.9358 -5.2175 1.3275
8.0072 -4.9604 1.2537
7.9715 -4.7081 1.1799
7.9167 -4.3487 1.118
7.931 -4.1082 1.1442
7.95 -3.9892 1.3346
8.6261 -3.6536 1.2466
9.4521 -2.4825 3.227
9.433 -2.173 3.5174
9.2473 -1.8707 3.5698
9.0474 -1.9278 3.7007
8.9022 -2.0064 3.5817
9.7829 -1.9469 3.6912
9.7567 -2.0016 3.8078
9.6734 -2.3396 3.6246
9.8115 -2.799 3.5198
9.6568 -3.2013 3.4127
9.5854 -3.5132 3.5151
9.3973 -0.17111 4.1673
8.5237 -2.3492 5.2504
8.607 -2.9323 5.5717
8.5832 -2.9014 5.8502
8.6142 -2.73 5.9264
8.3499 -2.242 6.0145
8.3142 -4.3772 6.2596
8.2666 -4.6343 6.5215
8.3737 -4.9747 6.6
7.6573 -4.9699 6.8119
7.4811 -4.9937 6.8166
7.4168 -4.5938 6.5953
6.6504 -5.2365 6.7357
5.9315 -8.162 5.4479
5.9434 -7.6288 5.3908
5.8029 -6.9171 6.0954
5.403 -6.2292 6.6786
5.3531 -5.646 6.6143
6.1576 -8.1763 3.8221
6.5694 -7.943 3.1342
6.6884 -7.4312 2.8652
6.429 -6.7267 3.0104
5.8601 -6.034 3.2461
5.5768 -5.7007 3.5603
6.5647 -7.3789 1.0633
6.5599 -7.4265 0.62291
6.4361 -7.1242 0.7086
6.3528 -6.3815 1.3061
6.229 -5.6745 1.5584
6.3028 -5.3032 1.9178
7.593 -6.7624 -0.0078888
7.7072 -7.2218 0.16112
7.6335 -7.1408 0.47533
7.6144 -6.7885 0.81096
7.443 -6.4839 1.3727
7.136 -6.1649 1.6917
7.5716 -6.3315 1.3227
7.712 -6.5386 1.4894
7.6477 -7.0575 1.3751
7.4549 -7.7526 1.5989
7.2954 -8.0716 1.7869
7.1098 -7.7954 1.9773
6.8503 -7.843 2.1963
6.9503 -7.8145 2.1344
7.0098 -7.5931 2.1249
6.9646 -7.2527 2.2701
6.7932 -7.3622 2.1511
6.6765 -7.843 2.1344
7.0003 -8.0549 2.1321
6.8098 -7.8573 2.2201
6.7527 -7.6241 2.1844
6.6623 -7.5622 2.1154
6.9717 -7.6264 2.0107
6.7051 -7.8883 1.5155
6.5837 -6.7505 1.9083
6.0957 -8.4191 1.8893
6.0791 -8.3572 1.8916
6.1433 -8.2406 1.7179
6.5337 -7.6812 1.6655
6.6646 -8.0263 1.3323
5.9386 -7.436 2.0535
5.9029 -7.4312 2.1225
6.091 -7.267 2.0987
6.2148 -7.1527 2.0964
5.9529 -6.998 1.7655
6.0481 -6.9695 1.5322
6.1648 -10.266 -1.786
6.4385 -10.476 -2.5858
6.2457 -10.804 -1.8265
5.8363 -9.7616 -1.6861
5.9315 -8.3382 -1.3885
6.0029 -7.6336 -1.2314
7.3192 -7.7645 -1.4052
7.1455 -8.4072 0.57292
6.4742 -6.879 0.94188
5.8577 -5.515 -0.35304
5.6435 -5.3936 -1.0743
5.8053 -6.0554 -1.8074
6.6646 -7.7145 -1.7218
6.2671 -7.1361 -1.4718
6.0005 -6.3672 -0.76961
5.8982 -6.3172 -0.98622
6.1314 -6.6576 -1.7194
6.3457 -7.3289 -2.4859
6.5218 -7.4598 -2.205
6.4599 -7.924 -2.7453
6.4409 -7.8359 -3.0072
6.5861 -7.6859 -2.086
6.4528 -7.0075 -1.4099
6.3933 -6.7671 -0.74104
6.6456 -7.367 -1.7527
6.3623 -8.0097 -1.8289
6.567 -7.4455 -1.3671
6.5932 -7.1527 -1.0862
6.2719 -7.7407 -0.6244
6.0505 -7.9406 -1.1814
6.3195 -7.2741 -1.5504
6.329 -7.1313 -1.2838
6.1886 -7.5503 -0.92433
6.1957 -8.1192 -1.2909
6.3457 -8.531 -1.6551
6.4742 -8.8785 -1.9836
6.6956 -7.1623 -1.4266
6.4266 -8.043 -0.90291
6.4266 -7.7859 -0.85292
6.4837 -7.6955 -0.65773
6.4956 -7.5027 -0.30067
6.5266 -7.2956 -0.14357
6.5075 -8.331 -0.97432
6.6242 -8.0216 -0.98146
6.7337 -7.3741 -0.90291
6.8265 -6.9576 -0.64107
6.9622 -6.76 -0.6244
7.0122 -6.7885 -1.0219
6.041 -8.9547 -1.986
6.4385 -8.3334 -1.9907
6.7622 -7.5503 -1.6908
6.6623 -6.9766 -1.3599
6.4742 -6.9861 -0.95052
6.2766 -7.1718 -0.9529
6.2029 -7.8502 -0.61964
6.1433 -7.4574 -1.2671
6.3362 -7.4884 -1.1005
6.429 -7.8359 -1.0457
6.4195 -8.1811 -1.1243
6.448 -8.5381 -1.0553
6.4742 -8.8309 -1.041
6.648 -8.7119 -0.67677
5.9339 -8.0025 -1.2195
6.4623 -8.2406 -1.2885
6.5837 -7.8026 -0.98384
6.7908 -7.4598 -0.722
6.7718 -7.3075 -0.43636
7.4763 -7.8883 -2.174
7.6454 -7.6193 -1.9741
7.6358 -6.6933 -1.3623
7.255 -6.1292 -1.2766
7.0741 -6.8885 -1.6123
7.1764 -8.0216 -2.1693
6.1767 -7.6217 -0.26735
6.5575 -7.6336 -0.30544
6.3266 -7.7431 -0.29591
6.1933 -7.7336 0.63957
5.8006 -7.5431 0.12779
6.2076 -7.4265 -0.22688
6.7789 -8.7143 -1.2552
6.8051 -8.9475 -1.348
6.9122 -8.3977 -1.3171
7.0217 -7.6336 -0.92671
6.9669 -7.2527 -0.62917
6.9408 -7.2599 -0.42921
7.5073 -6.2411 0.43962
9.1926 -6.1244 -0.63155
9.145 -6.2506 -0.38875
8.976 -6.2863 -0.26735
8.7046 -6.2363 -0.031693
8.6808 -6.0721 0.073044
8.776 -6.2625 1.3703
8.1881 -6.5743 0.13493
8.2357 -7.1504 0.15398
8.3428 -7.0718 0.55626
8.4452 -6.1982 0.98949
8.369 -5.5103 1.1371
7.3645 -6.7386 2.313
5.6506 -6.8123 3.7698
5.3911 -6.2482 3.4675
5.6149 -5.4413 2.889
6.11 -5.0961 2.3749
6.5956 -5.4294 2.0249
6.1957 -8.024 2.9557
6.0291 -7.8145 3.0152
6.0719 -7.4884 3.0033
6.2219 -7.1147 2.6391
6.5837 -6.979 2.4534
6.9027 -6.9552 2.1083
7.0146 -6.5957 2.4748
7.343 -5.4936 2.9128
7.2859 -5.227 3.1033
7.2978 -5.0366 3.0771
7.3383 -4.8604 3.0437
7.443 -4.8176 2.9652
8.119 -5.1842 1.7964
8.1952 -5.058 1.7131
8.2166 -5.0556 1.7655
8.2857 -5.1508 1.8321
8.3642 -5.277 1.7988
8.5094 -5.377 1.6893
8.7237 -5.1056 1.4394
9.1093 -4.1987 1.2228
9.2473 -4.2058 1.1252
9.3021 -4.1868 0.97282
9.295 -3.9916 0.87047
9.145 -3.8274 0.71336
9.4235 -3.168 0.27061
9.4235 -3.1156 0.17302
9.5306 -3.1133 0.082565
9.5735 -3.187 0.011154
9.6687 -3.318 -0.16975
9.7615 -3.4203 -0.31258
10.297 -3.9821 -0.89339
9.7258 -3.6369 -0.16975
9.683 -3.5322 -0.088821
9.7448 -3.4417 -0.19118
9.8448 -3.2513 -0.28877
9.9805 -3.0395 -0.76723
9.7853 -2.1992 -0.50777
9.4116 -2.1183 -0.79579
9.4782 -2.2301 -0.79341
9.4187 -2.2611 -0.75294
9.3973 -2.2278 -0.75771
9.3949 -2.1706 -0.76247
9.6401 -1.9421 -0.31972
9.552 -1.904 -0.18166
9.5306 -1.8231 -0.15785
9.5544 -1.8088 -0.053116
9.6282 -1.7755 0.020676
9.7734 -1.7779 -0.043594
9.6401 -2.0564 -0.31258
9.6306 -2.0992 -0.50301
9.6758 -2.1016 -0.56966
9.7091 -2.0326 -0.52681
9.7044 -2.023 -0.54109
9.6258 -2.0754 -0.42921
9.6163 -2.0968 -0.37209
9.6615 -2.0587 -0.30305
9.7044 -2.1159 -0.33876
9.6925 -2.1087 -0.35304
9.7068 -2.1373 -0.27925
9.7187 -2.1302 -0.25783
9.6568 -2.0849 -0.36018
9.6139 -2.1135 -0.39589
9.633 -2.0659 -0.42921
9.6996 -2.0587 -0.38637
9.7139 -2.0564 -0.40303
9.6996 -2.023 -0.4554
9.6211 -1.9659 -0.31734
9.6544 -1.9731 -0.27449
9.652 -1.9207 -0.22212
9.5949 -1.9112 -0.30305
9.5973 -1.8755 -0.27449
9.5877 -1.9254 -0.28877
9.7567 -2.0564 -0.28163
9.6449 -1.9897 -0.19832
9.6425 -1.9921 -0.15071
9.602 -1.9897 -0.11263
9.6163 -1.9778 -0.13643
9.633 -2.0349 -0.17928
9.6234 -2.0587 -0.1031
9.6639 -2.0326 -0.084061
9.6496 -2.0278 -0.13167
9.6639 -2.023 -0.17451
