9.5449 -2.58 0.12779
9.5616 -2.5824 0.058762
9.5758 -2.6086 0.089706
9.6377 -2.5348 0.073044
9.6211 -2.5943 0.073044
9.6663 -2.5324 0.10399
9.5782 -2.5753 0.11589
9.5663 -2.5658 0.094467
9.6187 -2.5634 0.10637
9.5996 -2.561 0.065903
9.6258 -2.5872 0.10637
9.5996 -2.6205 0.070663
9.5616 -2.411 0.080185
9.6115 -2.3896 0.063522
9.6615 -2.3991 0.032578
9.6353 -2.3777 0.17778
9.6353 -2.3872 0.10399
9.6115 -2.3301 0.037338
9.6282 -2.4872 0.054001
9.6282 -2.5134 0.080185
9.6044 -2.5277 0.032578
9.5139 -2.5872 0.080185
9.5163 -2.5515 0.077805
9.5449 -2.6086 0.087326
9.6258 -2.5586 0.061142
9.5568 -2.5777 0.063522
9.5187 -2.5491 0.056381
9.4402 -2.5372 0.075424
9.4949 -2.5015 0.011154
9.5877 -2.5277 0.13017
9.6163 -2.4444 0.10399
9.5877 -2.4229 0.10875
9.6234 -2.4515 0.12303
9.633 -2.4729 0.094467
9.6211 -2.5467 0.04686
9.6068 -2.5634 0.094467
9.5711 -2.6039 0.11827
9.5306 -2.5896 0.13969
9.5735 -2.4872 0.068283
9.5282 -2.5015 0.14684
9.6092 -2.5134 0.15874
9.6139 -2.4801 0.12303
9.583 -2.4253 0.075424
9.5616 -2.4325 0.087326
9.5544 -2.4586 0.17064
9.5687 -2.4682 0.12303
9.5592 -2.4396 0.20634
9.5568 -2.4563 0.10161
9.5139 -2.5443 0.17302
9.552 -2.5515 0.11589
9.5711 -2.5919 0.027817
9.5782 -2.6039 0.12541
9.6615 -2.7014 0.20634
9.7258 -2.7943 0.23015
9.6115 -2.9657 0.26585
9.7329 -3.1394 0.36107
9.8543 -3.3061 0.42296
9.7996 -3.5013 0.39677
9.721 -3.675 0.38011
9.5497 -3.6869 0.40154
9.3711 -4.6819 0.27299
9.364 -4.3629 0.31346
9.2831 -4.2106 0.52055
9.2188 -4.163 0.53008
9.2045 -4.2392 0.69194
9.1378 -4.3034 0.63957
8.9784 -4.1297 0.74669
8.907 -4.2463 0.69194
8.7427 -4.2011 0.84428
8.5594 -4.2154 0.76335
8.4237 -4.2606 0.85619
8.3666 -4.3391 0.89427
8.8117 -3.7917 1.6369
8.8903 -3.8083 1.6679
8.8784 -3.7607 1.8583
8.7998 -3.8036 2.1392
8.7046 -3.8559 2.1654
8.5832 -3.8964 2.0987
8.5499 -3.8678 1.9916
9.0212 -3.625 1.8226
9.0545 -3.6536 1.8298
9.0926 -3.7536 2.0083
9.0426 -3.7536 2.2035
8.9427 -3.7702 2.3082
8.7665 -3.8773 2.4606
8.9593 -3.8726 2.363
9.0093 -3.8416 2.3891
8.8784 -3.7893 2.3772
8.7546 -3.6369 2.2106
8.6284 -3.5465 2.2963
8.6594 -3.5869 2.332
8.8141 -3.9083 2.6724
8.7832 -3.8964 2.4606
8.8046 -3.963 2.4344
8.8379 -3.9749 2.4487
8.8927 -3.8988 2.5462
9.0117 -3.7321 2.7081
8.9331 -3.1751 3.6293
9.0212 -3.0966 3.6174
9.145 -3.0775 3.7055
9.1569 -3.0942 3.6388
9.1807 -3.2085 3.527
9.1878 -3.3203 3.4175
9.0307 -3.2608 3.3841
9.0807 -3.1228 3.4841
9.1093 -3.1751 3.5484
9.1307 -3.3822 3.5436
9.0641 -3.3941 3.4436
8.945 -3.4774 3.358
8.488 -4.6914 4.4482
7.8477 -5.7745 4.6957
7.6168 -5.7745 5.0813
7.2121 -5.9411 4.9695
6.9027 -6.1887 4.9147
6.8622 -6.2815 4.6291
6.8836 -7.3789 4.2911
6.9217 -7.4479 3.7483
6.8717 -7.3598 3.5627
6.6932 -7.4384 3.5984
6.5099 -7.5431 3.7579
6.4885 -7.4384 3.3984
6.4314 -6.8028 3.715
6.2195 -6.5219 2.9414
6.1529 -6.5172 2.6319
6.0862 -6.7957 2.2511
6.1933 -7.148 2.0892
6.3504 -7.336 2.044
6.1029 -6.3767 2.1202
6.06 -6.0863 1.9631
6.0077 -6.1601 1.7607
6.0315 -6.5957 1.4418
5.9886 -7.0551 1.2989
6.1314 -7.3717 1.199
5.7482 -6.4648 1.1347
6.5337 -7.2051 0.63005
6.3957 -7.0194 0.63957
6.4766 -7.1599 0.91331
6.7289 -7.4812 0.94426
6.8789 -7.7336 1.0538
6.817 -7.8169 0.83714
6.8598 -7.8954 1.1418
6.7003 -7.6693 1.1942
6.6289 -7.4074 1.4275
6.5599 -6.9956 1.4965
6.6123 -6.7981 1.5179
6.7956 -8.3977 0.5515
6.7551 -8.4072 0.32536
6.7051 -8.2072 0.27061
6.667 -8.0168 0.7943
6.6789 -7.9883 1.3085
6.7432 -7.7526 1.5132
6.7789 -8.1763 1.1014
6.7122 -8.1692 0.90855
6.7908 -8.262 1.0657
6.9479 -8.3739 1.1347
6.7694 -8.193 1.318
6.4552 -7.7716 1.418
6.4004 -8.4977 1.0252
6.4433 -8.2834 1.2656
6.2909 -8.1501 0.75621
5.9267 -8.0025 1.2989
6.0934 -7.6312 1.0918
5.872 -7.655 1.3013
6.0719 -7.7121 1.4727
5.872 -7.605 1.6393
5.7887 -7.605 1.118
5.5911 -7.674 1.0157
5.6006 -7.4289 0.78239
6.0791 -7.8526 1.0657
6.1076 -7.6264 0.72527
6.0719 -8.1335 1.0085
5.7577 -8.4834 0.87999
5.6482 -8.6333 0.53008
5.8791 -8.3477 0.40154
6.26 -8.3905 0.46819
5.7815 -7.7502 -0.010269
5.9434 -7.8335 -0.31972
5.9743 -7.3955 -0.1769
5.9482 -6.6124 -0.76961
6.886 -7.4931 0.4539
5.841 -8.6143 -1.0672
6.1505 -6.153 -1.6456
6.06 -7.6978 -2.6096
6.1981 -8.3596 -2.5644
6.21 -9.0761 -2.2502
6.0077 -9.1546 -2.4121
5.7292 -8.9142 -2.5858
6.1433 -7.943 -1.3766
6.0291 -8.3025 -1.3695
5.722 -8.6429 -1.7575
5.6268 -8.7547 -1.9241
5.5816 -8.6905 -2.0145
5.8577 -8.6071 -2.0479
6.2409 -7.3551 -0.35304
5.941 -7.4312 -0.87672
5.8482 -8.0287 -1.3766
6.2624 -8.1097 -1.3909
6.7646 -8.112 -1.4647
6.8622 -8.5143 -1.2671
6.0457 -7.9359 -0.7101
6.2362 -8.7119 0.29442
6.2624 -8.5119 -0.062637
6.3314 -8.5738 -0.53157
6.8836 -8.2263 -0.39113
6.917 -7.8169 -0.52681
6.7575 -8.2977 -2.3502
6.5313 -7.7716 -1.0505
6.3195 -7.0385 -1.5242
6.0362 -7.1337 -1.4337
6.1291 -6.9337 -1.617
6.2719 -7.2622 -1.2147
6.1243 -7.7431 -1.3457
6.0434 -7.8073 -1.5385
6.0695 -8.4429 -1.3457
6.3552 -9.1832 -0.67439
6.3861 -9.9473 -0.40065
6.0124 -10.05 -1.5218
6.5861 -8.2525 -0.77437
6.4385 -9.2379 -0.92671
6.2814 -9.5522 -1.2052
6.2695 -9.107 -1.4718
6.3314 -8.2953 -1.179
6.5028 -7.5336 -1.0195
7.8905 -7.4289 0.044479
8.0833 -7.4931 0.020676
8.4095 -7.0575 -0.031693
8.6808 -6.6552 -0.28401
9.0664 -6.4696 -0.46016
9.3806 -6.3791 -0.36494
9.8948 -6.1887 -0.3221
9.8805 -6.0982 0.20158
9.7853 -5.9126 0.5872
9.652 -5.8364 0.72765
9.5211 -5.6341 0.87999
9.5187 -5.3698 0.79668
6.7837 -7.1956 1.7298
6.3052 -8.412 1.9678
5.8148 -8.6214 2.1083
5.5006 -8.6095 2.1725
5.3911 -8.4096 1.8893
5.5459 -8.2549 1.4084
6.31 -8.6071 0.032578
6.1767 -8.7595 0.63243
5.9315 -8.8571 0.93236
5.7625 -8.7404 1.1204
5.6673 -8.6119 1.1656
5.7934 -8.281 0.99663
6.6075 -7.6788 0.22063
7.274 -6.441 0.81334
7.3859 -6.4339 0.84904
7.4478 -6.4791 0.8062
7.493 -6.4267 0.92284
7.662 -6.3506 0.9395
8.169 -5.5746 0.66338
8.1809 -5.5555 0.60863
8.1286 -5.546 0.67766
8.131 -5.3722 0.77763
8.0595 -5.2984 0.91808
8.1214 -5.1199 1.1633
8.688 -4.7319 1.168
8.8189 -4.6605 1.1633
8.8974 -4.6176 1.0609
8.9236 -4.57 1.0204
8.9641 -4.5105 0.95854
9.0022 -4.4724 0.89427
9.4544 -3.3727 0.24443
9.5497 -3.4251 0.12065
9.6544 -3.4203 0.042099
9.7139 -3.3989 -0.048355
9.7805 -3.4632 -0.072159
9.7686 -3.487 -0.16975
9.7972 -3.5441 -0.16499
9.9162 -3.5298 -0.21736
9.9377 -3.4822 -0.28401
9.8662 -3.5274 -0.3102
9.8115 -3.606 -0.35066
9.8091 -3.6084 -0.28163
9.5092 -3.4679 0.0087738
9.5401 -3.1299 0.080185
9.5449 -2.8228 0.19206
9.6306 -2.6729 0.13969
9.6687 -2.5729 0.23491
9.6734 -2.5205 0.19682
9.6258 -2.4872 0.21825
9.8186 -2.1587 0.18254
9.8662 -2.0635 0.11589
9.7972 -2.0373 0.032578
9.6806 -2.1278 0.0087738
9.5639 -2.2039 0.032578
9.4973 -2.2301 -0.026932
9.6044 -2.0492 0.0063934
9.5401 -2.0421 -0.053116
9.5568 -2.1254 -0.01741
9.5544 -2.2087 -0.074539
9.5996 -2.2373 -0.1031
9.6853 -2.2825 -0.10548
9.5258 -2.2801 -0.019791
9.5116 -2.2777 -0.010269
9.5211 -2.3063 -0.069778
9.5497 -2.2658 -0.0055084
9.5854 -2.3039 -0.01741
9.6496 -2.323 -0.069778
9.5735 -2.4634 0.061142
9.633 -2.4039 -0.041214
9.6234 -2.3515 -0.038834
9.6782 -2.3182 -0.029312
9.6996 -2.2825 0.0087738
9.6949 -2.2563 -0.00074768
9.6163 -2.2254 0.044479
9.6496 -2.1897 0.034958
9.6639 -2.1944 0.04924
9.7068 -2.2301 0.037338
9.7306 -2.2111 -0.01503
9.6925 -2.2063 -0.0078888
9.5258 -2.3015 -0.01741
9.5758 -2.2682 -0.08168
9.6353 -2.2563 0.032578
9.6734 -2.2801 0.032578
9.6711 -2.2468 0.011154
9.7115 -2.223 -0.0078888
9.6234 -2.1587 0.15636
9.6092 -2.1968 0.17302
9.6211 -2.1968 0.1754
9.7068 -2.1706 0.1516
9.6949 -2.1849 0.22063
9.6639 -2.1897 0.22777
9.6472 -2.1873 0.15874
9.6258 -2.2016 0.099228
9.6115 -2.2254 0.054001
9.6377 -2.1587 0.15874
9.6139 -2.1349 0.13969
9.6211 -2.1111 0.18254
9.6663 -2.1516 0.14684
9.6615 -2.2111 0.15398
9.6687 -2.2063 0.19206
9.652 -2.2301 0.12779
9.6639 -2.2539 0.1754
9.6449 -2.2611 0.15874
9.6377 -2.3372 0.15874
9.6425 -2.3087 0.096848
9.6425 -2.323 0.15874
9.6853 -2.3325 0.17302
9.6591 -2.323 0.10399
9.633 -2.3182 0.099228
9.7091 -2.1302 0.15636
9.7187 -2.1492 0.18254
9.7068 -2.1183 0.092087
9.6758 -2.1087 0.056381
9.6139 -2.1254 0.13493
9.5758 -2.1278 0.13017
9.683 -2.3039 0.14207
