9.6461 -1.8421 -0.36256
9.6818 -1.8469 -0.33162
9.721 -1.8457 -0.35423
9.6782 -1.8719 -0.34233
9.6556 -1.8647 -0.3709
9.6496 -1.8695 -0.33638
9.6734 -1.8517 -0.33162
9.7008 -1.8481 -0.32091
9.6508 -1.7755 -0.36494
9.7127 -1.835 -0.35542
9.6711 -1.8826 -0.31972
9.6294 -1.8993 -0.31496
9.6818 -1.8814 -0.40898
9.6889 -1.8921 -0.40303
9.7044 -1.8862 -0.33519
9.727 -1.8993 -0.38756
9.6461 -1.8933 -0.30544
9.602 -1.879 -0.334
9.6461 -1.8088 -0.37209
9.6651 -1.8445 -0.29472
9.7139 -1.8505 -0.33162
9.7472 -1.8814 -0.37804
9.6544 -1.9088 -0.33995
9.7079 -1.9314 -0.34947
9.6865 -1.9409 -0.34114
9.6306 -1.9159 -0.32567
9.6639 -1.8671 -0.34947
9.6699 -1.8398 -0.3828
9.6949 -1.7993 -0.36256
9.6401 -1.8909 -0.42207
9.677 -1.8814 -0.33638
9.6949 -1.8981 -0.35899
9.6925 -1.8897 -0.334
9.6353 -1.8671 -0.30305
9.633 -1.879 -0.35185
9.6258 -1.9064 -0.36375
9.6913 -1.9397 -0.36494
9.6877 -1.91 -0.28639
9.6151 -1.9826 -0.31496
9.6508 -1.9683 -0.24831
9.6258 -2.029 -0.27806
9.6413 -2.1528 -0.2495
9.6627 -2.0849 -0.33757
9.5818 -2.2956 -0.19237
9.6092 -2.4384 -0.01503
9.6342 -2.58 -0.01741
9.6758 -2.7502 0.05162
9.602 -4.0083 -0.20665
9.5675 -4.3082 0.21349
9.2438 -4.5712 0.29442
9.0879 -4.7819 0.018295
8.7867 -4.7533 0.12779
8.5689 -5.1044 0.32655
8.4499 -4.9783 0.19682
8.2702 -5.3377 0.073044
8.2297 -5.0152 0.018295
8.3499 -4.6676 0.27895
8.5178 -4.4094 0.55864
8.5642 -4.4058 0.59435
8.7451 -4.357 0.49794
9.02 -4.257 0.44438
9.0676 -4.1082 0.87642
9.4009 -3.7226 0.98592
9.7032 -3.4263 0.99425
9.4211 -4.2201 1.1906
9.533 -4.0428 1.218
9.4532 -3.6976 1.1561
9.4306 -3.2097 1.1085
9.4735 -3.1501 1.3489
9.2438 -3.1656 1.5536
9.3759 -3.3846 1.6334
9.2509 -3.0168 2.4356
9.2973 -3.1894 2.6046
9.1807 -3.512 2.9462
9.245 -3.387 3.3056
9.2557 -3.6726 3.3675
8.9915 -3.8214 3.5746
9.2973 -4.6831 3.9435
9.114 -4.9307 3.9281
8.6915 -5.1651 4.2006
8.3547 -5.6114 4.3006
7.7239 -5.5734 4.7326
7.6537 -5.521 5.1159
7.6513 -5.7805 5.4336
7.0348 -6.4803 4.1649
7.1598 -7.1147 3.8697
7.0657 -7.7288 3.9162
6.9562 -7.6669 3.6222
6.8563 -7.4217 3.0949
6.667 -7.7288 3.0723
6.7384 -7.9323 2.6355
6.9146 -7.5098 2.2737
6.9324 -7.417 2.2654
6.9372 -7.4717 2.2487
6.6694 -7.4336 2.2606
6.3933 -7.1016 2.3308
6.3826 -6.9052 2.2047
6.3659 -7.0302 2.1202
6.3695 -7.0028 1.9642
6.2945 -6.8385 1.9714
5.6685 -6.6826 2.0261
4.8044 -6.9683 1.7822
4.8401 -6.6731 1.631
4.9674 -7.0337 1.5774
5.1924 -7.3539 1.6548
5.2578 -7.386 1.7084
5.2888 -7.3265 1.5298
6.1957 -6.7802 2.4058
6.473 -7.317 2.1463
6.5111 -7.6026 2.3975
6.3421 -7.4753 2.8152
6.4242 -7.2206 3.0592
6.5611 -7.0349 3.202
6.5063 -7.0647 3.4365
6.5254 -7.4312 3.577
6.3861 -7.0611 4.0185
6.4849 -7.3063 4.1459
6.6182 -7.7038 4.2958
6.4254 -7.4063 4.5505
6.4326 -7.123 4.6279
6.5266 -7.6621 4.4613
6.3957 -7.4301 4.585
6.0565 -7.148 4.6243
5.9672 -7.2777 4.4613
6.0184 -7.1587 4.3779
6.0327 -7.1373 4.585
5.8625 -7.3289 4.7195
5.5352 -7.0873 4.9552
5.528 -7.3836 4.9088
5.5935 -7.0968 4.7659
5.3888 -7.1635 4.8088
5.2912 -7.0635 5.0885
5.453 -7.1099 4.785
5.3328 -7.054 4.635
5.4042 -7.0789 4.7005
5.3662 -6.6136 4.735
5.4792 -6.4362 4.8362
5.5149 -6.5386 4.8719
5.3531 -7.0932 4.7671
5.0972 -7.0278 4.9445
5.1341 -7.386 4.6886
4.9651 -7.411 4.4505
5.0865 -7.1087 4.0911
5.284 -7.6014 3.6103
5.3174 -8.1049 3.3496
5.2126 -8.2882 2.889
5.1198 -8.2322 2.4796
5.2424 -8.5905 2.3403
5.2233 -8.2061 2.0845
5.5911 -8.4643 -0.14238
5.4614 -9.7021 -0.73866
5.3733 -9.9723 -0.41374
5.4911 -9.3082 -0.1757
5.1222 -8.8833 0.34679
4.8282 -8.8452 -0.95409
5.2293 -7.9466 -0.30424
5.1162 -7.7931 -0.722
5.5149 -9.2594 -1.8479
5.2686 -9.8854 -2.174
5.0579 -9.0047 -1.4433
5.2186 -9.1677 -1.0517
5.4245 -10.258 -2.0217
5.6851 -9.42 -2.5727
5.8006 -10.126 -3.1131
5.3412 -9.4272 -2.6275
5.484 -7.6288 -2.0562
5.6458 -8.4358 -1.9443
5.1257 -8.3536 -1.9324
5.434 -7.8133 -1.0303
5.4411 -8.0204 0.061142
5.3185 -8.3536 0.44319
5.2959 -8.4596 0.81096
5.1329 -8.5464 0.88832
5.1638 -8.1608 0.92165
5.1245 -9.0178 -0.0031281
5.265 -8.7881 0.05162
5.4768 -8.1715 0.42058
5.2221 -8.043 0.16469
5.2983 -8.6369 -0.24236
5.2031 -8.6214 -0.069778
5.3721 -8.7071 0.1028
5.4042 -8.7285 0.75264
5.3031 -8.2513 1.3727
4.9567 -8.5048 1.8083
5.4388 -8.6083 -2.1609
5.5554 -8.6571 -1.7777
5.3673 -8.4953 -1.5373
5.1317 -8.0906 -1.5813
5.1317 -8.8964 -1.1981
5.0674 -8.5988 -1.185
5.1519 -7.8811 -0.59465
5.7732 -7.2575 -0.88744
5.4887 -8.7036 -0.047165
5.653 -8.6774 -0.71962
6.0945 -8.6333 -0.45897
5.7839 -8.4619 -0.29234
5.7065 -8.6298 -0.2126
5.2662 -8.1299 0.27895
5.5363 -8.0394 0.36107
5.7589 -8.4762 0.34203
5.7292 -8.9975 -0.01503
5.5661 -8.988 0.24086
5.4126 -9.032 0.27419
5.4364 -8.7238 0.17183
5.2828 -8.5369 0.26228
5.2269 -8.7214 -0.0186
5.5292 -8.9321 0.18968
5.4911 -8.8166 0.3694
5.5756 -8.5762 -0.07811
5.2043 -8.1573 0.5753
5.7077 -8.4619 0.9752
5.7303 -8.1977 1.3513
5.6304 -7.4741 1.3537
5.7994 -7.0194 0.41344
6.2397 -7.8597 -1.7979
6.0779 -9.1165 -3.5606
5.7661 -8.1953 -1.0945
5.3733 -9.376 -1.6813
4.8568 -8.4381 -1.2493
5.0936 -7.5288 -0.65892
5.3316 -8.4191 -0.50182
5.4733 -8.4869 -0.47444
5.6661 -9.1642 0.47414
5.3911 -9.1082 -0.18285
5.5602 -8.8618 -0.39232
5.5994 -8.3715 -0.095963
5.5066 -8.4798 0.19801
5.4864 -8.2739 0.15041
5.5542 -8.3275 0.12065
5.5137 -8.5714 -0.24117
5.8196 -8.1561 -0.58037
5.0008 -7.3491 1.1371
5.2781 -7.4265 0.90974
5.1591 -6.9647 0.91212
5.6125 -8.1358 0.31703
6.3671 -9.3796 -1.0541
6.3838 -9.7509 -2.806
5.8339 -9.3903 -3.2988
5.5828 -7.3194 -2.668
5.6399 -6.9802 -1.6087
5.9374 -8.7357 -2.5656
5.5078 -10.57 -2.8227
5.3019 -9.8247 -1.5992
4.8746 -8.2239 -0.92195
5.2995 -8.0644 -1.3016
5.4602 -8.4012 -1.0172
6.2552 -8.9499 -1.1588
6.2493 -7.8764 -0.94099
6.5551 -8.2263 -0.21855
5.1626 -7.655 0.10161
5.9839 -8.1311 -0.094772
4.9246 -7.8062 -0.5399
5.4233 -7.1801 -0.73271
5.8755 -8.775 -0.73985
5.841 -9.0118 -0.28639
5.8029 -8.8749 -0.37328
5.6708 -8.4536 -0.57918
5.8863 -8.4262 -1.2766
6.1826 -8.5917 -1.5337
6.2647 -9.3736 -3.0393
6.2433 -8.4334 -3.175
5.6958 -6.5993 -2.3216
6.1719 -7.3646 -1.5456
6.0862 -8.9106 -0.88744
4.8353 -8.1811 -0.75175
5.3602 -8.2215 -0.44469
5.5233 -8.4596 0.39677
5.2007 -8.9725 0.36107
5.3078 -8.2346 0.53008
6.0636 -8.4608 -0.91719
6.4599 -8.2191 0.46581
6.3064 -7.2253 0.68361
6.1886 -8.024 0.17064
6.0469 -8.1061 0.59196
5.9755 -7.8597 -0.40541
6.811 -8.7845 -2.0229
7.0705 -9.9949 -2.5108
6.6635 -9.3332 -2.5906
7.0848 -7.1349 -0.91362
7.3645 -7.893 -1.016
7.8703 -9.3344 -3.2369
8.3535 -8.1608 -3.4356
7.7227 -7.9752 -2.5846
7.6525 -7.4408 -1.3528
7.7549 -6.4196 -0.21022
7.8977 -5.5198 0.58363
8.2393 -5.1687 0.3325
8.7308 -5.5508 -0.60298
8.8046 -5.9661 -0.93266
8.9046 -6.2518 -0.46849
8.1857 -6.7159 -0.36732
7.9191 -6.4577 -0.81721
8.1488 -6.9659 -0.86363
7.499 -7.2289 0.3575
6.9384 -7.0718 0.80858
7.005 -6.5374 0.11351
7.0574 -6.6314 -0.73866
6.6313 -7.5598 0.29204
5.4388 -6.7647 2.7664
5.5173 -6.5279 2.4094
6.06 -6.8064 1.7619
6.7718 -7.1492 1.3965
7.0574 -7.2325 1.3144
6.9669 -7.3515 1.4001
6.9896 -7.4979 1.6822
7.8013 -6.998 1.2109
8.2976 -7.0611 1.218
8.5737 -6.6457 1.0002
8.4761 -6.1006 0.77882
8.4642 -5.665 0.54793
8.5963 -5.7686 0.36583
9.0212 -4.4701 0.031387
9.3259 -4.2963 0.083755
9.458 -3.963 -0.0043182
9.533 -3.6322 -0.07692
9.633 -3.4072 -0.18642
9.8115 -3.2596 -0.28758
10.459 -3.1513 -1.2612
10.626 -3.1585 -1.373
10.845 -3.1073 -1.5254
10.809 -3.018 -1.4397
10.264 -2.9204 -1.2754
9.5187 -2.7038 -1.0112
9.1426 -2.4122 -0.74818
9.239 -2.1635 -0.50301
9.2878 -1.9612 0.090897
9.483 -1.4006 0.42296
10.032 -0.83762 0.40749
10.448 -0.76501 0.26109
10.316 -0.59125 0.15279
10.011 -0.44843 -0.42445
9.9472 -0.55435 -0.032883
9.8817 -0.50674 -0.22688
9.5913 -1.0042 -0.43279
9.6008 -1.109 -0.51372
10.054 -1.5374 -1.1767
10.064 -1.5053 -1.104
9.9484 -1.3494 -0.87315
9.7246 -1.2946 -0.61012
9.4283 -1.1435 -0.42564
9.2235 -1.0554 -0.24831
9.2878 -0.95901 -0.11263
9.3735 -0.9126 -0.043594
9.6508 -0.85666 -0.065018
9.9377 -1.1233 -0.16737
10.019 -1.278 -0.35542
9.7032 -1.5184 -0.32924
9.6901 -1.5029 -0.51015
9.7139 -1.5125 -0.51253
9.6996 -1.5255 -0.55656
9.7401 -1.4672 -0.49706
