9.6972 -2.373 0.056381
9.6853 -2.3563 0.10399
9.6901 -2.3349 0.070663
9.6782 -2.3301 0.12065
9.6449 -2.2682 0.14922
9.7068 -2.2706 0.13255
9.7258 -2.1897 0.17778
9.7234 -2.2063 0.22539
9.6925 -2.0135 0.26585
9.6401 -1.8993 0.099228
9.5949 -1.8683 0.11351
9.6306 -1.8874 0.13969
9.6663 -1.9016 0.087326
9.7544 -1.9731 0.12065
9.6901 -1.9731 0.10161
9.6663 -1.9683 0.075424
9.702 -2.0135 0.065903
9.702 -2.0373 0.13969
9.6639 -1.9802 0.092087
9.652 -2.0468 0.19682
9.6877 -2.0159 0.10637
9.7091 -1.9254 0.12065
9.7139 -1.8921 0.21587
9.683 -1.9159 0.18016
9.702 -1.904 0.14207
9.6782 -1.9231 0.15874
9.5735 -1.9588 0.18254
9.652 -2.0064 0.22301
9.6996 -2.0064 0.13255
9.6972 -2.0397 0.12541
9.6853 -1.9873 0.15874
9.6568 -1.9707 0.19206
9.7044 -1.8993 0.16588
9.7234 -1.8279 0.12541
9.6758 -1.8136 0.089706
9.6377 -1.8064 0.11351
9.683 -1.8136 0.11589
9.6877 -1.8302 0.14684
9.702 -1.8731 0.084946
9.6711 -1.935 0.080185
9.7448 -1.9445 0.13731
9.7258 -1.9778 0.065903
9.7234 -2.023 0.17778
9.702 -1.9921 0.10637
9.7591 -2.0326 0.087326
9.7567 -1.7802 0.056381
9.7329 -1.7969 0.070663
9.7377 -1.8326 0.13255
9.6949 -1.8207 0.11827
9.683 -1.8017 0.092087
9.6853 -1.9207 0.11827
9.7068 -1.9135 0.058762
9.7139 -1.9445 0.12779
9.6996 -1.9754 0.013535
9.7139 -1.9516 0.077805
9.6734 -1.9516 0.018295
9.7044 -1.8874 0.0016327
9.6163 -1.9731 0.075424
9.6234 -1.935 0.0040131
9.6115 -1.9826 0.094467
9.6449 -1.9778 0.075424
9.6472 -1.9992 0.0087738
9.6687 -2.0468 0.11113
9.6449 -2.0873 0.21825
9.6639 -2.1659 0.11113
9.5735 -2.2587 0.15636
9.6377 -2.4229 0.31108
9.7425 -2.4491 0.31108
9.7282 -3.0466 0.57292
9.1878 -4.1416 0.93236
9.1831 -4.1701 1.0181
9.2283 -4.1797 1.0419
9.4044 -4.5367 0.93236
9.6115 -4.9818 0.92046
8.907 -4.8914 0.73241
8.8451 -5.0437 0.57768
8.8046 -5.4365 0.52769
8.6999 -5.7126 0.53722
8.6284 -5.6721 0.54912
8.6903 -5.5055 0.73003
8.2143 -4.57 0.78239
8.4166 -3.744 1.4299
8.3309 -3.537 1.387
8.2857 -3.6488 1.4299
8.2643 -3.7155 1.3418
8.4452 -3.675 1.2751
8.9498 -3.2204 2.3915
8.7308 -3.7345 2.7295
8.7427 -3.7821 2.839
8.7808 -3.6774 2.8081
8.8213 -3.8321 2.8129
8.9212 -4.0535 2.8295
8.7998 -2.7443 3.4389
8.7832 -2.9419 3.6127
8.8498 -3.3632 3.527
8.8736 -3.6726 3.3841
8.8712 -3.7131 3.1794
8.8546 -3.4917 3.0556
8.8831 -3.0894 3.039
9.3354 -3.0585 3.6603
9.264 -3.4346 3.7983
9.2569 -3.337 4.0268
9.2331 -3.0038 4.2077
9.0998 -2.9419 4.303
9.0974 -3.4394 4.3244
9.7948 -2.8705 3.834
9.552 -3.3965 3.5079
9.3664 -4.0107 4.2768
9.2116 -4.2344 4.4839
9.0879 -3.9369 4.541
6.5599 -6.2125 5.6074
6.5599 -8.4667 3.8007
6.8051 -8.6381 3.2675
6.8146 -8.9428 2.5367
6.7265 -9.0713 2.7771
6.5266 -9.1403 3.0795
6.5266 -9.2975 3.665
6.3695 -7.0075 3.3365
6.398 -6.9909 2.5296
6.4004 -6.7862 1.8417
6.598 -6.5767 1.6322
6.7765 -6.5148 1.1752
6.7503 -6.6933 1.418
6.1743 -7.0028 2.3249
6.2838 -6.5529 1.8869
6.2576 -6.4243 1.237
6.1291 -6.829 0.96568
6.0648 -7.0147 0.80144
6.1552 -7.0528 0.9514
6.6075 -6.5505 1.5346
6.7622 -6.0863 1.149
6.6765 -5.8055 0.63243
6.7289 -6.1316 0.11827
6.5456 -6.9528 -0.10786
6.3338 -7.4122 0.19206
6.7313 -6.5077 0.80382
6.7265 -6.3029 0.80144
6.5171 -6.2672 0.95378
6.2814 -6.2696 0.72289
6.2647 -6.4315 0.94426
6.4456 -6.4124 1.0538
7.2121 -7.705 0.83714
7.2288 -7.7859 1.0657
7.2597 -7.8597 1.2561
7.2359 -7.9549 1.4584
7.2312 -7.993 1.4846
7.2145 -7.8264 1.3632
6.9479 -8.1263 1.0514
6.8503 -8.4929 0.90855
7.086 -8.5048 0.73479
7.3383 -8.0454 0.23015
7.5882 -7.6455 0.19206
7.4192 -7.2908 0.30156
6.8955 -7.7931 0.93474
6.5432 -7.0313 0.96568
6.3219 -6.6814 1.0966
6.7837 -6.6148 0.97758
6.8479 -7.1742 1.0014
7.0312 -7.6241 0.78001
6.6099 -7.7978 0.65147
6.8432 -7.6479 0.39677
6.8575 -7.8692 0.91093
6.3719 -7.6812 1.0276
6.3147 -7.5455 0.68956
6.3885 -7.705 0.74669
5.7958 -8.212 0.71098
5.8577 -8.5548 0.51103
5.9291 -8.7238 0.44438
6.2862 -8.5048 0.29442
6.4314 -8.1049 0.2849
6.4314 -8.1382 0.037338
6.3076 -7.8526 0.14684
6.3623 -7.5027 0.40154
6.3266 -7.3075 0.62529
6.1029 -7.2027 0.68242
6.1552 -7.1385 0.60149
6.3766 -7.4027 0.24443
7.3907 -8.1406 0.18968
6.7289 -6.9099 0.62767
6.2267 -5.7531 1.4465
6.1243 -5.4508 1.6203
6.2386 -6.1435 1.3822
6.3766 -6.7885 1.0038
6.5813 -7.1599 -0.64107
6.867 -7.6003 -1.16
6.7361 -8.0478 -1.1719
6.3861 -8.5667 -1.2028
6.1624 -8.7095 -0.89339
6.1338 -8.6786 -0.92433
6.21 -6.8314 -1.8194
6.6861 -6.541 -2.7453
6.598 -7.0099 -2.9667
6.5004 -7.6455 -3.1738
6.7718 -8.0977 -3.0571
7.0312 -8.5595 -2.8524
5.922 -6.7552 -4.4473
6.0957 -7.6264 -4.5282
6.0553 -8.0454 -4.1973
5.9362 -7.8407 -3.9379
6.0124 -7.1075 -3.1262
6.3385 -6.2696 -3.2404
6.1481 -7.0694 -2.8572
5.9267 -7.0623 -2.4192
6.0267 -6.8576 -2.2074
6.2195 -6.9433 -2.3811
6.4933 -7.2289 -2.6311
6.6504 -7.4574 -3.0619
6.2409 -8.5453 -3.4118
6.16 -7.774 -3.8022
6.7099 -7.2527 -3.4023
6.867 -6.8242 -2.2859
6.8146 -7.098 -1.5908
6.1529 -7.3551 -1.6932
6.4076 -7.8264 -3.4261
6.21 -6.7647 -3.2928
6.3195 -6.4648 -3.5332
6.4671 -7.1932 -2.9619
6.4456 -7.8478 -3.1143
6.3266 -8.2882 -2.7025
6.4766 -7.7097 -2.981
6.4909 -7.4312 -2.4573
6.4647 -7.2242 -2.2716
6.3457 -7.198 -2.1597
6.2719 -7.4669 -2.1169
6.3528 -7.6169 -2.2193
5.8506 -6.9314 -1.5599
6.6289 -8.0597 -2.4192
6.7813 -7.9597 -2.0074
6.7456 -7.5741 -1.6646
6.6194 -7.5217 -1.2433
6.3933 -7.5788 -1.2362
6.0457 -7.9264 -1.1433
6.041 -7.7788 -1.5242
6.6504 -6.8219 -1.1433
7.1264 -6.3029 -0.98622
6.9455 -7.1028 -1.0886
6.5742 -7.7526 -1.3219
7.174 -7.1575 -2.812
6.5551 -8.4024 -2.0669
5.972 -7.7169 -1.9027
5.8482 -6.9123 -1.9907
6.1172 -7.2789 -2.0217
6.4385 -8.5334 -1.867
6.1529 -7.2837 -1.8027
6.5623 -7.605 -1.867
6.7503 -7.9597 -1.986
6.6789 -8.4072 -1.7741
6.2909 -8.45 -1.7955
6.1457 -8.4262 -1.5932
6.2124 -8.2501 -1.398
5.6673 -7.0456 -0.4911
5.6363 -7.555 -0.60774
6.2243 -7.7621 -0.68391
6.8527 -7.6978 -0.78151
7.0788 -7.4122 -0.78627
6.4742 -9.2165 -2.1121
6.4456 -9.1332 -2.1574
6.4337 -8.531 -1.8432
6.3576 -7.8549 -1.2195
6.1624 -7.1884 -1.1862
6.0719 -7.1194 -1.0767
7.693 -7.1718 -2.5311
8.1667 -7.0337 -0.92909
8.2214 -6.7814 -1.0672
8.2762 -6.4791 -1.2243
8.3071 -6.0744 -1.298
8.2643 -5.6222 -1.2457
9.3283 -6.0459 -1.2719
9.3521 -6.4934 -1.2385
9.1664 -7.0813 -0.80531
8.8784 -7.4527 -0.4673
8.6237 -7.4622 -0.5649
8.5832 -7.1932 -0.52919
9.0284 -6.0792 -1.7575
6.9074 -5.9102 1.5774
6.6837 -5.765 1.8726
6.4671 -5.7888 2.1702
6.2576 -5.7745 2.2225
6.1457 -5.834 1.9416
6.7718 -5.7959 1.9202
6.6266 -5.6269 2.1011
6.498 -5.615 2.194
6.3861 -5.7935 3.0271
6.4099 -5.9126 3.784
6.4337 -6.0697 3.8983
6.6385 -5.227 2.5653
7.5501 -6.3696 2.3891
7.6311 -6.5648 2.194
7.7287 -6.6219 1.9012
7.8905 -6.6148 1.7869
7.95 -6.5362 1.6536
7.9381 -5.3817 1.3085
8.1833 -5.4008 1.3584
8.5523 -5.4889 1.4037
8.7808 -5.4603 1.168
8.8974 -5.3865 1.0514
8.826 -5.1628 0.9157
9.2569 -5.0056 1.318
9.1736 -3.4632 0.23729
9.1831 -3.4798 0.063522
9.1783 -3.3727 -0.08168
9.1712 -3.3799 -0.30544
9.2354 -3.337 -0.41969
10.107 -4.0178 -0.70058
10.199 -4.0606 -0.80769
10.235 -4.0606 -0.93385
10.257 -3.9583 -1.1457
10.276 -3.9059 -1.1552
10.314 -3.8845 -1.3266
9.9519 -3.944 -1.3242
9.7234 -3.4798 1.9726
9.383 -3.1156 1.5655
9.2735 -2.7324 1.0514
9.264 -2.5896 0.58006
9.4044 -2.799 0.25633
9.3973 -3.2085 -0.057877
9.9543 -2.4539 -0.35304
10.173 -2.3682 -0.55775
9.7948 -2.0945 -0.76009
9.6115 -2.2682 -0.87434
9.4735 -2.4777 -1.0553
9.4473 -2.5729 -1.3361
9.683 -2.1873 -0.89577
9.5711 -2.0278 -0.69344
9.4711 -1.935 -0.47206
9.464 -1.7969 -0.18404
9.4402 -1.7564 -0.08168
9.4568 -1.6136 0.04924
9.7663 -1.5755 0.099228
9.7544 -1.7445 -0.17213
9.7805 -1.7755 -0.16975
9.7258 -1.7493 -0.022171
9.8139 -1.5255 -0.065018
9.89 -1.5589 -0.0078888
9.7996 -1.9778 -0.1031
9.8829 -1.9731 -0.13167
9.9281 -2.0445 -0.036453
9.9234 -2.0468 -0.11024
9.8686 -2.0659 -0.10548
9.7948 -2.054 -0.067398
9.5687 -1.8921 -0.095963
9.7448 -1.8421 -0.13643
9.6925 -1.9231 -0.23164
9.7234 -1.9921 -0.17451
9.7139 -1.9064 -0.18642
9.6925 -1.9373 -0.10786
9.7353 -1.8945 -0.067398
9.7091 -1.9016 -0.11024
9.7448 -1.8921 -0.088821
9.7686 -1.8445 -0.091202
9.8305 -1.8255 -0.15071
