9.6853 -1.4756 0.52769
9.8662 -1.5136 0.38487
9.8877 -1.6327 0.26347
9.9019 -1.7231 0.21111
9.9496 -1.7874 0.094467
9.89 -1.7112 0.073044
9.752 -1.7517 0.54912
9.7401 -1.8183 0.62291
9.7258 -1.8969 0.54198
9.6996 -1.9778 0.62529
9.602 -2.0849 0.55864
9.5139 -2.104 0.2968
9.4878 -2.173 0.25871
9.5282 -2.2349 0.29204
9.5687 -1.9826 0.27538
9.5187 -2.0016 0.13731
9.583 -2.0802 0.43724
9.5973 -1.8517 0.33012
9.6282 -1.7469 0.12541
9.7163 -1.804 0.37773
9.702 -1.5755 0.25395
9.7591 -1.5636 0.27538
9.8282 -1.5827 0.30156
9.5092 -2.1206 0.13017
9.5306 -2.2159 0.21587
9.5401 -2.242 0.20634
9.5044 -2.2087 0.22301
9.6163 -2.1801 0.25157
9.6496 -2.1325 0.20158
9.6663 -1.8802 0.43486
9.6782 -1.8564 0.35393
9.652 -1.8826 0.29442
9.652 -1.8683 0.27299
9.6068 -1.8683 0.20872
9.6306 -1.8826 0.24681
9.6687 -1.854 0.21587
9.7925 -1.8588 0.20396
9.7972 -1.8064 0.19206
9.7639 -1.854 0.21111
9.752 -1.8183 0.24681
9.7377 -1.8302 0.25157
9.6782 -1.7898 0.37059
9.7044 -1.7303 0.32298
9.6734 -1.7136 0.2849
9.7115 -1.6993 0.35869
9.7068 -1.685 0.31346
9.6734 -1.7041 0.33488
9.6853 -1.7088 0.3206
9.6877 -1.7112 0.33012
9.683 -1.7184 0.33012
9.7187 -1.7612 0.38725
9.7115 -1.7374 0.37059
9.721 -1.735 0.4301
9.6211 -2.2159 0.18492
10.123 -3.9083 0.79668
9.5973 -3.8345 0.84428
9.0879 -3.8226 0.90379
8.9022 -3.894 0.88713
8.9712 -4.2511 1.0157
8.8736 -4.9533 0.46342
8.6951 -4.9604 0.26347
8.6308 -5.008 0.30394
8.6499 -5.0461 0.32774
8.6261 -5.1366 0.4301
8.6475 -5.0794 0.32536
8.6237 -4.9438 0.51341
8.6951 -3.8654 1.6393
8.6094 -3.8012 1.7107
8.4618 -3.6274 1.7298
8.3976 -3.3894 1.5774
8.7451 -3.2299 1.7488
8.8641 -3.1252 1.7607
8.6403 -3.2965 1.8155
8.657 -3.2894 1.8726
8.6951 -3.1323 1.9059
8.7284 -2.9323 2.0154
8.8284 -2.7562 1.9107
8.7641 -3.0109 2.232
9.7448 -3.6726 2.1463
9.7044 -3.8393 2.1463
9.4997 -3.8274 2.2416
9.4997 -3.9178 2.3249
9.5092 -3.9702 2.1844
8.9688 -2.7752 2.9961
8.9712 -2.6586 3.2675
9.0522 -3.0585 3.3175
9.0307 -3.6346 3.2437
9.245 -3.8631 3.1866
9.2688 -3.8059 3.2104
9.0403 -3.1918 3.427
8.6523 -5.3437 4.2744
8.7189 -5.3794 4.5957
8.6903 -5.6412 4.7386
8.5237 -5.8888 4.7957
8.3142 -6.0316 5.0956
7.4716 -6.0316 6.3572
7.2716 -6.1506 6.4548
7.0622 -6.1839 6.431
6.936 -6.2434 6.3215
6.8717 -6.1935 6.2311
6.9574 -6.0744 5.9668
7.1003 -6.3196 4.5862
6.7242 -7.0147 2.8152
6.5623 -7.0623 2.7391
6.3885 -7.2027 2.5748
6.2743 -7.0313 2.651
6.2719 -6.4743 2.582
6.3433 -6.1577 2.9533
6.1981 -6.7362 2.363
6.1981 -7.048 2.3273
6.1457 -7.0742 2.2868
5.9958 -6.7695 2.401
5.872 -6.4101 2.6748
5.7649 -6.2292 2.6986
6.3076 -6.5172 2.3582
6.26 -6.6505 2.113
6.2719 -6.7885 2.194
6.2909 -6.8647 2.3415
6.1862 -6.8147 2.3344
6.1838 -6.7433 2.4272
6.0315 -6.3696 3.0604
6.1172 -6.3244 2.9723
6.1314 -6.4624 2.9557
6.1195 -6.5053 2.9057
6.2433 -6.9004 2.7272
6.3147 -7.4908 2.551
5.9839 -7.2503 3.0342
6.0434 -7.248 3.1889
6.0767 -7.5669 3.0985
6.1695 -7.7407 3.0366
6.1981 -7.6455 3.0318
6.1957 -7.3932 3.327
6.3742 -7.9359 3.4413
6.3028 -7.3527 4.2363
6.2933 -7.9525 3.8602
5.9458 -7.6455 3.5174
6.2005 -7.2051 4.2054
6.2647 -7.2741 3.9031
5.9601 -6.979 3.3461
5.9553 -7.048 3.4698
5.8886 -6.898 3.7364
5.7125 -6.7862 3.8793
5.722 -6.8814 3.9007
5.9196 -7.2194 3.715
6.2409 -7.5812 3.6079
6.3385 -7.8764 3.4984
6.0719 -8.2001 4.1292
5.1222 -8.2668 4.353
5.9672 -8.3596 3.5555
5.653 -8.6857 4.3339
5.4316 -8.162 3.0676
5.1388 -8.0311 3.3389
5.0984 -7.0885 3.7745
5.1626 -6.9361 4.1506
5.2007 -7.4289 4.1435
5.2697 -7.4789 4.4006
4.8936 -7.2908 4.0506
5.3864 -9.4093 -0.77675
5.4602 -9.2427 -1.0434
5.7077 -9.2403 -0.86006
5.7815 -9.326 -0.64107
5.5863 -9.0856 -0.45064
5.2436 -7.1599 -2.8048
6.2243 -7.6907 -3.2619
6.3957 -8.112 -3.6475
6.8384 -8.7119 -2.7667
6.4361 -8.8023 -3.419
5.7672 -9.1594 -3.6641
4.7603 -8.5453 -6.5015
5.2555 -9.1927 -5.9493
5.6458 -8.8119 -4.8543
5.891 -8.3524 -4.3902
5.991 -8.5762 -4.3878
5.7958 -8.3382 -4.5116
5.5816 -7.7264 -4.2902
5.0674 -8.4929 -2.6453
5.0888 -8.1382 -2.293
5.0484 -8.3144 -1.7146
4.8413 -8.5572 -1.9622
4.6889 -8.8047 -2.1026
5.2602 -8.1882 -0.9529
5.8029 -8.0906 -0.93385
5.7768 -7.7312 -0.67439
5.403 -8.0359 -0.46492
5.2697 -8.5857 -0.30305
5.4768 -8.6214 -0.17451
5.0674 -8.5357 -0.098343
5.3507 -8.7214 -0.26259
5.6411 -8.65 -0.24117
5.7054 -8.3358 -0.14119
5.4102 -8.1454 -0.41493
5.2959 -8.1549 -1.2695
5.5316 -7.8383 -3.388
5.7839 -7.9978 -3.4975
6.0148 -8.2453 -3.9212
5.9553 -8.2096 -4.3497
5.7649 -8.2715 -5.1376
5.6958 -8.5191 -5.4494
5.484 -8.9452 -5.1233
5.2626 -8.3786 -2.036
5.0055 -8.8499 -1.5194
4.7151 -8.5786 -0.9648
4.608 -7.9002 -0.96004
4.6508 -7.1313 -1.4742
5.1388 -9.1832 0.4063
5.3316 -8.4619 -0.54109
5.2031 -7.8383 -0.47206
5.2507 -7.5526 -0.42683
4.8841 -7.6217 -0.19594
5.0984 -8.1477 -0.08168
5.2483 -7.8573 0.54198
5.146 -8.024 0.49913
5.5602 -7.7883 0.50151
5.6887 -7.267 0.36107
6.06 -7.4741 -1.2457
5.9624 -9.2332 -3.419
5.9458 -6.7647 -2.224
5.7077 -6.3648 -1.2219
5.3435 -6.4648 -1.0862
5.3864 -7.2837 -1.2695
5.5506 -7.4598 -1.8146
5.5887 -7.8335 -2.443
5.8696 -8.4881 -2.7334
5.5197 -8.3191 0.60387
5.0127 -8.8785 0.77763
4.6151 -9.1761 0.66576
4.7056 -8.7095 0.56578
5.1769 -7.6717 1.3085
6.2481 -9.2213 -1.3219
5.972 -8.5762 -1.698
5.8172 -10.131 -1.1624
6.7122 -10.454 -2.2002
6.6742 -11.285 -2.6715
6.6837 -10.783 -1.8931
6.5361 -7.5883 -2.0645
6.7718 -8.0192 -2.0931
6.2909 -8.8428 -1.6218
5.3412 -8.7381 -1.6884
5.2459 -7.8669 -1.905
5.7196 -7.3598 -1.8098
5.9839 -9.357 -2.1098
6.1814 -9.1975 -1.8027
6.2552 -9.1451 -1.6861
6.1814 -8.9713 -1.8789
6.1386 -8.5238 -2.0574
6.2862 -8.0882 -1.8289
6.7146 -7.7859 -1.6908
8.3642 -6.6695 -0.093582
8.0643 -6.8481 -0.3578
7.7001 -6.9742 -0.45064
7.5597 -7.0028 -0.39827
7.5644 -7.2432 -0.35304
7.1788 -8.1763 0.89903
5.8006 -8.888 -1.7503
5.5697 -9.1618 -1.31
5.2864 -9.2927 -0.7101
5.146 -9.2332 -0.42445
5.1888 -9.0666 -0.35542
6.2576 -8.0501 0.1992
6.3052 -7.8121 -0.062637
6.2267 -7.5193 -0.21736
6.1291 -7.2813 -0.33876
5.972 -7.167 -0.37685
5.9362 -7.0813 0.23015
5.6339 -6.9004 0.91808
5.7077 -6.7719 0.73241
5.8077 -6.7576 0.55388
5.8958 -6.679 0.54674
6.0576 -6.779 0.41582
6.1505 -6.9695 0.37773
6.2933 -7.0789 0.45152
7.2835 -5.9507 1.7155
7.2835 -5.9268 1.8107
7.2954 -5.8697 1.8155
7.3407 -5.8031 1.7679
7.4145 -5.7983 1.7964
8.507 -5.2651 1.4061
8.4452 -5.1104 1.337
8.4166 -5.1247 1.3251
8.5428 -5.1056 1.337
8.607 -5.0414 1.318
8.6523 -4.9866 1.2585
8.638 -4.8604 1.2799
8.5927 -4.4034 1.0157
8.638 -4.332 1.0228
8.7189 -4.382 0.97282
8.8189 -4.4344 1.0585
8.8546 -4.4296 0.98949
8.9546 -4.3796 1.0419
9.9757 -3.2513 -0.13167
10.09 -3.2156 -0.16261
10.207 -3.1823 -0.21736
10.321 -3.1037 -0.32448
10.43 -3.1156 -0.41017
10.435 -3.0752 -0.54823
10.416 -2.93 -0.64583
10.338 -2.93 -0.66725
10.271 -2.9276 -0.64583
10.159 -2.899 -0.6244
10.054 -2.899 -0.58156
9.9734 -2.9062 -0.52919
9.821 -2.8371 -0.53871
9.6782 -2.83 -0.46254
9.5735 -2.7657 -0.43398
9.5473 -2.7181 -0.51253
9.602 -1.9207 -0.68391
9.6139 -1.3518 -0.42921
9.4759 -1.2018 0.042099
9.3735 -1.1494 0.17302
9.364 -1.2137 0.31822
9.6258 -1.2518 0.46342
9.7318 -1.2375 0.28609
9.6377 -1.2816 0.21944
9.6282 -1.378 0.12779
9.8329 -1.4291 0.029007
9.6675 -1.5101 0.024246
9.7175 -1.5636 -0.038834
9.7377 -1.6017 0.023056
9.7365 -1.6755 -0.0031281
9.7306 -1.7053 -0.0186
9.7425 -1.6672 -0.084061
9.7127 -1.6267 0.029007
9.6984 -1.5612 -0.073349
9.7032 -1.4756 -0.032883
9.7437 -1.4196 -0.011459
9.7865 -1.5267 -0.10548
9.7948 -1.5267 -0.0793
9.727 -1.5517 -0.11382
9.6699 -1.5636 -0.056686
9.6722 -1.4732 -0.057877
9.7056 -1.3899 -0.051926
9.7163 -1.3684 -0.053116
9.7377 -1.2911 -0.0078888
9.7722 -1.1233 -0.070969
9.7794 -1.6529 -0.099533
9.8246 -1.2173 -0.097153
9.7913 -1.4006 -0.023361
9.7675 -1.4041 -0.11143
9.7758 -1.4065 -0.040024
9.7437 -1.4184 -0.10191
9.7151 -1.4518 -0.043594
9.7032 -1.4387 -0.034073
9.696 -1.4089 -0.051926
9.7139 -1.4077 -0.087631
9.7472 -1.3934 -0.038834
9.7175 -1.4041 -0.00074768
9.7306 -1.4506 -0.050735
9.7103 -1.4422 -0.073349
9.7163 -1.4339 -0.042404
9.7163 -1.4279 0.0087738
9.7758 -1.4648 0.011154
