9.6544 -2.3301 -0.19832
9.6568 -2.2706 -0.12929
9.6639 -2.2849 -0.14595
9.6544 -2.242 -0.14595
9.6092 -2.1897 -0.13881
9.683 -2.2349 -0.11739
9.6234 -2.273 -0.15309
9.5973 -2.3611 -0.2007
9.5806 -2.342 -0.14357
9.5854 -2.3539 -0.2245
9.5925 -2.3944 -0.14595
9.5854 -2.3753 -0.10548
9.5877 -2.4015 -0.17928
9.6139 -2.4372 -0.19118
9.6139 -2.4539 -0.18642
9.6068 -2.4206 -0.19118
9.6639 -2.4491 -0.12691
9.5687 -2.392 -0.1888
9.533 -2.392 -0.22688
9.5758 -2.3563 -0.18404
9.6234 -2.3492 -0.16975
9.6996 -2.3301 -0.19594
9.7234 -2.342 -0.26021
9.5901 -2.4229 -0.16737
9.6377 -2.4158 -0.24117
9.5735 -2.3777 -0.18642
9.602 -2.3444 -0.16261
9.6044 -2.2849 -0.16023
9.5711 -2.2992 -0.14833
9.633 -2.3872 -0.10548
9.6663 -2.3872 -0.086441
9.6377 -2.4063 -0.14833
9.6234 -2.4087 -0.14833
9.5925 -2.4063 -0.15309
9.533 -2.3896 -0.069778
9.6996 -2.3301 -0.13405
9.6711 -2.2706 -0.13643
9.6258 -2.2587 -0.17213
9.6187 -2.3206 -0.21974
9.533 -2.3206 -0.13643
9.5735 -2.3325 -0.2126
9.6568 -2.342 -0.10548
9.5758 -2.3801 -0.19594
9.602 -2.3991 -0.13881
9.5806 -2.3753 -0.13405
9.5592 -2.3801 -0.15071
9.5425 -2.3515 -0.10548
9.6163 -2.3468 -0.11263
9.6115 -2.3825 -0.062637
9.602 -2.4015 -0.11977
9.6139 -2.4063 -0.095963
9.6187 -2.4539 -0.12929
9.6115 -2.4491 -0.15071
9.6472 -2.2801 -0.24355
9.6306 -2.2349 -0.20308
9.6353 -2.2539 -0.15547
9.6472 -2.2539 -0.16023
9.6068 -2.2397 -0.20546
9.6306 -2.2896 -0.2007
9.5187 -2.4896 -0.15547
9.5116 -2.4467 -0.19594
9.5354 -2.4682 -0.23878
9.5378 -2.561 -0.24355
9.583 -2.5943 -0.19594
9.5877 -2.4586 -0.24117
9.7615 -2.849 0.30394
9.6258 -2.9133 0.31584
9.4187 -2.8586 0.15874
9.1807 -2.9776 0.41582
9.145 -3.0704 0.25395
9.0617 -3.3537 0.075424
9.5282 -4.8771 0.4063
8.9331 -4.6486 1.2966
8.6784 -4.3368 1.1966
8.5547 -4.2487 1.2251
8.469 -4.5415 1.3632
8.3571 -4.8057 1.3775
8.8831 -5.2532 1.068
8.9379 -5.1818 1.3132
8.9593 -5.0675 1.3989
8.8831 -4.9866 1.4727
8.8474 -4.9509 1.4775
8.8808 -4.7914 1.5822
9.0284 -4.1773 1.7345
8.8522 -3.5536 2.1344
8.7332 -3.4013 2.1487
8.6499 -3.2656 2.2939
8.5475 -3.1252 2.4725
8.4951 -2.9823 2.3725
8.7689 -3.3775 2.4249
8.7022 -3.3965 2.4058
8.6737 -3.4846 2.5605
8.6951 -3.6465 2.582
8.8213 -3.7702 2.6843
8.9165 -3.7226 2.6224
9.0022 -3.3822 2.839
8.9855 -3.5536 2.8724
8.9926 -3.6488 2.8176
9.0736 -3.5584 2.8248
9.1236 -3.4108 2.7081
9.2212 -3.0823 2.6534
9.0998 -3.6012 4.2268
9.0426 -3.6964 4.341
8.9355 -3.6322 4.3268
8.8165 -3.4941 4.3387
8.7022 -3.3132 4.3125
8.6356 -3.1632 4.1958
8.4333 -3.3394 4.4791
8.2071 -3.0299 4.6672
8.2904 -2.9466 4.5101
8.5213 -2.6015 4.1554
8.8451 -2.3349 4.3077
8.7237 -2.1135 4.2863
8.3928 -3.8369 5.4789
8.5285 -4.263 5.5217
8.4404 -4.3153 5.5312
8.2333 -4.1178 5.6883
7.981 -3.9464 5.7978
7.8929 -3.7393 5.7598
7.6715 -4.7271 4.3053
7.4668 -4.9937 3.884
7.4668 -5.2532 3.7864
7.4597 -5.427 3.7293
7.3573 -5.5031 3.9364
7.1122 -5.4698 3.7912
6.5313 -7.5741 -2.2121
6.6432 -7.2694 -1.9336
6.6432 -7.2646 -1.4123
6.4599 -7.4193 -0.46968
6.26 -7.1456 0.065903
6.1076 -7.0409 0.16588
6.0553 -8.0382 -2.3264
6.0196 -8.1739 -2.1026
6.0791 -8.2049 -1.7622
6.0719 -8.2953 -1.6741
6.1053 -8.2763 -1.6861
6.1624 -8.243 -1.8908
6.16 -7.5074 -2.8596
6.1957 -7.3122 -2.5454
6.2671 -6.9266 -2.2692
6.26 -6.7814 -1.9169
6.0957 -6.6909 -1.6456
5.7839 -6.5624 -1.9788
5.5911 -6.7148 -2.4073
6.1124 -8.1596 -2.7763
6.4218 -8.262 -2.5097
6.567 -8.2049 -1.9479
6.5361 -7.8335 -1.4504
6.4218 -7.3027 -1.1528
7.0526 -7.1908 0.47771
7.274 -6.5481 0.35869
7.443 -5.7626 0.43724
7.1788 -5.3651 0.35155
7.0836 -5.4365 0.3087
7.1836 -6.0363 0.48961
7.0455 -6.5553 -0.12929
8.1214 -7.4717 -1.0338
7.812 -7.217 -1.6527
7.0265 -7.9954 -2.5477
6.8027 -9.2094 -2.3049
6.6361 -9.7569 -1.8527
6.448 -9.3022 -1.5575
7.2669 -6.8576 -0.13643
7.3383 -7.2408 -0.20308
7.224 -6.4839 -0.13643
6.7551 -6.2625 -0.050735
6.6646 -6.9718 -0.091202
7.0931 -7.7812 -0.36018
7.4049 -7.8311 -0.93147
7.0122 -7.555 -0.86244
7.2193 -7.098 -0.93385
7.3478 -7.3217 -0.87434
7.0526 -7.8669 -1.0957
6.9074 -8.0121 -0.95766
6.6051 -7.9216 -0.75056
6.5361 -8.1073 -1.2814
6.4695 -8.143 -1.1624
6.2838 -7.9049 -0.83388
6.0553 -7.8288 -0.79341
5.9862 -7.9478 -1.0648
6.3004 -8.0906 -1.8074
6.4647 -7.9883 -2.0764
6.5837 -7.7193 -2.0502
6.498 -7.6217 -1.7241
6.26 -7.455 -1.9074
5.9148 -7.455 -1.6741
5.941 -8.0763 -3.4999
6.698 -9.6259 -3.0333
7.2478 -9.3332 -2.9024
6.7813 -8.2549 -2.0431
5.7601 -7.0956 -1.8765
6.6765 -6.998 -3.4166
6.8051 -6.81 -3.6475
6.8908 -6.6148 -3.2214
6.7289 -6.2458 -3.1405
6.5432 -6.1006 -2.8286
6.4052 -6.1958 -2.8762
5.7696 -7.9954 -2.6311
6.6813 -7.2432 -3.0571
6.3195 -7.2003 -2.2716
6.2409 -7.0337 -2.3764
6.1481 -6.6457 -2.8072
6.3814 -6.2672 -2.9976
6.7622 -5.9721 -2.7548
6.9908 -6.0268 -2.6192
6.9527 -6.5291 -2.8072
6.6242 -7.4027 -3.2476
6.3623 -8.1216 -3.5213
6.4718 -8.4286 -3.0286
7.2526 -6.8028 -2.981
6.8955 -6.7981 -3.0119
6.8217 -6.7671 -2.8048
6.7551 -6.8242 -2.7406
6.748 -7.1527 -2.4168
6.6289 -7.7312 -2.2764
6.3362 -8.2787 -2.1954
6.2076 -8.3501 -2.5882
6.2243 -7.8407 -2.4192
6.4695 -7.2075 -2.2716
6.6742 -6.7909 -2.3407
6.7003 -6.829 -2.4097
6.6646 -7.0599 -2.8405
6.617 -7.3503 -2.5454
6.6908 -7.4789 -2.9286
7.0074 -7.2075 -1.836
6.8694 -6.7219 -1.4528
6.667 -6.6172 -1.1981
6.529 -6.6957 -1.0862
6.5337 -6.829 -1.2766
6.7908 -6.9623 -1.0457
6.9051 -6.9171 -0.88148
6.8051 -6.8147 -0.79103
6.9146 -8.0668 -2.7144
6.9646 -8.2382 -2.931
6.9098 -7.9549 -2.7977
6.7575 -7.4622 -2.7548
6.5432 -7.2099 -2.3454
6.4528 -7.1242 -1.7003
6.567 -8.143 -1.8931
6.5551 -8.1882 -1.7765
6.9479 -7.824 -0.89577
7.2383 -7.5122 0.19206
6.8241 -6.8338 -0.27687
6.4242 -6.3387 -0.33638
6.9527 -6.4339 -0.33162
6.9193 -6.6505 -1.0434
6.7575 -7.0742 -1.517
6.9717 -7.4669 -1.9336
6.7384 -4.7509 0.51817
6.4956 -8.3786 -1.7884
6.5266 -7.9525 -0.78865
5.6292 -7.7597 -1.5789
5.9267 -7.9954 -1.7527
7.0193 -7.2384 -0.87434
7.2478 -5.984 -1.1624
7.305 -5.4984 -0.94337
7.2264 -5.9578 -1.0053
7.2383 -7.3217 -1.448
7.1764 -8.4715 -1.836
7.0027 -8.9666 -2.3288
7.0098 -8.5667 -3.2833
8.8712 -6.0221 -0.62679
9.0426 -6.0744 -0.81483
8.7046 -6.7243 0.10637
8.2785 -7.0647 0.65385
8.031 -7.2194 0.74669
8.0548 -7.0313 0.51579
7.862 -6.9242 -1.2028
7.6549 -7.3551 -0.50301
7.3954 -7.7097 0.7086
6.8313 -7.6859 1.2442
6.5028 -7.5241 1.5322
6.5147 -7.3432 1.2989
6.6218 -7.0504 0.6729
6.8003 -7.0099 0.14684
6.9146 -7.0718 -0.084061
6.9289 -7.3051 -0.27211
5.7458 -6.5886 1.9488
7.2097 -5.5746 1.5275
7.5049 -5.6293 1.4775
7.8524 -5.7483 1.5465
8.0667 -5.9626 1.8559
8.3119 -6.0054 1.875
8.5166 -5.7626 1.706
8.9522 -5.2318 1.3346
9.0926 -5.0461 1.1609
9.2616 -4.9937 1.0252
9.3687 -5.1104 0.84666
9.5306 -5.1389 0.74907
9.6996 -5.0961 0.61815
9.7972 -4.9485 0.53246
9.7972 -4.7605 0.65623
9.8972 -4.6557 0.70384
9.8353 -4.6034 0.6729
10.804 -3.3822 0.75383
10.514 -3.8107 0.39201
9.3116 -2.7848 0.39439
9.6139 -2.7324 0.1635
9.8853 -2.5896 0.15398
10.135 -2.3349 0.24681
10.247 -2.0825 0.018295
10.257 -2.0706 -0.0078888
9.7187 -2.6943 -0.8672
9.7686 -2.542 -0.98384
9.7663 -2.3563 -0.99574
9.7996 -2.0921 -0.94099
9.802 -1.9064 -0.99098
9.7686 -1.8969 -0.88387
9.7353 -1.8969 -0.78389
9.6782 -2.0111 -0.68153
9.6353 -1.9778 -0.59822
9.5258 -1.9397 -0.45064
9.6639 -1.1161 0.15636
9.6853 -1.3446 0.089706
9.7329 -1.5136 0.0040131
9.7068 -1.5946 0.061142
9.6806 -1.7445 -0.01741
9.6568 -1.9159 -0.048355
9.721 -2.1659 -0.26973
9.7163 -2.2492 -0.19118
9.6187 -2.2849 -0.16261
9.583 -2.3206 -0.19356
9.5544 -2.3968 -0.24831
9.5139 -2.4253 -0.2007
9.6734 -2.1373 -0.07692
9.633 -2.0778 -0.17213
9.6377 -1.9945 -0.12929
9.6401 -1.9516 -0.13881
9.6782 -1.8755 -0.0793
9.6877 -1.9064 -0.10786
9.6496 -1.9278 -0.19356
9.7163 -1.8326 -0.065018
9.6639 -1.8421 -0.057877
9.6996 -1.8778 -0.084061
9.6472 -1.9421 -0.095963
9.6068 -1.9064 0.013535
9.6353 -2.0587 -0.045975
9.652 -2.0825 -0.065018
9.6282 -2.1254 -0.11263
9.6758 -2.1801 -0.01503
9.6806 -2.1897 -0.086441
9.6806 -2.2159 -0.088821
9.6901 -2.1587 -0.074539
9.6687 -2.1206 -0.022171
9.652 -2.0849 -0.022171
9.6663 -2.0825 -0.086441
9.6663 -2.0683 -0.053116
9.6949 -2.0421 -0.086441
9.6901 -1.9088 -0.034073
9.6472 -1.9207 0.015915
9.6377 -1.9088 0.011154
