9.6163 -1.2708 -0.19713
9.8091 -1.403 -0.18523
9.9174 -1.4184 -0.1888
10.125 -1.5482 -0.31496
9.5235 -0.74597 -0.044785
9.5461 -0.82333 -0.055496
9.7032 -1.0757 -0.16023
9.8282 -1.2875 -0.28996
9.7782 -1.4303 -0.40541
9.7948 -1.5612 -0.42445
9.6056 -0.97449 -0.48277
9.6734 -0.7674 -0.42683
9.7758 -0.59244 -0.51015
9.8103 -0.47223 -0.59227
9.8662 -0.47699 -0.62202
9.8329 -0.46152 -0.62083
9.7901 -0.76025 -0.44588
9.7389 -0.94592 -0.49586
9.7151 -1.1054 -0.5768
9.7246 -1.2732 -0.54823
9.7841 -1.3244 -0.51253
9.7425 -1.347 -0.49586
9.7722 -1.3589 -0.56847
9.7889 -1.2661 -0.61845
9.8305 -1.0887 -0.59346
9.7413 -0.94354 -0.59108
9.7377 -0.83643 -0.59227
9.7329 -0.89832 -0.50777
9.7758 -0.93759 -0.59584
9.7591 -1.0209 -0.61488
9.7377 -1.1375 -0.69106
9.7984 -1.2554 -0.68867
9.7925 -1.2756 -0.68867
9.6437 -1.2494 -0.60774
9.802 -1.2304 -0.59227
9.7782 -1.2054 -0.65297
9.6306 -1.1935 -0.60298
9.6711 -1.1483 -0.52919
9.7889 -1.2137 -0.56133
9.8032 -1.2363 -0.58394
9.7103 -1.3173 -0.61012
9.6853 -1.3054 -0.61845
9.7734 -1.2768 -0.54704
9.7282 -1.2518 -0.57799
9.7353 -1.2494 -0.6125
9.777 -1.1518 -0.65416
9.7817 -1.0745 -0.55418
9.752 -1.1221 -0.50777
9.7389 -1.1173 -0.57918
9.7472 -1.1387 -0.56966
9.7651 -1.1411 -0.57442
9.7258 -1.1411 -0.55894
9.7805 -1.0102 -0.44469
9.7591 -1.059 -0.48515
9.7794 -0.99829 -0.49229
9.8198 -1.0364 -0.51491
9.7639 -1.0649 -0.49229
9.8246 -1.1863 -0.4304
9.6365 -1.0161 -0.48991
9.7187 -1.0316 -0.44826
9.796 -1.0709 -0.52324
9.8305 -1.109 -0.57561
9.7841 -1.0899 -0.51015
9.6937 -1.0935 -0.52919
9.752 -1.3589 -0.40065
9.7794 -1.3434 -0.29472
9.7746 -1.3649 -0.3828
9.6782 -1.2958 -0.35066
9.6794 -1.2863 -0.3221
9.7639 -1.3446 -0.38994
10.094 -2.1171 -0.56133
9.9805 -2.6693 -0.49467
9.94 -2.5408 -0.25545
10.039 -3.0609 -0.17332
10.055 -3.0478 -0.17094
9.7413 -3.3382 -0.022171
9.7663 -4.2546 0.42534
9.4283 -4.2427 0.078995
9.1474 -4.5391 -0.13524
9.2235 -4.5748 -0.16975
9.1295 -4.82 -0.01384
8.8058 -4.3499 0.34798
8.3452 -4.0773 0.43843
8.4225 -4.0761 0.63362
8.4749 -4.0999 0.7574
8.4202 -3.9357 0.81096
8.4071 -3.8881 0.80858
8.438 -3.6917 1.1347
9.2592 -2.7014 1.7512
9.4294 -2.2278 1.9523
9.683 -1.3375 2.3189
9.8627 -1.2816 2.695
9.5925 -1.8112 3.2889
10.13 -2.1087 3.3044
9.7413 -2.7907 4.2565
9.4104 -3.2275 3.5032
9.0343 -4.4546 2.9652
8.7022 -6.1994 2.9616
7.9905 -5.6936 4.5565
6.9741 -5.3853 5.4967
6.6218 -7.9597 4.9802
6.6742 -7.2991 5.1159
6.7361 -7.2777 4.5767
6.7444 -7.5003 4.0364
6.5766 -8.3703 4.4589
6.4326 -8.1299 4.5589
5.8517 -6.9088 3.7781
5.8553 -6.9659 3.5115
5.8065 -6.7564 3.258
5.8291 -6.535 3.227
5.9589 -6.4077 2.7736
5.8755 -6.5755 2.5891
5.7625 -6.1363 2.3403
6.1648 -6.5196 2.4725
6.4123 -6.7897 2.4201
6.4076 -6.4803 2.7426
6.4385 -6.5422 3.0271
6.7991 -6.9278 2.6427
6.3564 -8.5869 3.1497
5.8708 -9.082 3.0842
5.7184 -8.3394 3.1544
5.5959 -7.6502 3.3449
5.9684 -8.6643 2.6189
5.0769 -6.6029 4.1947
4.7675 -8.8464 3.7341
4.8151 -8.4167 3.5543
4.4949 -8.4298 3.0723
4.0415 -8.5619 3.333
4.0439 -8.6452 2.9176
4.3093 -9.2034 1.6465
3.8487 -9.6652 2.4439
3.7523 -9.8783 2.2166
3.9689 -10.357 1.2799
3.8094 -10.221 1.4691
4.0058 -10.114 1.6786
4.2914 -10.385 2.0892
4.8187 -8.6678 1.537
4.6354 -8.8618 2.5653
5.0769 -9.9413 2.3415
5.196 -9.4903 1.8238
4.8103 -7.7371 0.99306
4.8579 -7.4027 -0.031693
6.9705 -4.1939 -7.512
6.354 -3.0276 -6.5908
5.6066 -5.4282 -9.0593
6.2707 -4.6022 -9.4413
6.2778 -4.6391 -8.5201
6.4825 -4.8759 -6.6027
3.4868 -5.3877 2.9997
3.3583 -7.5753 3.7924
3.425 -9.1046 2.1309
2.8751 -7.267 4.3446
3.0441 -3.7798 7.9783
3.4012 -5.59 8.9602
3.4488 -4.4558 8.7233
4.0498 -5.4912 6.9214
4.7139 -7.0016 5.7455
4.3354 -7.9775 5.5062
4.1153 -6.9552 5.8074
3.5237 -6.0304 4.3351
4.564 -5.2282 2.0642
5.0115 -7.724 -1.5278
6.9527 -10.426 -2.7406
4.2283 -11.205 -3.0809
4.5497 -5.5484 -2.7191
5.4066 -6.1375 -4.4949
6.2433 -8.7952 -7.6048
6.5444 -11.858 -10.024
5.6637 -6.9028 -7.2597
6.1564 -5.1425 -5.497
6.3683 -7.9347 -5.797
6.0267 -8.1204 -6.1838
6.2707 -8.3608 -6.4004
5.2745 -6.585 -0.55418
3.9546 -6.2922 2.3392
3.463 -6.8492 4.272
3.4595 -6.4124 4.4494
3.3976 -6.1542 5.4146
3.2131 -4.576 7.063
4.032 -5.1092 7.7378
4.151 -3.7167 8.452
4.12 -3.8036 8.8697
4.2343 -5.5781 7.6224
3.8987 -5.8376 7.2534
4.6223 -5.9376 7.082
5.1091 -6.8611 7.0404
3.6927 -6.6517 5.9645
4.1129 -6.7743 5.1051
4.8722 -8.7464 3.1913
5.578 -9.213 1.3596
4.6723 -9.5117 0.82643
4.4866 -6.76 0.055191
5.0234 -6.1006 -1.3195
4.808 -6.8135 -3.6725
6.3457 -7.5526 -5.979
6.7384 -9.0463 -7.6382
6.0398 -10.874 -8.914
5.34 -5.7245 -6.2004
5.2638 -4.6522 -5.2292
6.0291 -6.441 -5.3292
5.9065 -6.0471 -5.2995
6.3469 -6.2303 -5.2495
6.4825 -6.4279 -5.2697
6.598 -5.7471 -5.4827
6.9955 -6.1756 -5.7303
7.7334 -7.3134 -5.5208
7.9893 -7.4098 -4.1557
8.2416 -7.5562 -2.7917
8.0738 -7.1277 -2.1217
8.2762 -6.9314 -1.1088
8.3297 -6.8969 -0.65535
8.0929 -7.0409 -0.70296
8.0798 -7.2432 -0.85887
6.5456 -6.1161 3.1259
5.5613 -6.616 4.4946
5.0734 -7.004 4.2803
5.4042 -6.8623 2.7867
5.484 -7.0385 2.795
4.6818 -6.779 4.8921
5.4828 -7.7383 4.3363
5.5209 -7.5764 4.4065
5.7601 -7.3943 3.8055
5.9089 -7.1956 2.9497
6.116 -7.1789 2.4796
6.1517 -7.0813 3.1378
5.7613 -5.6591 3.9804
5.8053 -5.5936 3.6198
5.9541 -5.6353 3.133
6.0541 -5.7281 2.8045
6.2921 -5.79 2.6569
6.6123 -5.7126 2.5808
7.7251 -5.0485 2.5367
7.975 -4.6403 2.3546
8.2595 -4.3296 1.8762
8.5213 -4.2999 1.5072
8.7641 -4.332 1.3263
8.9546 -4.1582 1.0002
10.683 -3.9999 0.57054
10.891 -3.6238 0.26109
11.084 -3.4346 -0.0078888
11.124 -3.5358 -0.18999
11.011 -3.675 -0.29353
10.889 -3.537 -0.53514
10.77 -3.5048 -0.85887
10.642 -3.4989 -0.94695
10.71 -3.5405 -0.80293
10.477 -3.2406 -0.50063
10.107 -3.0347 -0.4435
9.9888 -2.8288 -0.55061
10.014 -2.5324 -0.52919
9.8222 -2.6741 -0.45064
9.6163 -2.2885 0.056381
9.6556 -1.4518 0.62172
9.5877 -0.41629 1.0478
9.558 0.21332 1.1478
9.5889 0.33472 0.92879
9.7722 -0.12469 0.40868
9.6758 -0.44128 -0.50777
9.752 0.064545 -0.38399
9.7484 0.010986 -0.28282
9.6722 0.060974 -0.10667
9.7294 -0.10684 -0.21141
9.7841 -0.61743 -0.44707
9.7413 -0.83881 -0.51015
9.683 -0.82214 -0.4792
9.6841 -1.3934 -0.60655
9.6889 -1.4791 -0.56847
9.7353 -1.5458 -0.6494
9.7377 -1.6505 -0.52205
9.7532 -1.597 -0.55775
9.7865 -1.6446 -0.44707
9.7794 -1.4494 -0.55537
9.7246 -1.3482 -0.49467
9.7341 -1.2637 -0.49706
9.7829 -1.1911 -0.47087
9.7306 -1.1673 -0.42683
9.7603 -1.1768 -0.40541
9.7389 -1.2601 -0.44112
9.7079 -1.3173 -0.43279
9.7091 -1.2863 -0.38518
9.7663 -1.3351 -0.334
9.8531 -1.3839 -0.3828
9.8234 -1.353 -0.45659
9.7306 -1.3577 -0.40541
9.7091 -1.353 -0.38399
9.7365 -1.3089 -0.30305
9.7151 -1.2827 -0.3709
9.7353 -1.2518 -0.42683
9.7663 -1.2685 -0.40065
9.721 -1.2173 -0.3828
9.7841 -1.2328 -0.36971
9.8079 -1.2649 -0.48039
9.7365 -1.1804 -0.42921
9.7044 -1.2637 -0.40065
9.6663 -1.2078 -0.42445
9.6603 -1.1935 -0.32448
9.7079 -1.2506 -0.27687
9.7341 -1.2839 -0.35185
9.7925 -1.2649 -0.39351
9.771 -1.2149 -0.37923
9.7222 -1.2328 -0.38756
9.6925 -1.1982 -0.40422
9.8198 -1.1971 -0.46968
9.8103 -1.184 -0.45897
9.7365 -1.2101 -0.36971
9.746 -1.1899 -0.37447
9.7103 -1.2185 -0.38875
9.7103 -1.2649 -0.44469
9.7079 -1.2447 -0.4304
9.7329 -1.222 -0.36256
9.7222 -1.2673 -0.34828
9.7758 -1.2756 -0.41493
9.7853 -1.2566 -0.43159
9.7901 -1.3173 -0.44588
9.8317 -1.2744 -0.52086
9.7996 -1.2268 -0.45659
9.7068 -1.2066 -0.34709
9.7068 -1.2137 -0.36851
9.7508 -1.1959 -0.4185
9.8055 -1.2792 -0.43398
9.7627 -1.297 -0.37566
9.7579 -1.253 -0.41969
9.7567 -1.2435 -0.39827
9.7686 -1.1459 -0.41612
9.7472 -1.1221 -0.40184
9.7556 -1.1471 -0.3947
9.6818 -1.1471 -0.44707
9.6818 -1.1804 -0.42683
9.6556 -1.1816 -0.42921
9.7901 -1.1744 -0.46968
9.7651 -1.1923 -0.34471
9.771 -1.2661 -0.39708
9.7508 -1.2673 -0.37804
9.7234 -1.2744 -0.43874
9.7246 -1.2256 -0.36613
9.7484 -1.2125 -0.37447
9.7496 -1.209 -0.3828
9.7853 -1.1982 -0.43398
9.7686 -1.1673 -0.43398
9.7365 -1.1256 -0.39589
9.7187 -1.1697 -0.38994
9.6972 -1.2185 -0.45302
9.7936 -1.2589 -0.42207
9.7556 -1.322 -0.36613
9.7365 -1.2387 -0.38161
9.7413 -1.1887 -0.40184
9.7651 -1.1768 -0.40303
9.7484 -1.1863 -0.44469
9.7817 -1.178 -0.41136
9.7151 -1.2137 -0.39827
9.6925 -1.2375 -0.45064
