-0.93965 -1.4606 9.9186
-1.0349 -1.5106 9.5139
-1.0777 -1.7844 9.7543
-0.93013 -1.5106 10.288
-0.67543 -0.78462 10.678
-0.55641 -0.61086 10.699
-0.39455 -0.77272 10.197
-0.48976 -0.96791 9.8948
-0.74446 -0.97267 9.4949
-0.58974 -1.6987 8.8593
-0.25649 -2.6889 7.2621
-0.55403 -3.5673 7.0336
-0.61592 -3.9029 6.9383
-0.33266 -3.8196 7.1526
-0.25649 -3.672 7.0835
-0.6183 -3.6434 6.836
-1.5205 -3.8386 6.3623
-2.2941 -4.379 6.0552
-2.3536 -4.8265 6.398
-2.0941 -4.7575 6.7289
-1.8109 -4.8693 7.1335
-1.6347 -4.6432 7.3359
-1.8775 -4.1552 7.4025
-2.0394 -4.01 7.3025
-2.2441 -4.3433 7.243
-2.3941 -4.7337 6.9836
-2.7559 -5.0693 6.6717
-2.7963 -5.3692 6.8074
-2.3203 -5.9476 7.2049
-1.9085 -5.7406 7.4001
-1.6514 -5.6977 7.5215
-1.4205 -5.6096 7.6405
-0.8968 -5.0979 7.7572
-0.73018 -4.9527 7.7286
-0.64687 -5.2026 7.1907
-1.0444 -6.15 6.6003
-1.0753 -7.5758 6.3909
-0.85634 -7.7567 6.5194
-0.58974 -7.314 6.7598
-0.49452 -6.8974 7.0145
-0.32552 -6.5856 7.3478
-0.41121 -6.5856 7.8143
-0.25887 -6.4356 7.8643
0.019638 -6.6142 7.9762
0.11723 -6.7951 7.7786
0.081528 -6.9165 7.4692
0.045822 -6.8784 6.9812
0.21007 -6.638 6.4504
0.43144 -6.5404 6.2695
0.58617 -6.638 6.0005
0.47667 -6.707 5.5887
0.48143 -6.2 5.4244
0.46477 -5.6596 5.6101
0.37431 -5.5073 5.741
0.56474 -5.6953 5.6434
0.74803 -5.9381 5.5315
0.90276 -5.9643 5.4197
1.0813 -5.9715 5.5244
1.2217 -5.9881 5.1769
1.6121 -6.0619 4.8984
2.081 -6.2928 4.9364
2.4476 -6.5713 4.9864
2.6 -6.6975 5.1197
2.7571 -6.7879 5.4792
3.2093 -6.8879 5.4601
3.7711 -7.2283 5.2697
4.3472 -7.8139 4.8793
5.0089 -8.5351 4.3937
5.7087 -9.0302 3.9962
6.2443 -9.3635 3.9557
6.4681 -9.1326 4.1033
6.5109 -8.597 4.258
6.4966 -8.0281 4.5151
6.5799 -7.9115 4.6341
7.0536 -8.0662 4.6889
7.5416 -8.3233 4.4889
7.8606 -8.5661 4.2937
7.9939 -8.4209 4.1009
7.9558 -8.2828 4.0509
7.8534 -8.1519 4.2914
7.8225 -7.9781 4.3937
7.8796 -7.9424 4.4556
8.1153 -7.9305 4.4628
8.3248 -7.7067 4.2081
8.3367 -7.1688 3.9676
8.3962 -6.9712 4.1128
8.5223 -7.0283 4.1295
8.5199 -6.9712 4.0367
8.5604 -6.995 3.9819
8.5485 -6.8641 4.0319
8.4557 -6.7855 3.8772
8.4533 -6.5594 3.9748
8.5318 -6.1976 3.9795
8.6294 -5.931 4.2461
8.6247 -5.731 4.3033
8.7223 -5.6168 4.1081
8.8008 -5.7382 4.1009
8.9056 -5.8643 3.8129
8.9603 -6.0048 3.394
9.046 -5.9667 3.1393
8.9889 -5.7572 3.1535
8.8865 -5.4954 3.3749
8.8508 -5.0574 3.6034
8.7247 -4.6099 3.7867
8.6699 -4.3933 3.97
8.6866 -4.2338 3.9605
8.7984 -4.1171 3.7439
8.9413 -4.4575 3.4606
8.9794 -4.5266 3.2511
8.8651 -4.1338 3.1964
8.9079 -3.6363 3.3892
8.8794 -3.3031 3.6153
8.8651 -3.0936 3.8201
8.8461 -2.9531 3.9986
8.8746 -2.9198 3.9843
8.927 -2.9508 3.8629
8.9222 -3.1674 3.8272
8.9627 -3.146 3.7796
8.927 -3.1555 3.6415
8.8818 -2.8913 3.5296
8.9341 -2.5842 3.6915
8.8746 -2.2914 3.732
8.9651 -2.1367 3.9272
8.877 -2.0605 4.1485
8.9103 -2.1748 4.1723
8.7032 -2.2581 4.2223
8.5699 -1.9796 4.3652
8.5747 -1.6773 4.3937
8.539 -1.5344 4.2461
8.6318 -1.6535 4.0414
8.5961 -1.7249 3.9843
8.5033 -1.7653 3.9057
8.4676 -1.9058 3.8819
8.4319 -1.8915 4.1057
8.3866 -1.8558 4.1962
8.3486 -1.7868 4.2319
8.4128 -1.6106 4.3675
8.3414 -1.4868 4.4747
8.3676 -1.3988 4.2818
8.4152 -1.3773 4.1152
8.4961 -1.4511 4.0033
8.4485 -1.6868 3.8391
8.5437 -1.7058 3.87
8.9627 -1.9248 3.6725
8.7937 -1.9486 4.1105
8.6937 -2.0034 4.3128
8.7461 -2.3604 4.4199
8.946 -1.9296 4.458
8.8342 -2.0129 4.746
8.7937 -2.4414 4.6246
8.727 -2.5913 4.4128
8.8008 -2.2414 4.2247
8.7794 -2.2938 4.0462
8.7794 -2.508 3.9176
8.9151 -2.7175 3.8296
8.9246 -2.9531 3.7748
8.7889 -2.8913 3.9296
8.7175 -2.3081 4.1438
8.6913 -1.8272 4.3866
8.6699 -1.8439 4.3556
8.539 -2.0129 4.3176
8.4247 -2.0248 4.2795
8.439 -1.951 4.3485
8.4842 -1.8939 4.2747
8.5009 -1.7201 4.0581
8.6699 -1.3297 3.9272
8.8223 -1.0441 3.7225
8.8865 -1.1012 3.7558
9.1341 -1.3726 3.6201
9.2317 -1.8344 3.4725
9.2959 -2.0391 3.4868
9.4031 -1.9677 3.6368
9.603 -1.7082 3.7296
9.534 -1.4654 3.7082
9.4816 -1.5297 3.8343
9.4245 -1.5154 3.7225
9.553 -1.4011 3.5392
9.6435 -1.3369 3.4082
9.6221 -1.2417 3.3345
9.6197 -1.3464 3.1583
9.672 -1.6582 2.8393
9.6887 -1.9653 2.6299
9.5673 -1.9415 2.5894
9.4554 -1.7272 2.6584
9.3007 -1.7296 2.6632
9.0865 -1.7392 2.9441
9.0032 -1.6987 3.0274
8.8151 -1.7368 3.1083
8.6604 -1.7582 3.2488
8.539 -1.713 3.194
8.5414 -1.901 3.1083
8.5747 -1.8605 2.8084
8.5414 -1.9915 2.6608
8.5295 -1.9082 2.6203
8.3771 -1.5178 2.7536
8.32 -0.98695 3.0369
8.4176 -0.55373 2.9369
8.5866 -0.30141 2.787
8.6009 -0.039566 2.468
8.5795 0.32939 2.3418
8.5437 0.85783 2.1871
8.5128 1.3291 2.2681
8.5104 1.3553 2.2347
8.4533 1.2911 2.2062
8.5437 1.3125 2.4299
8.5199 1.222 2.7108
8.6271 0.73882 2.8608
8.8032 0.14848 2.5918
8.9079 -0.26332 2.668
8.8818 -0.23 2.5656
8.9175 -0.20143 2.7894
8.8532 -0.0038605 2.8655
8.7937 0.058029 2.9488
8.7889 -0.06575 2.7441
8.8342 -0.17049 2.7775
8.8889 -0.31093 2.299
9.0389 -0.57753 2.2561
9.2007 -0.43471 2.4537
9.4269 -0.20143 2.8084
9.6482 0.24608 3.1631
9.9553 0.52696 3.3583
10.048 0.81737 3.5868
9.9839 1.1744 3.5701
9.5268 1.2173 3.1059
9.8672 0.90068 2.8846
9.9529 0.96733 2.8013
9.9172 0.95067 2.7013
9.7554 0.73882 2.5251
9.5268 0.4984 2.3656
9.4411 0.34129 2.3609
9.3507 0.16753 2.1014
9.3293 0.074692 1.9705
9.4054 -0.072891 1.7753
9.3459 0.019943 1.911
9.3126 -0.0086212 2.2823
9.2864 0.15324 1.9134
9.315 -0.018143 1.6682
9.3578 0.038986 1.5801
9.3721 -0.041946 1.1802
9.384 -0.032425 1.3349
9.3888 0.005661 1.0564
9.5078 0.029465 0.94695
9.4316 0.21513 0.90648
9.3864 0.050888 0.82793
9.465 0.050888 0.92552
9.3602 0.39366 1.0874
9.3578 0.50792 1.066
9.2793 0.62932 1.3683
9.1341 0.73405 1.3088
9.1341 0.64122 1.0564
9.1507 0.69359 1.0874
9.1674 0.77214 1.1421
9.1008 0.92686 1.2683
9.1198 0.92686 1.2374
9.0984 0.71739 1.2493
9.265 0.61504 1.285
9.2912 0.60313 1.4444
9.3555 0.57695 1.5611
9.4078 0.39604 1.5873
9.3697 0.32701 1.5706
9.4054 0.1342 1.6444
9.4221 0.034225 1.6515
9.4292 0.010422 1.6539
9.4245 -0.020523 1.7991
9.4769 -0.046707 1.8158
9.5768 -0.075272 1.7896
9.6197 -0.075272 1.9562
9.6102 -0.070511 1.9348
9.553 -0.14668 1.8063
9.5625 -0.12764 1.7801
9.5149 -0.17525 1.7325
9.365 -0.25142 1.5254
9.4626 -0.27046 1.504
9.4507 -0.23238 1.3968
9.4126 -0.11574 1.5182
9.3793 0.093735 1.6301
9.3483 0.19371 1.6492
9.2983 0.28893 1.6468
9.3436 0.28893 1.5111
9.2912 0.3889 1.5397
9.2483 0.41747 1.5159
9.2602 0.47221 1.3897
9.2602 0.3889 1.4754
9.284 0.39604 1.4064
9.3126 0.40318 1.5516
9.3793 0.40318 1.4968
9.3507 0.39604 1.5016
9.3912 0.29131 1.4825
9.3197 0.28178 1.4873
9.3174 0.39128 1.3159
9.265 0.2794 1.3635
9.2793 0.23894 1.3802
9.3459 0.22227 1.4611
9.4102 0.19133 1.5444
9.365 0.19847 1.5563
9.3674 0.23418 1.6396
9.3578 0.2794 1.6658
9.3531 0.39366 1.6254
9.215 0.36986 1.4873
9.1626 0.28654 1.3897
9.2126 0.31273 1.4944
9.2293 0.13896 1.5849
9.3126 -0.037186 1.5658
9.4173 -0.072891 1.7729
9.3888 -0.06813 1.7753
9.3459 -0.037186 1.7706
9.334 -0.039566 1.6825
9.3245 0.06041 1.6611
9.3555 0.06279 1.6015
9.4126 0.084213 1.6468
9.3697 0.079453 1.6634
9.4269 -0.018143 1.6944
9.4673 -0.11336 1.6849
9.453 -0.089554 1.6825
9.4126 -0.015762 1.592
9.4245 -0.0038605 1.4349
9.4031 0.14372 1.542
9.3793 0.13658 1.4087
9.4102 0.14848 1.3516
9.4411 0.19847 1.3254
9.484 0.20085 1.3421
9.4745 0.1223 1.4706
9.3888 0.25322 1.4516
9.3983 0.19609 1.4016
9.3935 0.18419 1.4087
9.4221 0.28178 1.3302
9.3816 0.35796 1.2635
9.3816 0.30083 1.2969
9.3864 0.19133 1.3516
9.4245 0.17943 1.3516
9.4578 0.12706 1.4801
9.4911 0.034225 1.454
9.4411 0.031845 1.4397
9.4245 -0.0014801 1.4468
9.4102 0.048508 1.4516
9.3983 0.084213 1.4682
9.4102 0.041367 1.5159
9.4602 0.041367 1.5706
9.4745 0.00090027 1.6777
9.4007 0.005661 1.7206
9.3555 0.036606 1.7491
9.3197 0.10564 1.6158
9.3555 -0.022903 1.4778
9.3935 -0.049088 1.3659
9.4197 -0.096695 1.3849
9.4173 -0.056229 1.4373
9.4269 0.038986 1.4778
9.4197 0.10088 1.5539
9.453 0.1461 1.4968
9.365 0.18895 1.4587
9.3793 0.16753 1.2802
