-2.2346 -3.9505 6.2337
-2.3774 -4.0243 6.11
-2.7011 -4.0838 5.3411
-3.0677 -4.6075 4.9579
-3.101 -4.9241 5.0626
-2.9463 -5.3192 5.6506
-2.6535 -5.4525 5.791
-2.5559 -5.9572 5.9933
-2.4226 -6.3523 6.2076
-2.3393 -6.2976 5.9148
-2.4274 -6.7022 5.3459
-2.3631 -7.0712 4.9841
-2.3584 -7.1664 4.5175
-2.0322 -6.9498 3.9819
-1.7799 -7.3473 4.189
-1.5585 -7.8258 4.577
-1.3229 -8.0067 5.4935
-0.90395 -8.2828 6.0029
-0.45168 -8.8327 6.0052
-0.22792 -9.5896 6.0409
0.088669 -9.9919 5.8791
0.4124 -10.263 5.7363
0.79564 -10.22 5.6196
1.0004 -9.4516 5.7791
1.1051 -8.8517 6.0029
1.4383 -8.5875 6.2337
1.7216 -8.7232 6.1171
1.7097 -9.2611 6.5599
1.7716 -9.78 6.7789
1.8097 -10.368 7.4573
2.0049 -10.251 7.8215
2.2048 -9.6967 8.0547
2.2619 -9.642 8.5927
2.3905 -9.6515 8.7712
2.6119 -9.4444 8.3618
2.7571 -9.5087 7.6548
2.7166 -9.9467 6.8764
2.5524 -10.13 6.3528
2.469 -10.082 5.9767
2.2334 -9.9395 5.7529
2.0049 -9.8681 5.6387
1.9287 -9.5301 5.6315
1.9216 -9.2207 5.6291
1.824 -8.7493 5.572
1.7026 -8.3185 5.4554
1.7264 -7.9376 5.3602
2.1096 -7.9162 5.7696
2.3976 -7.5187 5.9457
2.7166 -7.1259 6.1433
3.0784 -7.2902 5.9457
3.4355 -7.9281 5.7482
3.6902 -8.3447 5.7363
3.8449 -8.259 5.7696
3.7235 -8.3732 5.6482
3.5188 -8.378 6.1147
3.614 -7.9138 6.686
3.8116 -7.7543 7.1954
3.7901 -7.5687 7.4834
3.8925 -7.5092 7.0597
3.9187 -7.2592 6.836
4.0329 -7.1331 6.5694
4.0639 -6.9403 5.8815
3.9449 -7.2092 5.3387
3.9163 -7.3402 4.8579
3.8235 -7.1807 4.3223
3.7092 -7.2807 3.9557
3.6878 -7.3449 3.5749
3.6354 -7.1926 3.3178
3.4569 -6.8022 3.2178
3.2427 -6.6594 3.0417
3.2379 -6.4356 3.6201
3.1903 -6.0571 3.1655
3.207 -6.3142 3.4606
3.3403 -6.0809 3.7772
3.3284 -5.4287 3.9176
3.3022 -4.7313 3.6891
3.4855 -4.6599 3.6082
3.983 -5.4049 3.344
4.3614 -6.3595 2.856
4.6852 -7.1164 2.6037
4.9184 -7.314 2.4323
5.0398 -7.0379 2.7489
5.0946 -6.8046 3.225
5.2898 -6.7617 3.3297
5.7825 -6.8617 3.3368
6.6252 -6.9736 3.1964
7.4607 -6.8641 2.9298
8.0629 -6.7927 2.6299
8.3581 -7.0617 2.3704
8.5295 -7.4663 2.1847
8.6723 -7.9043 2.0752
8.8508 -8.2757 2.1586
9.0293 -8.1971 2.1895
9.1388 -7.7972 2.368
9.3364 -7.3711 2.7037
9.3888 -6.826 2.9108
9.3721 -6.338 3.0655
9.2817 -5.881 3.1012
9.2674 -5.4668 2.9369
9.3745 -5.0407 2.8108
9.4507 -4.8741 2.7156
9.5292 -4.9622 2.6656
9.5316 -5.3692 2.5823
9.5411 -5.4859 2.6561
9.4507 -5.4002 2.668
9.1888 -5.1693 2.7822
9.1579 -4.8003 2.8036
9.2912 -4.4099 2.8941
9.3888 -4.0838 3.0202
9.3364 -3.9124 2.975
9.3578 -3.7315 3.1178
9.3578 -3.7077 3.0988
9.3793 -3.6601 3.4321
9.3816 -3.7958 3.4321
9.4459 -3.9291 3.2559
9.365 -3.9172 3.0893
9.2222 -3.6934 3.0869
9.1912 -3.3245 3.0012
9.0674 -3.015 2.9774
8.977 -2.9365 3.0369
8.9151 -2.946 3.094
8.9222 -3.0888 3.0869
8.9056 -3.1364 2.9417
8.927 -3.0269 2.9131
8.9198 -2.9984 2.9512
8.8389 -3.0079 3.0702
8.7199 -2.8484 3.0464
8.6675 -2.6485 2.9298
8.6461 -2.508 2.9679
8.5223 -2.5556 2.9369
8.6723 -2.5699 2.9346
8.9579 -2.6413 2.8917
8.9532 -2.4818 2.975
9.0317 -2.3033 3.2369
9.0008 -2.151 3.363
9.065 -1.9201 3.5225
9.0555 -1.8439 3.7153
9.1317 -1.8296 3.9057
9.534 -1.8367 4.2699
9.1698 -1.5154 3.9795
9.0103 -2.12 4.0533
8.9413 -2.3747 3.7082
9.0103 -2.3771 3.4773
9.1793 -2.5961 3.3083
9.1198 -2.6223 3.1178
8.9651 -2.627 3.3035
9.0674 -2.5247 3.5011
9.0293 -2.4295 3.5439
8.9365 -2.3342 3.6891
8.6842 -2.0867 3.6725
8.7294 -2.0296 3.6963
8.6818 -1.9629 3.7748
8.6223 -1.8844 3.9676
8.5223 -1.7558 3.9367
8.4819 -1.7939 3.9891
8.5414 -1.8463 3.8296
8.5771 -1.8344 3.8558
8.6033 -1.6606 3.8819
8.6223 -1.7153 3.9081
8.677 -1.7106 3.8558
8.7556 -1.7963 3.8058
8.7699 -1.8986 3.8248
8.8199 -2.0058 3.6868
9.0817 -2.2866 3.4059
9.1269 -2.5247 3.3297
9.0912 -2.3223 3.4297
9.0198 -2.051 3.5558
9.0508 -1.8772 3.5463
9.0698 -1.9581 3.5273
9.1365 -2.0058 3.4178
9.2983 -2.2366 3.3821
9.4983 -2.4747 3.2726
9.5983 -2.5104 3.294
9.6863 -2.2914 3.3606
9.7649 -2.0962 3.5368
9.8553 -1.8701 3.513
10.001 -1.8463 3.6153
9.9291 -1.7558 3.5011
9.841 -1.682 3.4273
9.7387 -1.6868 3.2797
9.5983 -1.9105 3.2654
9.3935 -2.1724 3.0512
9.1888 -2.1438 2.7227
8.858 -2.1819 2.6227
8.5866 -2.1414 2.7465
8.3771 -2.2152 2.9036
8.2986 -2.2819 3.1036
8.2581 -2.389 3.1821
8.2795 -2.5294 3.2297
8.3414 -2.5033 3.2012
8.4414 -2.4128 3.1964
8.5104 -2.3652 3.1178
8.5461 -2.3533 3.0917
8.4343 -2.4152 3.0583
8.289 -2.4223 2.9941
8.2176 -2.4771 3.0226
8.2272 -2.358 3.0631
8.2724 -2.1367 2.9726
8.3105 -1.7844 2.925
8.4176 -1.5487 2.7203
8.589 -1.5749 2.4394
8.6318 -1.5249 2.3656
8.6033 -1.3845 2.1824
8.6033 -1.3273 2.0086
8.639 -1.3345 1.892
8.5747 -1.375 1.9181
8.6271 -1.4083 1.8301
8.6104 -1.5511 2.0014
8.6818 -1.7225 2.1562
8.7675 -1.8844 2.1157
8.9746 -2.0438 2.1133
9.0984 -2.02 2.0062
9.077 -2.0938 1.7777
9.0389 -2.1391 1.5254
9.0627 -2.2128 1.016
9.1436 -2.3938 0.74461
9.2245 -2.6675 0.54466
9.3197 -2.7508 1.0636
9.5721 -2.627 2.0134
9.584 -2.0319 4.0914
9.5863 -1.8391 5.6958
10.167 -2.4794 6.4242
10.336 -3.3554 5.6648
10.227 -3.8553 4.865
9.6554 -3.5363 3.4392
9.2364 -3.4054 2.1514
9.0603 -3.5625 1.2183
9.0912 -3.622 0.65416
9.1841 -3.7696 0.44945
9.4126 -3.8196 0.5161
9.5245 -3.6196 0.44469
9.5483 -3.3602 0.46611
9.4935 -3.0436 0.34947
9.3126 -2.7056 0.33519
9.1507 -2.4628 0.23759
9.0365 -2.3723 0.21379
9.0722 -2.2914 0.22569
9.0579 -2.2176 0.35423
8.9508 -2.4342 0.030502
9.0341 -2.6865 0.36137
8.9794 -2.239 0.51372
8.8841 -2.02 0.83269
8.8984 -2.0462 1.104
8.9151 -1.9796 1.304
8.9389 -1.7677 1.3992
9.0174 -1.9272 1.3945
9.2579 -2.0415 1.5825
9.4673 -1.9367 1.7491
9.5387 -1.7891 2.1109
9.5697 -1.6654 2.3823
9.5316 -1.544 2.5823
9.5007 -1.413 2.5894
9.5149 -1.3059 2.4989
9.5364 -1.1726 2.4466
9.5911 -1.2559 2.637
9.5149 -1.1774 2.5561
9.3245 -1.2845 2.5918
9.2936 -1.4297 2.6061
9.2555 -1.2702 2.4966
9.1246 -1.0227 2.3895
8.996 -1.1226 2.3109
9.0079 -1.0298 2.2133
8.9532 -1.2059 2.2466
8.9127 -1.4725 2.3561
9.0341 -1.632 2.487
9.0555 -1.6677 2.5299
9.0889 -1.6844 2.6132
8.9484 -1.4964 2.6561
8.8461 -1.4487 2.6322
8.8056 -1.3702 2.6918
8.7818 -1.3392 2.6156
8.7984 -1.4059 2.8179
8.8032 -1.4821 2.8274
8.9079 -1.7558 2.9869
8.9603 -1.9296 3.0536
9.0365 -1.7939 3.0917
8.9984 -1.6154 3.1488
8.8913 -1.4178 3.1702
8.7723 -1.2059 3.1631
8.5914 -1.175 3.1964
8.589 -1.2821 3.2154
8.7009 -1.5939 3.1464
8.8484 -1.7701 3.075
8.9317 -2.0248 3.1988
8.946 -2.0248 3.3178
8.927 -1.8367 3.3797
8.9127 -1.5535 3.513
8.8223 -1.3869 3.482
8.6532 -1.4202 3.3678
8.6152 -1.4321 3.3107
8.6152 -1.582 3.3154
8.7627 -1.9034 3.3202
8.858 -2.0415 3.3606
8.8984 -1.9439 3.4797
8.8865 -1.9224 3.613
8.8532 -1.7511 3.6368
8.8651 -1.6201 3.4939
8.7961 -1.632 3.3559
8.7508 -1.6106 3.4606
8.7461 -1.5868 3.3154
8.7223 -1.7153 3.313
8.7651 -1.8534 3.2226
8.8746 -1.7392 3.3226
8.858 -1.5987 3.4202
8.8508 -1.4345 3.4463
8.7675 -1.2916 3.4273
8.6699 -1.1226 3.4344
8.7389 -1.1107 3.3987
8.7223 -1.2369 3.444
8.7627 -1.3583 3.3368
8.7842 -1.4702 3.2749
8.7294 -1.6273 3.1988
8.8246 -1.632 3.1774
8.7961 -1.663 3.3368
8.8294 -1.6868 3.3178
8.8461 -1.6178 3.4178
8.8246 -1.5797 3.4297
8.8151 -1.6178 3.3868
8.8532 -1.6844 3.3987
8.8437 -1.7463 3.4749
8.877 -1.8939 3.513
9.0389 -2.0129 3.4154
9.0079 -1.9677 3.4249
9.0293 -1.9486 3.4892
8.9936 -1.8772 3.4535
8.9317 -1.8558 3.4321
8.9746 -1.7939 3.413
8.9889 -1.7868 3.363
8.9746 -1.8058 3.2773
8.9389 -1.901 3.1797
8.9627 -1.8629 3.1369
8.9413 -1.8915 3.1178
8.9532 -1.8725 3.1393
8.9341 -1.782 3.0655
8.8413 -1.6701 3.1155
8.8223 -1.6059 3.1559
8.8056 -1.5749 3.1607
8.8318 -1.5749 3.1702
8.8413 -1.632 3.1036
8.8913 -1.6558 3.1321
8.946 -1.7272 3.1155
8.9079 -1.7487 3.0631
8.8794 -1.832 3.1774
8.9532 -1.8034 3.0821
8.9865 -1.7772 3.1297
8.9936 -1.7511 3.1036
8.9889 -1.7987 3.0964
9.0293 -1.8701 3.0702
9.0341 -1.8725 2.9869
9.0293 -1.8391 3.0131
8.977 -1.7177 2.9774
