-0.40407 -4.479 4.8579
-0.7159 -4.2124 4.5342
-1.1563 -3.9672 4.6675
-1.3776 -3.8363 5.084
-1.4062 -3.9719 5.5506
-1.2777 -4.4242 5.9743
-1.0515 -4.8741 5.9743
-0.82539 -5.1336 5.7553
-0.63496 -5.3716 4.9436
-1.0634 -6.1071 3.9724
-1.7633 -6.6094 3.3107
-2.2846 -6.2928 3.1726
-2.1774 -5.931 3.8129
-1.5895 -6.0381 4.8079
-0.91347 -6.3571 6.0719
-0.39217 -6.9664 7.1097
-0.19698 -6.9879 7.5787
-0.40883 -6.4809 7.3573
-0.60402 -6.4761 6.5075
-0.93013 -7.3854 5.4768
-1.0801 -8.0757 5.3578
-0.70161 -7.9091 6.1171
-0.21364 -7.802 7.074
0.079147 -8.1852 7.9738
0.39336 -8.2376 8.776
0.81944 -8.14 8.8902
1.217 -8.2876 8.9712
1.4431 -8.059 8.9093
1.6621 -7.6948 8.895
1.605 -7.4235 8.9212
1.4883 -6.8998 8.8474
1.4241 -6.6118 8.9069
1.6288 -7.0164 8.8165
1.8692 -7.8876 8.5189
1.9977 -8.6089 8.4999
2.0763 -8.7684 8.5332
2.2929 -8.8517 8.5903
2.4119 -7.8996 8.4404
2.4881 -7.3687 8.3689
2.3929 -7.5663 8.1999
2.4095 -7.9138 7.8738
2.2667 -7.9567 7.6501
2.331 -8.4685 7.362
2.3738 -8.7874 7.2002
2.4476 -9.0778 7.0455
2.6357 -9.2421 7.124
2.7118 -9.0659 6.955
2.8023 -8.6732 6.8288
2.8499 -8.2852 6.6194
3.1165 -7.771 6.5575
3.3522 -7.5282 6.6717
3.4379 -7.6663 6.7455
3.5212 -7.8567 6.7146
3.5973 -7.8448 6.7598
3.5878 -7.5901 6.6717
3.4331 -7.4616 6.2457
3.5045 -7.314 6.0624
3.614 -7.333 5.9767
3.6378 -7.4973 6.0885
3.6664 -7.6353 6.1909
3.7116 -7.5211 6.1528
3.6664 -7.4021 6.0909
3.6283 -7.145 6.0838
3.7806 -6.9188 5.8815
4.0353 -7.3568 5.9529
4.2448 -7.4996 5.453
4.3948 -7.7472 5.1316
4.4162 -7.8853 4.8246
4.559 -7.8876 4.7032
4.6733 -8.0043 4.7889
4.6614 -7.7067 5.0412
4.44 -7.2259 5.2602
4.3138 -7.0069 5.5339
4.2162 -7.2045 5.5744
4.2567 -7.4235 5.2864
4.2543 -7.6234 4.5223
4.2805 -7.9472 4.1842
4.3114 -7.633 4.0652
4.3424 -6.9284 4.427
4.3162 -6.1571 4.7365
4.4328 -5.7572 4.7674
4.6852 -5.8691 4.7008
4.8732 -6.1024 4.5223
4.8066 -6.2 4.4985
4.7899 -6.4166 4.4485
4.7947 -6.3833 4.3366
4.7613 -6.1666 4.5484
4.7042 -5.9738 4.5699
4.6994 -6.0262 4.6484
4.7209 -6.0595 4.8246
4.9803 -6.0214 4.7246
5.2755 -6.0524 4.5913
5.5469 -6.0976 4.2461
5.5778 -6.1571 3.9486
5.604 -6.1476 3.6915
5.7563 -6.0048 3.513
5.9872 -6.1928 3.413
6.0991 -6.5404 3.651
6.1824 -6.707 3.6439
6.261 -6.8427 3.7415
6.6537 -7.3687 3.5463
6.9132 -7.6925 3.2726
7.0513 -6.9879 2.9917
7.1298 -6.2238 2.8679
7.3488 -5.9143 2.925
7.5083 -6.2452 3.1964
7.6154 -6.488 3.5701
7.6273 -6.4547 3.8058
7.6963 -6.2642 3.782
7.7178 -6.219 3.6344
7.8582 -6.3214 3.2964
7.9844 -6.2976 2.8393
8.1058 -6.1048 2.6418
8.2986 -5.9238 2.5727
8.5676 -5.9048 2.7037
8.6056 -5.8286 2.837
8.5604 -5.6882 3.0536
8.4581 -5.4882 3.2964
8.47 -5.2621 3.3678
8.5485 -4.9479 3.4106
8.689 -4.7551 3.2059
8.8056 -4.698 3.0512
8.8675 -4.7146 2.7846
8.9246 -4.6837 2.5989
8.9556 -4.617 2.6584
9.0008 -4.517 2.6894
9.196 -4.498 2.5085
9.4316 -4.6361 2.4442
9.5554 -4.7979 2.6394
9.6244 -4.736 2.737
9.6316 -4.5313 2.9346
9.5578 -4.3385 3.025
9.4697 -4.0243 3.075
9.4221 -3.841 3.0298
9.4673 -3.7863 2.8774
9.4459 -4.0148 2.6918
9.4054 -4.0505 2.5537
9.2579 -3.9981 2.6537
9.0317 -3.8291 2.8822
8.9103 -3.6839 3.2464
8.7485 -3.4506 3.2297
8.6318 -3.3102 3.4535
8.7032 -3.0674 3.3297
8.8199 -2.9531 3.1202
8.9032 -2.7008 3.0488
8.8699 -2.5937 3.056
8.8818 -2.7222 3.144
8.8603 -2.7841 3.1202
8.7984 -2.7937 3.3392
8.7485 -2.7818 3.5344
8.7984 -2.8198 3.482
8.8008 -2.877 3.4106
8.7913 -2.8865 3.2083
8.7913 -2.846 3.0893
8.8223 -2.7389 2.9726
8.8389 -2.6532 2.8274
8.8413 -2.7532 2.6608
8.8294 -2.896 2.537
8.8365 -2.8603 2.5061
8.8318 -2.9341 2.5466
8.8342 -2.9032 2.537
8.8556 -2.9389 2.5204
8.9103 -2.9746 2.5704
8.9127 -2.9222 2.5965
8.877 -2.9912 2.6037
8.8841 -2.8913 2.4394
8.896 -2.9174 2.5132
8.7199 -2.6532 2.3704
8.6366 -2.7532 2.4109
8.6794 -2.6746 2.4252
8.8413 -2.6889 2.3966
9.0103 -2.8294 2.3704
9.1317 -3.1031 2.3847
9.3126 -3.1959 2.4799
9.334 -2.7484 3.0393
9.2388 -2.6342 3.263
9.1222 -2.9412 3.344
9.1365 -2.8627 3.3916
9.1388 -2.3938 3.4059
9.0817 -2.0534 3.4701
9.0722 -2.0343 3.4035
8.9532 -2.0462 3.4178
8.8722 -2.1462 3.3226
8.8127 -2.2081 3.2654
8.9103 -2.2486 3.1345
8.8818 -2.4747 3.0726
8.9889 -2.5818 3.0179
9.0436 -2.489 3.1774
8.896 -2.1533 3.294
8.7961 -1.8367 3.4225
8.9198 -1.6868 3.4987
9.0127 -1.6677 3.4606
8.9341 -1.9153 3.3916
8.9032 -2.1105 3.2345
8.8508 -2.101 3.0393
8.9841 -2.3295 2.9512
9.0317 -2.608 2.8798
9.0222 -2.6532 2.8893
9.115 -2.6461 3.0298
9.1579 -2.4675 3.094
9.146 -2.3771 3.1155
9.1484 -2.3295 3.1297
9.1531 -2.2414 3.1226
9.2055 -2.1652 3.1107
9.2936 -2.2295 3.0202
9.4054 -2.4152 3.0131
9.4269 -2.5794 2.9179
9.5649 -2.4176 2.7346
9.8006 -2.4104 2.6418
9.941 -2.5128 2.6775
9.8744 -2.6175 2.6489
9.7768 -2.3819 2.7655
9.6863 -2.2057 2.8774
9.6578 -2.1057 3.0083
9.5625 -2.0438 2.9179
9.4911 -2.1533 2.9108
9.5387 -2.2962 2.756
9.4197 -2.5009 2.5632
9.2531 -2.5056 2.468
9.2079 -2.3747 2.3442
9.0936 -2.2985 2.28
8.9675 -2.2366 2.1657
8.9151 -2.1462 2.2514
8.8794 -2.1557 2.3371
8.808 -2.1486 2.4156
8.6033 -2.1057 2.5228
8.5009 -2.2057 2.6465
8.4914 -2.2771 2.5608
8.3152 -2.3009 2.5251
8.1581 -2.3747 2.4061
8.1796 -2.3033 2.2181
8.1915 -2.1105 1.9776
8.4128 -1.9915 1.7253
8.5628 -1.932 1.7491
8.6223 -1.9724 1.811
8.6342 -1.9891 1.9062
8.6485 -2.0486 1.9895
8.658 -2.1557 2.1538
8.6651 -2.0772 2.1371
8.6675 -2.101 2.0586
8.7056 -2.2533 2.1276
8.8365 -2.3319 2.3395
8.8342 -2.3485 2.4371
8.896 -2.4342 2.5751
8.9579 -2.3914 2.5608
8.9603 -2.3676 2.4966
9.0198 -2.2843 2.3966
9.0698 -2.1533 2.3752
9.077 -1.7939 2.1895
9.1841 -1.6178 1.9967
9.1698 -1.5154 1.8396
9.2483 -1.3678 1.7753
9.2674 -1.2059 1.5777
9.3293 -1.1583 1.323
9.465 -1.3154 1.0374
9.5197 -1.444 0.85887
9.465 -1.4107 0.69701
9.3245 -1.3107 0.49467
9.2698 -1.1679 0.64226
9.3293 -0.92506 0.98027
9.4673 -0.66322 1.504
9.6316 -0.46565 1.7991
9.6601 -0.64656 1.9919
9.7292 -0.97267 2.2609
9.6363 -1.1679 2.5418
9.5602 -1.0131 2.7632
9.3459 -0.87746 3.0083
9.1008 -0.71083 3.2226
9.0055 -0.5085 3.0488
8.9389 -0.79414 2.7322
9.1198 -1.4416 2.2085
9.4078 -1.7749 1.7491
9.4721 -1.8082 1.5563
9.4673 -1.8439 1.5278
9.3459 -1.8772 1.4111
9.3269 -1.9724 1.4302
9.3864 -2.1343 1.2731
9.4888 -2.3795 1.1755
9.5078 -2.3628 0.91838
9.4316 -2.3342 0.82555
9.3412 -2.2724 0.77556
9.265 -2.1676 0.68272
9.2483 -2.0867 0.76366
9.2483 -1.9939 0.79936
9.2674 -1.7582 0.82555
9.265 -1.5654 1.0398
9.1983 -1.4511 0.98741
9.246 -1.7796 0.7589
9.3007 -1.8201 0.65654
9.3221 -1.7606 0.60893
9.2745 -1.6701 0.55656
9.2531 -1.6416 0.61607
9.1436 -1.6154 0.68272
9.1269 -1.5678 0.54942
9.1555 -1.5701 0.50182
9.1317 -1.9439 0.2495
9.1365 -2.2295 0.12572
9.1626 -2.1962 0.19237
9.1983 -2.17 0.47087
9.1555 -2.1914 0.58275
9.1983 -2.1438 0.76366
9.1817 -1.8986 0.83507
9.1793 -1.7368 0.99455
9.1936 -1.4892 1.066
9.3174 -1.3726 1.254
9.4554 -1.5225 1.1874
9.4769 -1.6677 1.2826
9.5649 -1.9034 1.1493
9.5602 -1.8986 1.0898
9.6102 -1.9605 1.1778
9.7149 -1.9177 1.2278
9.7792 -1.801 1.3207
9.8149 -1.6725 1.5468
9.7744 -1.4725 1.6063
9.753 -1.2988 1.6801
9.8172 -1.1155 1.673
9.7006 -0.96553 1.6254
9.6221 -0.92268 1.5349
9.703 -0.91792 1.5373
9.7363 -0.79414 1.542
9.6649 -0.65132 1.7015
9.5983 -0.55373 1.7848
9.4269 -0.49184 1.9086
9.3578 -0.4847 1.8372
9.3697 -0.42757 1.7158
9.315 -0.35139 1.6872
9.2317 -0.32997 1.6349
9.165 -0.41805 1.5087
9.2412 -0.64418 1.3111
9.2817 -0.85365 1.1683
9.3674 -1.0322 0.97075
9.4007 -1.1107 0.83745
9.4697 -1.2012 0.91124
9.4102 -1.0893 0.98265
9.3769 -0.94887 1.0184
9.3793 -0.93221 1.1279
9.3697 -0.84175 1.1421
9.2626 -0.91316 1.104
9.2483 -0.86555 1.0493
9.2579 -0.90602 0.98503
9.2912 -1.0203 0.84221
9.3959 -1.2059 0.65892
9.4816 -1.3512 0.67796
9.4888 -1.2107 0.78032
9.4578 -0.94173 0.96361
9.4221 -0.77986 1.2826
9.3626 -0.66084 1.3635
9.3769 -0.56801 1.5063
9.2888 -0.50136 1.4801
9.2245 -0.67513 1.3968
9.2864 -0.98695 1.0969
