-1.8751 -1.8939 10.875
-2.2988 -1.7058 11.223
-2.4678 -1.732 10.835
-2.1227 -1.9058 10.645
-1.868 -2.0367 10.259
-1.5395 -2.6294 9.8186
-1.3015 -3.1912 8.6951
-1.073 -4.0957 8.119
-1.092 -4.1957 7.9167
-1.2348 -4.0457 7.5787
-1.2134 -4.2814 7.8786
-1.1467 -4.3623 8.1428
-0.93489 -3.872 8.5403
-0.7397 -2.9817 9.1997
-0.67305 -1.8772 9.3425
-0.69447 -1.1536 9.3996
-0.67067 -0.97029 9.1069
-0.68733 -0.94649 8.6546
-0.68971 -0.90602 8.4356
-0.63972 -0.65846 8.0524
-0.81587 -0.79414 7.8096
-0.9706 -1.0012 7.6405
-1.1182 -1.3369 7.1502
-1.4752 -1.9034 6.8812
-1.5895 -2.3819 6.9241
-1.5514 -2.4485 6.9122
-1.5943 -2.4366 6.5694
-1.6942 -2.6508 5.8457
-1.5895 -3.1864 5.1388
-1.4776 -3.6077 4.5794
-1.5657 -3.9696 4.3771
-1.7299 -4.3861 4.6032
-1.6538 -5.0621 4.8008
-1.7585 -5.7334 4.1485
-1.6109 -6.5737 2.9798
-1.2063 -6.4261 3.1202
-1.2229 -6.1428 3.0774
-1.1967 -6.4594 3.194
-0.8492 -6.5927 3.513
-0.67781 -6.5761 3.9296
-0.57545 -6.438 4.1271
-0.35408 -6.5475 4.2723
-0.31599 -6.8879 3.9034
0.069626 -7.2807 3.5058
0.10057 -7.4497 3.0369
0.072006 -8.0305 2.6346
0.42192 -8.797 2.4061
0.87181 -9.5896 2.3276
1.5407 -9.9776 2.1419
2.062 -10.304 2.1752
2.2738 -9.9657 2.6203
2.4762 -9.5634 3.2131
2.8689 -9.7562 3.6106
3.2093 -9.93 3.4916
3.1879 -9.9157 3.7106
3.2117 -9.8205 3.9534
3.276 -9.7253 4.1866
3.3355 -9.9538 4.0819
3.6973 -10.028 4.1723
3.8735 -10.061 4.0271
4.2043 -10.458 4.2009
4.6042 -10.668 3.9653
4.6875 -10.804 3.5558
4.947 -10.977 2.8013
5.1612 -11.258 2.2942
5.2493 -11.144 1.7396
5.3136 -10.682 1.6468
5.3731 -10.218 1.7967
5.3445 -9.8872 2.2681
5.3779 -9.2659 2.4513
5.5183 -9.1611 2.5013
5.5921 -9.0517 1.9586
5.8039 -8.8136 1.6182
6.311 -9.3397 1.404
6.6347 -9.7039 0.92552
6.8703 -9.5325 0.44469
7.1012 -9.6634 0.62321
7.1965 -9.6586 0.59465
7.1536 -9.6229 0.89458
7.2845 -9.2326 0.58037
7.5059 -8.966 0.16856
7.5035 -8.666 -0.069473
7.6987 -8.6684 -0.2242
7.863 -8.7517 -0.42891
7.9748 -8.5089 -0.248
7.8796 -8.3709 -0.16231
7.8273 -8.228 -0.12184
7.9534 -8.0067 0.070969
7.8987 -7.7258 0.11143
7.9963 -7.8139 0.16142
8.1629 -7.9638 -0.12422
8.3105 -7.5282 -0.40749
8.4628 -7.1521 -0.67409
8.4628 -7.233 -0.81691
8.4223 -7.4021 -0.75978
8.4676 -7.2759 -0.64552
8.4414 -6.8046 -0.41225
8.4128 -6.4451 -0.098038
8.3533 -6.3166 0.16856
8.3295 -6.2262 0.22569
8.5342 -6.3118 0.11143
8.5818 -6.6427 0.044785
8.4938 -6.2642 0.13286
8.47 -5.4787 0.18047
8.6247 -5.2097 0.48991
8.6056 -5.4835 0.65416
8.6152 -5.1002 0.62321
8.689 -5.3407 0.69225
8.8984 -5.9453 0.56371
8.8984 -6.2619 0.50896
8.8175 -5.7025 0.73271
8.9032 -4.9693 1.1398
8.8841 -5.0526 1.2635
8.8008 -5.1883 1.423
8.6794 -4.717 1.6039
8.5771 -4.4694 1.8301
8.3533 -4.6289 1.9348
8.0605 -4.7765 2.0276
8.101 -4.5766 1.9062
8.2986 -4.7789 1.7753
8.27 -5.0169 1.8515
8.2843 -4.9193 1.9372
8.1462 -4.8051 2.2276
8.1557 -4.4052 2.3347
8.0962 -4.2314 2.4347
8.0772 -4.2433 2.5489
8.2414 -4.1362 2.3799
8.4152 -4.0338 2.13
8.7651 -4.5527 1.8015
8.9079 -4.9098 1.8539
8.8603 -4.7313 2.0372
8.8127 -4.5313 2.2633
8.5842 -4.3314 2.5466
8.4819 -4.1171 2.9512
8.4033 -3.9934 3.1083
8.4462 -3.8601 3.1774
8.4485 -3.6768 3.1393
8.5652 -3.791 3.1678
8.539 -3.6958 3.1369
8.6461 -3.9005 3.2202
8.6842 -4.0434 3.1583
8.7961 -4.1386 2.975
8.8389 -4.2338 2.7751
8.9341 -4.3576 2.7441
8.8556 -4.3766 2.7608
8.6866 -4.0672 2.975
8.7294 -3.7172 3.1297
8.6747 -3.5101 3.1869
8.6342 -3.4078 2.9536
8.6294 -3.3459 3.0322
8.5771 -3.1174 3.0179
8.6437 -3.0674 2.7203
8.896 -3.1007 2.4133
8.8556 -3.1912 2.2323
8.9913 -3.8386 2.2014
9.2222 -4.0434 2.418
8.8413 -3.8125 2.9179
8.9079 -3.2126 3.1631
8.7104 -3.0269 3.4178
8.7913 -2.6366 3.701
8.7128 -2.7294 3.9319
8.7294 -2.8151 4.0152
8.8865 -2.2271 3.6915
9.1293 -2.0248 3.3868
9.1769 -2.051 3.2416
9.1079 -2.5271 3.1655
8.927 -2.8222 3.0226
8.8294 -2.7056 3.0702
8.7247 -2.4866 3.294
8.6271 -2.5294 3.4654
8.5199 -2.3414 3.7748
8.3795 -2.1224 3.9629
8.4462 -1.8796 4.0581
8.4961 -1.8605 4.0771
8.6509 -2.2128 3.8653
8.5866 -2.3057 3.9391
8.4247 -1.9891 4.1509
8.3176 -1.8106 4.3318
8.3152 -1.8248 4.3223
8.2057 -1.9343 4.3128
8.2724 -2.1129 4.1533
8.339 -2.2795 3.8677
8.5342 -2.2319 3.851
8.6437 -2.2628 3.5177
8.6413 -2.5889 3.2964
8.6628 -2.7889 3.0583
8.7366 -2.9912 3.0488
8.6223 -3.134 3.125
8.6628 -2.9246 3.344
8.6437 -2.8246 3.5439
8.539 -2.7294 3.6272
8.5556 -2.6199 3.7748
8.6104 -2.5818 3.8677
8.6247 -2.7413 3.7605
8.7032 -2.7199 3.7106
8.7556 -2.389 3.6868
8.8199 -2.2438 3.5987
8.9627 -2.2152 3.5773
8.9817 -2.6127 3.6153
9.0151 -2.5675 3.5177
9.1888 -2.3438 3.6463
9.0698 -2.2319 3.4321
9.2507 -2.1795 3.3844
9.4269 -2.1272 3.6082
9.5387 -2.5271 3.6701
9.5387 -2.8103 3.5392
9.4792 -2.6294 3.5582
9.3959 -2.2771 3.6153
9.2364 -2.22 3.4939
9.1674 -2.1914 3.3202
9.2674 -2.1962 3.0179
9.3078 -2.3319 2.9845
9.2174 -2.4128 3.1321
9.2507 -2.6604 3.1393
9.215 -2.7437 2.9869
9.0174 -2.7746 3.2321
9.027 -2.9055 3.4749
8.827 -2.9817 3.3678
8.4914 -2.7865 3.6487
8.4247 -2.5913 3.651
8.4676 -2.6318 3.6725
8.5271 -2.051 3.5987
8.6128 -1.5463 3.4773
8.8794 -1.2797 3.2012
9.1055 -1.3226 2.4847
9.065 -1.6749 2.5656
8.9532 -1.663 2.6703
8.9198 -1.5916 2.7179
8.8651 -1.8558 2.6989
8.5795 -1.8891 3.0655
8.3081 -1.4107 3.2988
8.0724 -0.75844 3.5677
8.0177 -0.49184 3.7082
7.8963 -0.18001 3.7272
7.7511 -0.11336 3.6725
7.8058 -0.15858 3.651
7.8201 -0.0038605 3.5749
7.7915 0.00090027 3.344
7.8296 -0.23714 3.1107
7.9344 -0.79176 2.8227
8.051 -1.1988 2.5989
8.1653 -1.4606 2.3133
8.2938 -1.6749 2.4989
8.42 -1.7106 2.6275
8.7247 -1.0655 3.8177
9.165 0.093735 4.22
9.6578 0.82213 3.8915
10.067 0.76024 4.0438
9.8768 1.2696 4.0986
9.7458 1.9861 3.2797
9.6459 1.4577 3.3416
9.5149 0.43651 2.6441
9.434 -0.71083 2.5942
9.2888 -1.4011 2.518
9.4578 -1.9558 2.3847
9.5554 -2.17 2.2585
9.6625 -2.1557 2.2395
9.5173 -1.9819 2.1586
9.3459 -1.6677 2.0467
9.4935 -1.7725 1.6682
9.6459 -1.9391 1.3897
9.584 -2.0748 1.1636
9.5959 -2.0629 1.3135
9.5173 -1.7082 1.3659
9.4245 -1.4416 1.6111
9.2531 -1.2631 1.7539
9.196 -1.0869 1.7634
9.2269 -1.0322 1.8039
9.2817 -0.93935 1.9515
9.3388 -0.8846 1.9324
9.3078 -0.97029 2.1062
9.3007 -0.85365 2.2419
9.2317 -0.62514 2.399
9.196 -0.61324 2.4751
9.1841 -0.55611 2.3799
9.1674 -0.43709 2.4228
9.1864 -0.25856 2.3442
9.2126 -0.28474 2.3299
9.3031 -0.40376 2.2657
9.3245 -0.41566 2.3514
9.365 -0.57753 2.2014
9.3626 -0.67274 2.1966
9.3007 -0.65608 2.3061
9.246 -0.75368 2.1752
9.2745 -0.72511 2.2014
9.215 -0.79414 2.1657
9.1864 -0.80843 2.0895
9.2341 -0.92982 2.0848
9.2293 -0.93221 2.1038
9.2602 -0.95601 2.1276
9.2364 -0.91554 2.1062
9.2555 -0.85603 2.1633
9.196 -0.78224 2.2157
9.1936 -0.54897 2.2228
9.1341 -0.47755 2.3323
9.1626 -0.47755 2.2871
9.215 -0.38472 2.3466
9.2245 -0.23238 2.3847
9.2531 -0.23238 2.3704
9.2317 -0.23714 2.3038
9.2507 -0.26808 2.3157
9.3174 -0.23 2.2276
9.2769 -0.28951 2.1728
9.3126 -0.32997 2.2204
9.3055 -0.37996 2.2085
9.2055 -0.32045 2.2276
9.2364 -0.37758 2.2347
9.265 -0.4109 2.249
9.2745 -0.45375 2.1633
9.2507 -0.46565 2.1419
9.2817 -0.43233 2.2871
9.2555 -0.39662 2.28
9.2579 -0.31093 2.3466
9.2174 -0.35616 2.3775
9.2079 -0.34901 2.2681
9.1603 -0.34663 2.2823
9.2341 -0.35854 2.2204
9.246 -0.43471 2.1586
9.3126 -0.53706 2.1228
9.2769 -0.45375 2.2895
9.2817 -0.48708 2.3442
9.2555 -0.50136 2.368
9.2864 -0.53468 2.3728
9.2745 -0.45613 2.418
9.2769 -0.40138 2.4347
9.2198 -0.36806 2.3918
9.3174 -0.51088 2.2752
9.3912 -0.56087 2.2014
9.3769 -0.69417 2.1705
9.3745 -0.60371 2.1371
9.3388 -0.59419 2.249
9.2674 -0.45613 2.2371
9.2793 -0.39662 2.2038
9.2269 -0.3752 2.1586
9.2007 -0.41805 2.1086
9.1341 -0.35139 1.9205
9.1817 -0.34187 1.9396
9.1912 -0.38948 1.9372
9.1174 -0.31331 2.0538
9.1841 -0.36568 2.1252
9.2293 -0.29189 2.1348
9.2031 -0.28474 2.1943
9.2555 -0.35139 2.2371
9.2317 -0.30141 2.2228
9.1817 -0.28712 2.3228
9.2341 -0.32045 2.2014
9.2031 -0.33473 2.1514
9.2483 -0.52754 2.03
9.3888 -0.60609 2.0229
9.415 -0.62038 2.0943
9.3793 -0.63228 2.1371
