0.48857 -10.463 1.4302
0.39812 -9.5206 1.3516
0.09343 -8.4899 1.4111
-0.17079 -7.9257 1.3064
-0.23506 -7.9852 1.454
-0.20888 -7.8734 1.2945
-0.16365 -8.1733 0.74461
0.17198 -8.7946 0.8065
0.48619 -8.9326 0.96599
0.62663 -8.5899 0.82793
0.48143 -7.9567 0.74937
-0.085098 -7.5187 0.98741
-0.67067 -7.7305 1.0231
-0.7635 -8.4899 1.4587
-0.57307 -8.8707 2.5727
-0.58736 -7.7496 3.4321
-0.83253 -6.7617 4.2723
-0.59212 -6.2119 4.4437
-0.40169 -5.7929 4.2414
-0.43977 -5.5025 3.9272
-0.61592 -5.4716 3.7653
-0.91109 -6.4523 3.7796
-0.9825 -7.3449 3.7843
-0.83492 -7.8638 3.8272
-0.52785 -8.328 4.7984
-0.2541 -7.9757 4.8079
-0.15175 -7.314 5.0126
-0.006546 -7.0498 4.5865
0.3148 -7.195 4.3556
-0.075577 -7.2759 4.358
-0.61116 -7.5592 4.7603
-0.60164 -8.259 5.4577
-0.24458 -8.3066 6.2552
-0.092239 -7.8757 6.6527
-0.2303 -7.7758 6.9479
0.069626 -7.6544 7.0288
0.64568 -7.0926 6.9931
1.0146 -7.0569 6.767
1.136 -7.1926 6.7836
1.3431 -7.1902 6.8146
1.1456 -7.045 7.1573
0.95512 -6.5023 7.5477
0.91942 -6.5618 8.019
0.98131 -6.9688 8.3642
1.0622 -7.1355 8.8641
1.2217 -6.776 8.876
1.5002 -6.488 8.6498
1.7406 -6.369 8.3547
1.8335 -6.2785 8.0785
2.0358 -6.2571 7.9619
2.3738 -6.4618 7.7905
2.4524 -6.3475 7.274
2.6142 -6.2214 6.9859
2.7214 -6.1595 6.855
2.688 -6.1833 6.7551
2.7832 -6.4023 6.8645
2.8999 -6.6261 6.6503
2.9713 -6.5404 6.6955
2.9999 -6.1524 7.0597
3.3284 -5.8953 7.1454
3.6878 -5.8286 6.9003
3.8949 -6.0048 6.6337
4.0877 -6.3452 6.4313
4.4352 -6.5523 6.0624
4.7375 -6.6808 5.7315
4.8399 -6.6522 5.7244
5.235 -6.9783 5.8196
5.7397 -7.7782 5.86
6.211 -8.0662 5.8029
6.4443 -8.1923 5.7267
6.5823 -8.2876 5.4935
6.8608 -8.3304 5.2816
6.9013 -8.1638 4.6579
6.7275 -7.9686 4.2557
6.7489 -7.89 3.9605
6.8442 -7.7686 3.7939
7.0584 -8.0329 3.8439
7.2988 -8.2542 3.8748
7.2964 -8.0614 4.1557
7.2941 -7.5258 4.2628
7.1298 -7.0926 4.2771
7.1655 -6.757 4.3318
7.1417 -6.2595 4.2223
7.1369 -6.0809 3.9367
7.4964 -5.8834 3.4797
7.8225 -5.9024 3.1655
7.9368 -5.7691 3.1488
8.0034 -5.9405 3.144
8.201 -6.0928 3.2392
8.2748 -5.8762 3.5035
8.2843 -5.5073 3.6082
8.3248 -5.2145 3.5082
8.3819 -4.8408 3.4178
8.4914 -4.26 3.5296
8.9222 -4.0505 3.4249
9.3269 -4.4504 3.3535
9.4983 -4.736 3.2226
9.5625 -5.1907 3.2988
9.653 -5.2002 3.4487
9.6816 -4.7741 3.7248
9.6911 -4.379 3.8843
9.7268 -4.298 3.9819
9.6839 -4.2814 3.8915
9.6268 -3.9553 3.6963
9.5959 -3.7648 3.6368
9.5625 -3.8791 3.5987
9.5435 -4.11 3.651
9.2745 -4.2171 3.6915
9.1888 -4.1528 3.87
9.165 -3.8148 3.9296
9.1817 -3.4292 3.6915
9.0984 -3.1602 3.582
9.2341 -2.9769 3.5535
9.2769 -3.0365 3.6034
9.284 -3.1317 3.7677
9.0627 -2.827 4.0319
9.0436 -2.6699 4.1343
8.9865 -2.6984 4.1128
8.8913 -2.7865 4.0748
8.7508 -2.5818 3.9248
8.6747 -2.3723 3.7772
8.6913 -2.2724 3.5201
8.7437 -2.1652 3.444
8.7366 -2.1795 3.4059
8.7009 -2.1057 3.4773
8.6437 -1.932 3.5154
8.6033 -1.8129 3.651
8.6604 -1.8629 3.5915
8.658 -2.0343 3.6296
8.8508 -2.2128 3.5106
8.9556 -2.4437 3.2392
8.808 -2.3985 3.2083
8.8508 -2.2128 3.2178
8.9127 -2.0177 3.3154
8.8032 -1.7177 3.3464
8.7508 -1.801 3.5011
8.8246 -2.0153 3.394
8.8722 -2.0795 3.2964
8.9484 -2.0129 3.3987
8.9079 -1.9439 3.463
8.8532 -1.9034 3.4987
8.7389 -1.9629 3.3511
8.6699 -1.9201 3.3797
8.6509 -1.9391 3.3868
8.708 -2.0581 3.3559
8.758 -2.1176 3.1607
8.8365 -2.2533 3.125
8.8318 -2.1343 3.0226
8.9413 -2.0891 2.8822
8.896 -2.1748 3.0298
8.8389 -2.2486 3.2607
8.7175 -2.1438 3.5773
8.9341 -2.0319 3.7296
9.0127 -2.02 3.9415
9.0055 -2.3342 3.8915
8.8841 -2.5866 3.6772
8.9198 -2.5723 3.3749
8.9008 -2.5271 3.3321
8.946 -2.4366 3.3107
8.9675 -2.4461 3.2797
8.9651 -2.4556 3.3226
8.9603 -2.3795 3.2821
8.9603 -2.3461 3.3844
8.8532 -2.101 3.4154
8.8603 -2.0105 3.3559
8.9294 -2.0486 3.3035
8.9079 -2.1367 3.3035
8.8818 -2.2009 3.2035
8.8365 -2.0153 3.3821
8.7009 -1.8558 3.4178
8.7556 -1.9677 3.3773
8.7199 -2.0748 3.2821
8.7818 -2.0891 3.2202
8.7675 -2.0296 3.3535
8.7556 -1.9629 3.4059
8.7627 -1.8367 3.4892
8.7818 -1.8653 3.4939
8.8342 -2.1248 3.5558
8.8722 -2.2414 3.532
8.9079 -2.1533 3.5606
8.8365 -1.951 3.4701
8.7651 -1.8296 3.5082
8.8532 -1.7582 3.3916
8.7413 -1.9153 3.4511
8.6199 -1.7272 3.4273
8.7223 -1.8486 3.4939
8.7032 -1.9986 3.5154
8.6366 -1.8677 3.6368
8.827 -1.7796 3.7034
8.9317 -1.9129 3.4059
8.9865 -1.9439 3.2916
8.946 -1.8463 3.3273
9.0341 -1.851 3.4535
9.0698 -1.9796 3.1512
9.215 -2.2795 3.0441
9.0746 -2.2105 3.2345
9.0698 -1.8939 3.4559
9.0936 -1.6511 3.6844
9.1983 -1.6796 3.5868
9.2293 -1.7606 3.5368
9.5697 -2.0486 3.1655
9.7958 -2.4485 2.9964
9.7673 -2.1486 2.9369
9.7482 -1.6749 3.1083
9.8649 -1.5868 3.2131
9.6578 -1.851 3.4178
9.6601 -1.9605 3.4344
9.7768 -2.0772 3.0988
9.7244 -1.8796 3.3535
9.7292 -1.3631 3.4249
10.108 -1.9653 2.9488
9.6221 -2.0438 3.1488
9.4173 -1.6082 3.7272
9.1745 -1.2583 3.9486
9.1198 -1.4107 4.1128
8.8484 -1.3345 4.3675
8.777 -1.2869 4.4009
8.5747 -1.3345 4.3533
8.5366 -1.4202 4.2842
8.4009 -1.106 4.2438
8.4652 -0.49184 3.9486
8.7865 0.21513 3.2535
9.0627 0.34367 2.9845
9.0936 0.16991 2.7655
9.0674 -0.013382 2.6656
8.8984 -0.037186 2.8013
8.7485 0.2556 2.8655
8.6318 0.2675 2.9298
8.539 0.22942 2.9941
8.3962 0.39366 2.925
8.2438 0.62932 2.9584
8.2295 0.69835 3.1107
8.0629 0.88164 3.094
8.0201 0.86974 3.1559
8.0843 0.72215 3.0702
8.0748 0.46745 3.1178
8.0129 0.2794 3.2821
8.0391 0.34129 3.3987
8.1129 0.36986 3.4868
8.2533 0.54362 3.6058
8.3129 0.92924 3.6415
8.3795 0.92924 3.482
8.4152 0.86974 3.4154
8.5128 0.9959 3.3559
8.6104 0.79832 3.3678
8.8103 0.5341 3.1655
8.9222 0.33415 3.1393
8.9317 0.60075 3.094
8.9627 0.71501 3.2345
9.0008 0.81975 3.3107
8.977 0.99828 3.4011
8.9651 0.96257 3.2988
8.8318 0.82213 3.1559
8.8032 0.67455 3.144
8.7318 0.62456 3.1583
8.7032 0.60313 2.8917
8.8722 0.3651 2.9798
8.9698 0.40318 2.8417
9.1031 0.47935 2.9012
9.2936 0.35081 2.8203
9.3721 0.24132 2.5942
9.3197 0.17943 2.7013
9.1531 0.1104 2.5608
9.1841 -0.0038605 2.5132
9.2412 -0.058609 2.6061
9.2579 -0.027664 2.6632
9.1817 -0.06813 2.6489
8.9222 -0.11098 2.6727
8.8461 -0.080032 2.6941
8.7556 -0.14906 2.6156
8.8818 -0.61086 2.28
9.0508 -0.62276 2.2919
9.1436 -0.53944 2.3014
9.2436 -0.57991 2.5323
9.315 -0.53468 2.5489
9.3269 -0.33473 2.8846
9.4007 -0.18239 2.9941
9.3983 -0.14668 2.9584
9.3245 -0.1562 2.9203
9.2555 -0.50374 2.6727
9.3221 -0.74892 2.5513
9.4221 -1.0274 2.4632
9.4578 -1.1155 2.3442
9.4435 -1.1107 2.28
9.3769 -1.1084 2.3799
9.3602 -0.97505 2.4585
9.2245 -0.787 2.5489
9.1912 -0.57277 2.5513
9.0912 -0.54182 2.4061
9.1531 -0.87508 2.3204
9.1912 -1.1512 2.2371
9.165 -1.2559 2.2728
9.1674 -1.2821 2.2347
9.1127 -1.1322 2.3418
9.0103 -0.99409 2.2847
9.1055 -0.91554 2.2871
9.1579 -0.73701 2.3395
9.0365 -0.5204 2.249
9.0246 -0.78224 2.1086
9.1864 -0.87746 2.1324
9.2436 -0.91078 2.2038
9.3459 -0.89412 2.3918
9.3388 -0.83461 2.4252
9.3602 -0.78938 2.4585
9.3364 -0.65846 2.4394
9.3126 -0.55135 2.4347
9.2959 -0.43471 2.4585
9.2698 -0.37044 2.3609
9.2983 -0.39186 2.2681
9.2436 -0.57991 2.1895
9.3031 -0.92268 2.061
9.3436 -0.96553 2.2728
9.315 -0.98457 2.1586
9.3293 -0.97505 2.2371
9.3483 -0.89174 2.3323
9.3555 -0.71559 2.3466
9.2912 -0.63704 2.3537
9.2674 -0.58467 2.2681
9.2317 -0.57515 2.3276
9.2602 -0.62038 2.1371
9.215 -0.79414 2.2561
9.2721 -0.86555 2.2561
9.3245 -0.80843 2.2395
9.2698 -0.77034 2.2062
9.2721 -0.7632 2.2371
9.2721 -0.64418 2.2919
9.2602 -0.57753 2.2014
9.2888 -0.67513 2.0919
9.3364 -0.71321 2.0657
9.3793 -0.71559 2.0871
9.3436 -0.74654 2.1109
9.3388 -0.72035 1.9467
9.3031 -0.69893 1.9229
9.334 -0.69179 1.8491
9.3245 -0.70131 1.8729
9.3221 -0.61086 1.892
9.3912 -0.54659 1.9443
9.3626 -0.56801 2.0348
9.3674 -0.57039 2.199
9.415 -0.59895 2.2228
9.3912 -0.58943 2.2181
9.3245 -0.52754 2.1919
9.2531 -0.50136 2.1895
9.215 -0.65132 2.1014
9.2602 -0.69179 2.0276
9.2959 -0.66322 2.1633
9.3293 -0.70131 2.23
9.2959 -0.74178 2.2442
9.246 -0.70845 2.2657
9.2079 -0.67751 2.368
9.1983 -0.70369 2.2085
