-0.2065 -1.9653 7.7477
-0.4493 -2.3081 7.0978
-0.42073 -2.7389 6.3504
-0.3517 -2.9198 6.1147
-0.54213 -2.6104 6.0838
-0.74208 -2.7603 6.298
-0.81111 -3.1769 6.4361
-0.77541 -3.2602 6.0314
-0.73732 -3.4387 5.8315
-0.68733 -3.7577 5.5363
-0.91347 -4.1671 5.4101
-1.1729 -4.2243 5.403
-1.5157 -4.329 5.6648
-1.7585 -4.0172 5.9195
-1.9227 -4.0553 6.6694
-1.9085 -4.1528 7.1145
-1.53 -3.9815 7.1002
-1.0777 -4.3528 6.6979
-0.87062 -4.8741 6.3004
-1.0253 -5.0693 6.1362
-1.3515 -4.786 6.5789
-1.5371 -4.4504 7.3454
-1.4395 -3.7577 7.9738
-1.192 -3.6673 8.3547
-0.93013 -4.0386 8.3761
-0.73732 -4.1838 8.845
-0.3755 -4.5147 9.1259
-0.23268 -5.0741 9.0854
-0.092239 -5.324 9.0069
-0.13271 -4.9003 8.6808
-0.50642 -5.1002 8.4523
-0.81825 -5.8024 8.3237
-0.68495 -6.4475 8.0595
-0.33742 -6.6237 8.0381
-0.19221 -6.7927 8.188
-0.1089 -6.5999 8.6546
-0.17793 -6.2142 9.2092
-0.31837 -5.8143 9.4187
-0.18269 -5.424 9.0807
0.14342 -5.2978 8.3832
0.37669 -6.5594 7.712
0.75279 -7.9781 6.767
1.217 -9.0969 7.0693
1.5574 -9.0588 7.3763
1.7121 -8.6613 7.8286
1.6145 -8.3613 8.3618
1.4859 -8.1328 8.8355
1.4812 -7.9995 8.9664
1.7049 -7.7448 9.0212
1.9501 -7.1569 8.9498
2.1667 -6.9879 8.8403
2.281 -7.1212 8.5784
2.1739 -7.5639 7.8024
2.1667 -8.0257 7.1645
2.2334 -7.802 6.5337
2.2667 -7.5163 6.3123
2.0977 -7.3045 6.1362
2.0572 -7.3306 5.9433
2.0858 -7.4663 6.3837
2.2405 -7.1831 6.0933
2.2858 -6.9855 5.8886
2.3167 -6.5261 5.741
2.3024 -6.3809 5.3435
2.7452 -6.2619 5.0555
3.3569 -6.7355 5.0317
3.8306 -7.0878 4.8603
4.0996 -7.6068 4.8222
4.3305 -8.0162 4.8674
4.4043 -7.84 4.8222
4.4828 -7.5687 4.896
4.59 -7.2949 5.1697
4.6566 -6.9355 5.4601
4.9327 -6.7094 5.0721
5.4017 -7.1045 4.5794
5.9729 -7.7472 3.9272
6.2991 -8.2304 3.5558
6.2015 -8.3209 3.2678
6.0682 -8.2614 3.4963
6.0467 -7.6163 4.0057
6.2086 -7.0355 4.2342
6.4466 -7.0474 4.0962
6.8965 -8.0329 3.5915
7.3179 -8.4589 3.0845
7.9249 -8.4351 2.6489
7.8796 -8.4946 2.3609
7.5797 -8.3685 2.2204
7.5892 -7.9852 2.5942
7.6678 -7.4544 3.1774
7.6963 -7.095 3.5701
7.8701 -6.8855 3.8843
7.9772 -6.7641 3.9343
8.0843 -6.5689 3.8367
8.0034 -6.3618 3.6725
7.7701 -5.9334 2.956
7.9391 -6.2333 3.0107
8.0367 -6.2214 2.9893
8.0796 -6.288 3.4368
8.1438 -6.2166 3.8034
8.1557 -5.9405 4.1509
8.1629 -5.6977 4.2223
8.1343 -5.5168 3.901
8.0629 -5.4168 3.5915
8.1962 -5.3335 3.4797
8.2914 -5.0883 3.3487
8.4128 -4.9288 3.4725
8.4676 -4.886 3.3392
8.2771 -4.8551 3.4773
8.32 -4.7932 3.7058
8.3819 -4.7908 3.6487
8.5057 -4.7218 3.6701
8.6699 -4.617 3.7272
8.6461 -4.3576 3.632
8.689 -4.1957 3.6368
8.8365 -4.1267 3.4202
8.8627 -4.1838 3.2083
8.9008 -4.3409 3.1797
8.858 -4.398 3.094
8.7366 -4.4409 3.2083
8.7104 -4.3528 3.2964
8.7294 -4.1505 3.4059
8.6532 -3.891 3.4082
8.7913 -3.8006 3.2726
8.7699 -4.0172 3.0821
8.7532 -4.0029 2.8988
8.7723 -3.6673 2.9679
8.6509 -3.315 3.0869
8.7056 -3.1888 3.3178
8.6651 -3.2221 3.3416
8.6628 -3.2174 3.3725
8.6818 -3.0864 3.3511
8.7009 -2.9365 3.3654
8.6556 -2.9436 3.5201
8.6818 -2.8889 3.6677
8.6651 -2.7794 3.7915
8.7294 -2.7746 3.8105
8.7342 -2.7818 3.7629
8.6509 -2.7389 3.8724
8.5914 -2.6461 3.7701
8.4842 -2.5437 3.901
8.4581 -2.4913 3.8986
8.4485 -2.539 3.8391
8.5199 -2.5651 3.9057
8.6199 -2.7032 3.7439
8.6342 -2.8436 3.5654
8.5604 -2.8984 3.4963
8.6009 -2.5604 3.6106
8.5699 -2.2152 3.8724
8.4938 -2.1914 4.1105
8.5485 -2.2676 4.2223
8.4914 -2.3747 4.3128
8.5818 -2.3438 4.2795
8.7056 -2.5152 4.0843
8.8532 -3.0698 3.732
8.8318 -3.2126 3.4511
8.8889 -2.7413 3.4749
8.808 -2.1962 3.6463
8.7032 -2.0058 3.8986
8.6128 -1.9486 4.0081
8.5699 -2.1533 4.1176
8.5842 -2.289 4.2009
8.6913 -2.2605 4.0938
8.8699 -2.4533 3.9057
8.9532 -2.658 3.701
9.0698 -2.5104 3.6606
9.0174 -2.2747 3.5987
8.9889 -2.4318 3.5677
8.8818 -2.4556 3.5368
8.7032 -2.3557 3.7225
8.4985 -2.22 3.92
8.4723 -1.8558 3.9986
8.4033 -1.8034 4.1105
8.3224 -1.7891 4.2509
8.3724 -1.7701 4.2247
8.4223 -1.6868 4.0724
8.4747 -1.632 3.8796
8.6175 -1.7034 3.6796
8.8794 -2.0676 3.5201
9.0103 -2.4866 3.3559
9.0412 -2.289 3.5773
8.8032 -1.8796 4.0295
8.6366 -1.7106 4.1533
8.5556 -1.8439 4.1009
8.6437 -2.0034 4.0081
8.6485 -1.9082 3.9748
8.6723 -1.9224 3.9557
8.7247 -2.0272 3.8224
8.9413 -2.2366 3.5844
8.9056 -2.4437 3.5582
8.8389 -2.3985 3.582
8.9198 -2.3104 3.6677
8.8508 -2.2105 3.8082
8.8175 -2.1414 3.8439
8.8056 -1.9367 3.9867
8.9008 -1.6011 4.0533
8.8984 -1.2964 4.1057
9.0698 -1.2488 3.9653
9.3197 -1.6439 3.6796
9.6363 -2.3819 3.3487
9.6149 -2.7865 3.4392
9.5602 -2.5342 3.4463
9.7173 -2.1414 3.2797
9.8244 -1.7582 3.2511
9.7911 -1.3488 3.0964
9.8577 -1.7082 3.1559
9.584 -1.7177 3.3202
9.4388 -1.6487 3.5296
9.3793 -1.7153 3.4344
9.2436 -1.6606 3.532
9.1983 -1.5273 3.5344
9.0317 -1.1631 3.6463
8.9627 -0.81795 3.8724
8.8389 -0.78224 4.0486
8.708 -0.89888 4.1557
8.6223 -0.97029 3.9367
8.689 -1.2774 3.8867
8.6413 -1.3512 3.7153
8.7199 -1.3797 3.7129
8.7342 -1.4416 3.6368
8.6699 -1.2369 3.444
8.5937 -1.0465 3.2107
8.5414 -0.77272 2.8298
8.5914 -0.63942 2.7203
8.5866 -0.41328 2.618
8.6604 -0.40614 2.6751
8.7009 -0.48946 2.5204
8.6056 -0.61086 2.5418
8.3771 -0.47517 2.9417
8.1343 -0.1205 3.3773
8.001 0.16277 3.9438
7.9701 0.63646 4.2699
7.9867 0.72929 4.6627
7.9915 0.70073 4.7793
7.951 0.69835 4.7246
8.12 0.5341 4.3556
8.1843 0.51982 3.8748
8.2986 0.61028 3.8581
8.2986 0.71263 3.7463
8.3414 0.63646 3.7296
8.3962 0.31035 3.7867
8.589 0.1223 3.8819
8.6675 0.005661 3.6082
8.7532 -0.26332 3.4844
8.7984 -0.30141 3.4035
8.7389 -0.28951 3.2297
8.777 -0.41805 3.1083
8.9198 -0.50612 2.9869
8.9698 -0.45851 2.9584
9.0603 -0.399 3.0536
9.0293 -0.3752 2.925
9.1055 -0.21809 2.9417
9.0531 -0.082413 2.9441
9.165 -0.15382 2.7679
9.2531 -0.22047 2.7084
9.4721 0.26274 3.4059
9.4245 1.4648 3.5987
9.0936 2.4075 3.6368
9.1507 2.8026 3.8462
9.2317 3.3406 3.651
9.2079 3.3834 3.5177
9.3245 3.2311 2.8655
9.3078 2.6741 2.6703
9.1269 2.3837 2.8941
8.9079 2.2456 2.9012
8.9746 1.5362 2.618
9.1793 0.6555 2.468
9.5649 0.1104 2.2752
9.7815 0.022324 1.5754
9.5935 -0.077652 2.0038
9.5316 -0.091934 1.2826
9.4554 -0.48946 0.96837
9.4459 -0.59419 0.79936
9.3745 -0.58229 0.7708
9.1817 -0.37282 1.6634
9.1269 0.40794 1.811
9.0603 0.16991 2.1205
9.215 0.10802 2.1705
9.1817 0.36986 2.1609
9.1626 0.41032 2.1133
9.115 0.49364 2.0157
9.0841 0.6436 2.0562
9.1484 0.765 2.199
9.2483 0.69835 2.2681
9.3078 0.78166 2.3109
9.3412 0.75786 2.3418
9.3555 0.72215 2.1752
9.3459 0.60313 2.1752
9.3055 0.57695 2.0181
9.3555 0.49126 1.9372
9.3436 0.4008 1.7729
9.3269 0.31987 1.8063
9.3055 0.22466 1.911
9.4126 0.13896 1.9324
9.3436 0.079453 1.9681
9.334 0.18419 1.9062
9.2745 0.21513 1.911
9.2007 0.33177 1.9158
9.196 0.29131 2.0229
9.215 0.29369 2.0229
9.1722 0.2794 1.9919
9.1983 0.32701 2.0491
9.1936 0.29607 2.0586
9.2507 0.23418 2.2062
9.2222 0.34843 2.2181
9.2007 0.32701 2.3323
9.1983 0.31987 2.2847
9.2245 0.24608 2.2823
9.2412 0.32225 2.3395
9.2412 0.14848 2.0776
9.2269 0.086594 2.1228
9.3959 -0.018143 2.2085
9.4578 -0.027664 2.4061
9.4388 -0.075272 2.4656
9.3721 -0.013382 2.6703
9.1365 0.1104 2.6775
8.9889 0.14134 2.6203
9.0365 0.074692 2.5228
9.0317 0.043747 2.4252
9.1174 0.038986 2.4085
9.1246 0.072311 2.3656
9.0912 0.046127 2.3299
9.1579 -0.027664 2.3728
9.1555 -0.053848 2.5037
9.2055 -0.049088 2.4989
9.2055 -0.020523 2.4299
9.2103 0.005661 2.4394
9.2055 0.015182 2.3966
9.1674 0.005661 2.3299
9.1841 0.055649 2.4228
9.2341 -0.0038605 2.5061
9.2721 -0.11098 2.5513
9.3078 -0.15144 2.5585
9.3031 -0.15144 2.4775
9.1983 -0.082413 2.4585
9.1603 -0.039566 2.3847
9.1246 -0.060989 2.3395
9.1079 0.024704 2.4204
9.1888 -0.11336 2.518
9.2103 -0.21095 2.5965
9.2674 -0.35139 2.7108
9.3031 -0.38472 2.687
9.3102 -0.38472 2.6418
9.2864 -0.38472 2.5775
9.2388 -0.33235 2.4394
9.1841 -0.30855 2.4442
9.165 -0.28236 2.487
9.1817 -0.21095 2.537
9.2103 -0.28236 2.6061
9.1531 -0.35139 2.6322
9.1531 -0.29903 2.7179
9.1436 -0.34187 2.7489
9.1436 -0.26808 2.6989
