0.36003 -5.6929 -0.012344
0.16008 -6.2976 0.009079
-0.011307 -7.0878 0.16856
-0.41121 -6.5903 0.97551
-0.53023 -5.9072 1.9848
-0.19221 -5.9119 2.5442
-0.27315 -6.1167 2.6513
-0.68971 -6.2047 2.4442
-0.92061 -6.269 2.1086
-1.2372 -6.2262 2.0919
-1.53 -6.0191 2.5132
-1.461 -6.5689 2.9988
-1.3419 -7.2235 3.1655
-1.2872 -7.9829 3.7915
-1.0349 -7.9971 4.3056
-0.57784 -7.8115 4.7436
-0.11128 -7.3949 4.9269
-0.027969 -6.9212 5.1697
0.0053558 -6.8212 4.9031
-0.40407 -7.4092 4.3342
-1.0349 -8.3447 4.7793
-1.1563 -8.9802 5.4435
-0.9706 -9.2968 6.0885
-0.80873 -8.9445 6.4099
-0.5945 -8.5518 6.4266
-0.27791 -8.4994 6.3647
0.10295 -8.5208 6.0552
0.4481 -8.3566 5.9743
0.679 -8.1614 6.0433
0.54094 -8.1995 5.9195
0.29814 -8.4827 5.9338
0.067245 -8.7803 5.9219
-0.1946 -9.0921 6.0409
0.03154 -9.2849 6.3194
0.44572 -9.3349 6.3218
0.6909 -9.2016 6.2171
1.0004 -8.8493 6.1409
1.4693 -8.4827 5.622
1.6192 -8.6732 5.2102
1.9834 -9.2754 5.084
2.2286 -9.8157 5.1911
2.1215 -9.711 5.572
2.0525 -9.1564 5.9743
2.2524 -8.8017 6.5408
2.4286 -8.6422 6.4908
2.5857 -8.9469 6.2457
2.8047 -8.747 6.2385
2.8261 -7.8948 6.0433
2.8332 -7.6234 6.0338
3.0284 -7.6734 5.991
3.2331 -7.4996 5.4411
3.2546 -7.971 4.915
3.245 -8.6803 4.6413
3.2308 -8.6851 4.6484
3.1379 -7.9281 4.8603
3.0879 -7.2473 5.0436
3.4759 -7.2545 5.2459
3.8806 -7.5163 5.2292
3.9544 -7.5592 5.1483
4.1329 -7.3806 4.915
4.1472 -7.2997 4.5794
4.1496 -7.4687 4.3247
4.2281 -7.7591 4.0986
4.3638 -7.6996 4.408
4.6304 -7.7448 4.3961
5.0351 -8.2447 4.17
5.4183 -8.5089 3.8653
5.6587 -8.4209 3.7344
5.8277 -8.2066 3.6963
5.8896 -7.7829 3.8391
5.8968 -7.383 4.0462
5.9563 -7.4901 4.0486
6.0824 -7.6449 3.7867
6.4205 -7.9138 3.3987
6.4681 -7.9257 3.1583
6.6609 -8.1352 3.3821
7.0417 -8.0828 3.5273
7.0394 -7.6687 3.5035
7.1322 -7.2021 3.6582
7.3083 -6.9046 3.8272
7.3417 -6.7927 3.8391
7.2869 -6.826 3.7153
7.3345 -6.9641 3.6725
7.3869 -7.1759 3.7082
7.4369 -7.1688 3.632
7.5916 -7.0926 3.6629
7.7844 -6.726 3.4916
7.8915 -6.5094 3.2273
7.813 -6.3666 3.094
7.8844 -6.0452 3.4701
7.7725 -5.8786 3.7201
7.6749 -5.6787 3.8938
7.5797 -5.5049 4.0533
7.6868 -5.4382 3.9867
7.7558 -5.3335 3.7653
7.9463 -5.3549 3.7272
8.0796 -5.174 3.7558
8.2105 -5.1455 3.8558
8.3057 -5.2169 3.8153
8.4462 -5.1359 3.8415
8.5152 -5.0193 3.8201
8.5676 -5.1288 3.87
8.5509 -5.1669 3.8248
8.6747 -5.105 3.8391
8.5295 -4.667 3.8748
8.6128 -4.3909 3.7129
8.5818 -4.379 3.7677
8.6009 -4.3242 3.9986
8.6009 -4.2409 4.1224
8.6485 -3.9957 4.1366
8.5747 -3.6911 4.2604
8.4938 -3.622 4.4104
8.4366 -3.534 4.408
8.4676 -3.4911 4.4009
8.6509 -3.3959 4.2628
8.8627 -3.4625 4.0438
8.9865 -3.7696 3.8391
9.0698 -4.2124 3.7106
8.9841 -4.2266 3.6677
8.8199 -3.9339 3.8819
8.8294 -3.6696 4.0129
8.6128 -3.3316 4.2176
8.5128 -3.2507 4.1723
8.4628 -3.3673 4.2676
8.339 -3.2769 4.2557
8.4081 -3.2578 4.1319
8.3843 -3.0793 3.8724
8.4152 -2.9746 3.8819
8.3938 -3.1293 3.8082
8.2938 -3.2745 3.7629
8.1891 -3.0484 3.8677
8.1153 -2.9293 4.189
8.0177 -2.8341 4.3723
7.8511 -2.877 4.239
8.0058 -2.8841 4.3485
7.9939 -2.3652 4.3342
8.1224 -2.4961 4.0724
8.2081 -2.708 3.92
8.2081 -2.8627 3.7582
8.37 -2.8722 3.5868
8.5033 -3.065 3.4773
8.4533 -3.2269 3.5511
8.4914 -3.015 3.7106
8.4247 -2.746 3.9653
8.4152 -2.7032 4.0224
8.4533 -2.677 4.0986
8.489 -2.6913 4.0581
8.4628 -2.6865 4.1152
8.5795 -2.6437 4.1557
8.5818 -2.7627 3.9724
8.6271 -2.8532 3.8581
8.6318 -2.7294 3.9319
8.5509 -2.5747 3.9319
8.5437 -2.4675 3.9462
8.5937 -2.3914 4.0367
8.589 -2.2985 3.97
8.727 -2.1629 3.8462
8.7532 -2.3295 3.7891
8.5652 -2.27 3.9296
8.6128 -2.289 3.9224
8.7009 -2.5842 3.8367
8.6009 -2.6342 3.7225
8.539 -2.5437 3.7296
8.6366 -2.5033 3.7962
8.6866 -2.5985 3.7653
8.7223 -2.4747 3.6772
8.6485 -2.3914 3.6272
8.608 -2.4176 3.801
8.6271 -2.3223 3.701
8.5937 -2.2795 3.7748
8.5771 -2.2319 3.701
8.639 -2.2652 3.732
8.7104 -2.3057 3.7391
8.539 -2.3319 3.8343
8.5128 -2.4485 3.8058
8.6033 -2.4366 4.1009
8.5699 -2.4699 3.8367
8.5509 -2.627 3.6868
8.6675 -2.1795 3.7034
8.6699 -1.9415 3.651
8.6866 -2.1819 3.7463
8.7627 -2.2271 3.8986
8.6818 -2.3342 4.1057
8.6556 -2.7032 4.0343
8.6056 -2.5818 3.9772
8.6842 -2.4342 3.9129
8.858 -2.439 3.6939
9.0198 -2.408 3.4939
8.8056 -2.2795 3.632
8.7556 -2.0081 3.7605
8.5795 -2.0296 4.0462
8.5818 -1.9201 4.2223
8.608 -2.3604 4.1533
8.5295 -2.6984 3.9986
8.6604 -2.6556 3.8962
8.6009 -2.3866 3.7724
8.6413 -2.1795 3.7843
8.7651 -2.2938 3.801
8.8413 -2.3557 3.7344
8.7413 -2.151 3.682
8.6937 -2.2366 3.6296
8.8032 -2.4057 3.5058
8.9175 -2.4104 3.3773
8.6651 -2.2343 3.4678
8.5295 -2.0962 3.6796
8.4819 -2.1224 3.8843
8.4581 -2.3057 3.9176
8.4604 -2.3985 3.951
8.6152 -2.358 4.0248
8.5342 -1.9558 3.6891
8.5009 -2.0129 3.5654
8.7032 -2.0462 3.4701
8.8103 -2.22 3.5392
8.8413 -2.4414 3.3535
8.7961 -2.5271 3.3345
8.6961 -2.1581 3.4511
8.5771 -1.8891 3.6987
8.5033 -2.001 3.8558
8.5676 -2.1938 3.5535
8.4938 -2.0438 3.7558
8.5295 -2.1105 4.0748
8.6842 -2.2033 3.97
8.7199 -2.4675 3.7558
8.858 -2.2914 3.6653
8.9841 -2.0272 3.6987
9.1603 -2.1581 3.7534
9.2531 -2.2747 3.7248
9.2983 -2.2533 3.7891
9.3769 -2.101 3.8391
9.4269 -1.8367 3.6082
9.6244 -1.6082 3.5963
9.8815 -1.5844 3.6391
10.098 -1.7439 3.5654
10.129 -2.0891 3.3368
9.9863 -2.1962 3.2535
9.8101 -2.1605 3.0536
9.5554 -2.0843 2.9227
9.315 -1.9653 2.8822
9.1055 -1.9058 2.9584
8.9246 -1.832 2.9012
8.7889 -1.9105 2.7894
8.6461 -2.0058 2.6465
8.4414 -1.8367 2.668
8.4628 -1.9105 2.4014
8.2771 -2.1343 2.4466
8.1058 -2.2128 2.5537
7.882 -1.9986 2.856
7.7535 -1.9939 2.806
7.6154 -1.9605 3.0417
7.5821 -1.6749 3.0512
7.9225 -1.1226 2.9417
8.758 -1.3012 1.8515
9.0698 -1.2036 1.5016
8.827 -0.8727 1.5635
8.8627 -0.21809 1.7896
9.0793 -0.42281 2.1966
9.0889 -0.7751 2.7227
8.8461 -0.59657 3.263
8.8056 -0.41805 3.4916
8.8389 -0.11812 3.8415
8.7532 0.28416 4.2414
8.7437 0.44841 4.4889
8.8461 0.22704 4.3033
8.8651 0.088974 4.1962
8.7461 0.24608 4.2176
8.6913 0.37462 3.4011
9.2293 0.17229 2.9036
9.3459 0.17229 2.8441
9.3935 0.069931 3.0012
9.315 -0.31807 3.1012
9.4269 -0.6299 3.2535
9.5102 -0.68465 3.4059
9.5673 -0.46803 3.5606
9.5007 -0.54182 3.3321
9.6244 -0.83699 3.1345
9.6625 -1.0084 3.1059
9.5959 -0.94649 3.0155
9.5245 -0.85365 2.9131
9.5816 -0.69179 2.8108
9.5483 -0.76796 2.8132
9.4221 -0.55135 2.7775
9.3293 -0.5204 2.737
9.2698 -0.51802 2.5323
9.3055 -0.66084 2.3371
9.2436 -0.7632 2.0633
9.2317 -0.98695 2.0038
9.2103 -0.91792 1.9015
9.1817 -0.62752 2.0395
9.1722 -0.40614 2.08
9.1531 -0.23476 2.0134
9.2031 -0.25856 1.7682
9.2888 -0.20143 1.5944
9.4269 -0.044327 1.3207
9.4459 0.10564 1.0207
9.4507 0.29131 0.99455
9.4435 0.61266 0.82793
9.4483 0.6317 0.94695
9.3864 1.2125 0.95409
9.2293 1.2006 1.0921
9.2079 1.5291 1.1207
9.284 1.5767 1.2326
9.3102 1.4244 1.4921
9.3197 1.1601 1.5896
9.3555 0.94591 1.5444
9.3555 0.81975 1.673
9.4007 0.71501 1.7087
9.3745 0.54124 1.7301
9.4054 0.33891 1.7253
9.4173 0.2675 1.5301
9.4102 0.22704 1.5492
9.4697 0.16277 1.4111
9.4245 0.081833 1.2159
9.453 -0.013382 1.1564
9.5292 -0.049088 1.1683
9.5625 -0.12526 1.2945
9.5411 -0.17763 1.5301
9.4507 -0.087173 1.5206
9.3412 -0.027664 1.573
9.2531 0.043747 1.5563
9.2174 0.096115 1.5825
9.2198 0.158 1.5468
9.215 0.32225 1.6158
9.2293 0.39842 1.6087
9.1983 0.43651 1.7491
9.2507 0.54601 1.7229
9.2103 0.70549 1.673
9.1674 0.7769 1.6611
9.2103 0.80547 1.6444
9.3078 0.88402 1.6349
9.3293 0.68883 1.5516
9.434 0.4127 1.5278
9.4602 0.33415 1.5754
9.4007 0.29131 1.6968
9.4721 0.21989 1.7182
9.2412 0.30559 1.8729
9.3459 0.20323 1.8324
9.2626 0.091354 1.8586
9.2698 0.005661 1.9086
9.1769 -0.018143 1.9467
9.2579 -0.10622 1.9181
9.2531 -0.19905 1.9824
9.2317 -0.18953 2.0871
9.2912 -0.1324 2.1062
9.2864 -0.060989 2.0372
9.315 0.017563 1.8943
9.3007 0.14372 1.8801
9.315 0.029465 1.842
9.2888 0.029465 1.8658
9.2936 0.036606 1.9491
9.3031 0.050888 1.9443
9.3436 0.015182 1.8705
