-0.2303 -5.0788 9.2164
-0.16603 -4.7908 9.0473
0.12437 -4.567 8.8022
0.40288 -4.7313 8.0024
0.59569 -5.6549 7.2716
0.67662 -5.8977 6.7574
0.45287 -5.7882 6.3194
0.29338 -5.4835 6.0148
0.16008 -5.7953 5.1197
0.21007 -6.1881 4.4985
0.036301 -6.4356 4.0105
0.057724 -6.9855 3.225
0.12437 -7.3021 2.7989
0.24815 -7.2378 2.7846
0.2791 -7.1045 2.7465
0.25768 -7.1307 2.9679
-0.23268 -7.0355 3.3606
-1.1396 -6.8498 3.9629
-1.7633 -6.5808 4.6556
-1.8585 -6.6284 5.2911
-1.649 -6.6356 5.4149
-1.2967 -6.7355 5.1602
-1.1015 -7.0045 5.1316
-1.023 -7.2211 5.1864
-1.0777 -7.0283 4.9007
-1.3324 -6.9974 4.9364
-1.5728 -7.0997 4.6603
-1.4443 -7.4187 4.9674
-1.2539 -8.1995 5.4173
-1.0825 -9.1254 5.5101
-0.84444 -10.082 5.1911
-0.41597 -10.454 5.1007
0.09819 -10.32 4.7651
0.42906 -10.211 4.3128
0.69804 -10.275 4.1438
0.92894 -10.061 4.2319
1.0384 -9.8086 4.5461
0.84801 -9.5039 4.6627
0.59807 -9.4682 4.7817
0.46953 -9.8562 4.9936
0.36955 -10.066 5.0745
0.34575 -10.073 5.1602
0.41716 -9.8967 4.8603
0.64806 -9.6182 4.646
1.1241 -9.573 4.5627
1.2717 -9.4397 4.2818
1.5788 -9.2445 4.1224
1.7621 -8.9755 3.9653
1.6407 -8.8922 3.851
1.5693 -9.173 3.7391
1.8858 -9.4111 3.9534
2.0239 -9.2016 4.1962
2.1429 -8.9541 4.5056
2.1072 -9.0588 4.5104
2.2905 -9.3587 4.746
2.381 -9.223 4.6936
2.3691 -8.9136 4.4485
2.3976 -8.3899 4.0176
2.5595 -8.2733 4.0462
2.6499 -8.1685 4.3794
2.8094 -7.9829 4.6936
2.8356 -7.9043 5.0412
2.819 -7.7329 5.0245
2.9737 -7.5877 4.8436
3.176 -7.621 4.558
3.3926 -7.9043 4.2533
3.5807 -8.3209 4.12
3.9901 -8.5184 4.0176
4.2686 -8.6779 4.1033
4.3257 -8.7303 4.0724
4.5423 -8.2971 4.0724
4.6875 -7.9567 3.9129
4.8208 -7.7758 3.782
4.997 -7.7948 3.5463
5.1993 -8.0424 3.2773
5.6849 -8.5827 2.6513
6.0824 -8.9636 2.418
6.1919 -9.273 2.3514
6.1777 -8.9112 2.518
6.2372 -8.2423 2.9774
6.3514 -7.7282 3.3345
6.3538 -7.3068 3.313
6.4776 -7.0236 3.2773
6.818 -7.2949 3.2345
7.2345 -7.364 2.9417
7.2917 -7.4735 2.687
7.2964 -7.5663 2.5561
7.5488 -7.7853 2.5251
7.6678 -7.7829 2.537
7.5369 -7.602 2.8608
7.4631 -7.0878 3.1726
7.4773 -6.6641 3.2559
7.4107 -6.4261 3.1726
7.4607 -6.2928 3.0107
7.732 -5.9524 2.8274
7.8392 -5.8977 2.6584
8.2057 -6.2904 2.6418
8.1653 -6.6284 2.7132
8.1058 -6.5142 2.7632
8.1391 -6.1976 2.8536
8.1629 -6.0452 2.7965
8.0986 -5.8358 3.0131
8.1034 -5.5358 3.2797
8.3033 -5.4073 3.3368
8.3652 -5.4121 3.2868
8.3462 -5.4121 3.3916
8.2676 -5.2502 3.3321
8.2771 -5.0764 3.1488
8.2938 -5.0312 2.9703
8.2414 -5.0621 3.0226
8.2533 -5.1098 2.9488
8.4081 -4.9431 2.8893
8.6318 -5.0003 3.0298
8.7175 -5.1455 3.2131
8.6628 -5.005 3.4392
8.6175 -4.6741 3.6201
8.6413 -4.398 3.701
8.6485 -4.2219 3.7391
8.7247 -4.0886 3.5939
8.8484 -3.8196 3.3868
8.8651 -3.8458 3.4011
8.8365 -3.9719 3.4225
8.8318 -3.9886 3.4059
8.8865 -4.2623 3.2916
8.9984 -4.5289 3.2273
9.0317 -4.7099 3.2654
8.9698 -4.5432 3.2178
8.9175 -4.1909 3.4106
8.7984 -3.7767 3.4344
8.8151 -3.4816 3.5749
8.8556 -3.2554 3.5939
8.8413 -3.2174 3.5487
8.8413 -3.2269 3.5296
8.808 -3.2554 3.5892
8.7223 -3.2459 3.5225
8.6842 -3.2316 3.3892
8.7128 -3.2435 3.4321
8.5676 -3.2983 3.2868
8.6247 -3.2412 3.2369
8.6913 -3.0317 3.006
8.7151 -2.9531 2.8393
8.6675 -3.0031 2.8798
8.6485 -2.9912 2.8893
8.6699 -2.7937 2.9203
8.7009 -2.8722 2.9512
8.558 -2.946 3.0655
8.4676 -2.9103 3.1583
8.5318 -2.708 3.2702
8.5723 -2.6556 3.3178
8.5961 -2.7865 3.2654
8.6199 -2.8674 3.1059
8.7366 -2.7603 3.3916
8.6199 -2.8056 3.3702
8.7032 -3.0412 3.4249
8.7556 -3.2269 3.3844
8.7342 -3.4649 3.3821
8.758 -3.4697 3.3702
8.7675 -3.3007 3.4987
8.6628 -3.1388 3.5844
8.6604 -3.0912 3.6463
8.5937 -3.1174 3.5225
8.689 -2.9936 3.4368
8.7104 -3.0436 3.3821
8.7104 -3.1102 3.2416
8.827 -3.1912 3.1012
8.8127 -3.146 3.1321
8.7104 -3.1007 3.3868
8.6104 -2.9698 3.5035
8.5271 -2.7937 3.6653
8.4081 -2.7008 3.7058
8.4104 -2.6746 3.8224
8.3605 -2.6318 3.7605
8.4533 -2.6127 3.5844
8.5366 -2.6437 3.2916
8.6509 -2.7722 3.1274
8.7485 -2.877 3.1155
8.8413 -2.8817 2.9084
8.8603 -2.9698 2.956
8.7865 -2.9198 3.0964
8.7342 -2.7579 3.294
8.6961 -2.6842 3.2511
8.7223 -2.677 3.3464
8.6842 -2.6199 3.3844
8.5914 -2.6651 3.2892
8.7032 -2.708 3.1916
8.8461 -2.6723 3.2702
8.946 -2.8746 2.9298
8.8223 -2.9841 2.9655
8.8103 -2.8008 2.9941
8.7984 -2.4771 3.2654
8.7151 -2.2605 3.4654
8.7508 -2.2128 3.6582
8.7223 -2.2985 3.6677
8.8008 -2.4033 3.6891
8.7842 -2.5033 3.6558
8.7651 -2.4961 3.6891
8.8508 -2.4009 3.4082
8.8746 -2.4699 3.4082
8.8722 -2.5152 3.4892
8.9198 -2.508 3.4344
8.8556 -2.5889 3.3154
9.0008 -2.5318 3.2583
8.9389 -2.5985 3.3606
8.9365 -2.6675 3.2178
9.0793 -2.7341 3.0012
9.1555 -2.7699 3.0679
9.1698 -2.5628 3.1559
9.1293 -2.5604 3.2297
9.2222 -2.5318 3.344
9.284 -2.5366 3.3583
9.4364 -2.4675 3.2392
9.5578 -2.4318 3.0488
9.5316 -2.6175 3.1345
9.5054 -2.508 3.2012
9.5316 -2.2628 3.3702
9.5364 -2.051 3.5011
9.5316 -1.8058 3.5035
9.434 -1.7701 3.7201
9.3221 -1.7844 3.613
9.3197 -1.9391 3.4987
9.365 -1.9462 3.3083
9.384 -1.9486 3.0893
9.3912 -1.9558 2.9941
9.2317 -1.9748 2.9369
9.1079 -1.9772 2.8465
9.0317 -2.0486 2.7227
8.8508 -2.0986 2.7251
8.6152 -1.9796 2.7536
8.4723 -1.9748 2.8703
8.4581 -2.189 3.2273
8.3676 -2.3128 3.3249
8.32 -2.458 3.394
8.2748 -2.4271 3.4916
8.3438 -2.2009 3.2273
8.6794 -1.9796 2.7536
8.758 -1.7939 2.3728
8.8127 -1.8748 2.0014
8.7651 -2.001 1.9253
8.7746 -2.1938 1.9015
8.6985 -2.1843 1.8658
8.5818 -2.1771 1.9776
8.6532 -2.1343 2.1014
8.6366 -2.0248 2.0086
8.5723 -1.8367 1.9991
8.5866 -1.7701 1.911
8.6033 -1.7296 1.842
8.6747 -1.663 1.6206
8.6628 -1.6273 1.2112
8.6794 -1.7653 0.84459
8.7366 -2.1033 0.2495
8.9865 -2.7294 0.14952
9.1698 -2.8508 0.023361
9.246 -2.5794 0.1519
9.2555 -2.4675 0.0043182
9.2031 -2.5628 0.10429
9.1603 -2.4866 0.17332
9.1341 -2.2152 0.22331
9.1864 -2.2866 0.063828
9.3293 -2.2628 0.30424
9.4054 -1.9819 0.4304
9.4483 -1.6535 0.64702
9.5149 -1.3845 0.82793
9.5316 -0.97029 1.3135
9.703 -0.49184 2.2681
9.9505 -0.027664 3.2345
10.046 -0.0062408 3.6915
10.372 0.22466 4.815
10.11 1.2506 4.6984
9.8172 1.0126 3.8367
9.8387 0.074692 3.5106
9.6601 -0.2657 3.1131
9.4173 -0.17763 2.9131
9.3031 -0.12526 2.6346
9.146 -0.1562 2.368
9.0865 -0.54182 2.0967
9.0698 -1.0917 1.6206
9.2126 -1.4773 1.2397
9.3483 -1.4273 1.1374
9.284 -1.0822 1.1255
9.2555 -0.83223 0.99455
9.2126 -0.92506 1.0564
9.2031 -0.85603 0.97551
9.2079 -1.1655 0.7827
9.4745 -1.4011 0.85887
9.4769 -1.3012 0.86601
9.4388 -1.1702 1.1493
9.4126 -1.025 1.1326
9.5268 -0.98933 1.2635
9.4292 -0.86079 1.423
9.4197 -0.70845 1.4682
9.284 -0.77748 1.1588
9.4602 -1.1393 1.1374
9.4173 -1.0893 0.92314
9.4126 -1.0084 0.89696
9.3912 -0.96077 0.98503
9.4697 -0.8846 1.1588
9.4983 -0.76796 1.3421
9.5483 -0.68703 1.4921
9.5173 -0.68941 1.692
9.4792 -0.6656 1.6563
9.4221 -0.51802 1.5182
9.3436 -0.66084 1.3849
9.3078 -1.0108 1.0707
9.4411 -1.0798 1.1921
9.4316 -0.94411 1.1874
9.5292 -0.77986 1.4159
9.5863 -0.52992 1.542
9.4626 -0.56801 1.5563
9.3697 -0.82985 1.5349
9.484 -1.4249 1.7587
9.4935 -1.4059 1.6539
9.484 -1.1607 1.5587
9.4792 -0.787 1.892
9.4221 -0.31093 2.0967
9.2626 0.0080414 1.9943
9.3126 -0.46089 1.8086
9.3245 -0.45375 1.7467
9.4245 -0.44185 1.7301
9.4126 -0.37758 1.5325
9.4197 -0.43947 1.4087
9.4816 -0.15382 1.3778
9.5554 0.1223 1.504
9.4507 0.40794 1.4444
9.5268 0.56505 1.3945
9.3864 0.57219 1.2873
9.0341 0.51744 1.0826
9.0984 0.12706 0.7589
9.2579 -0.15858 0.33281
9.1698 -0.33235 0.17332
9.1127 -0.25618 0.22807
9.0341 -0.19667 0.27806
9.0555 0.0080414 0.40898
9.0365 0.37938 0.81602
9.0603 0.50078 1.0493
9.1246 0.41747 1.1683
9.1507 0.39842 1.185
9.1745 0.2794 1.2112
9.334 0.10564 1.1874
9.4054 -0.030045 1.2159
9.465 -0.051468 1.2992
9.484 0.036606 1.5754
9.6244 0.15086 1.7467
9.7411 0.20799 2.0348
9.7934 0.21275 2.0848
9.7673 -0.1324 2.0919
9.7696 -0.4966 1.9467
9.6506 -0.80128 1.8015
9.6173 -0.87984 1.8348
9.5625 -0.89412 1.8539
9.5506 -0.85603 1.792
9.5268 -0.72749 1.8229
