-1.9037 -2.6294 10.404
-1.7823 -2.4485 10.797
-1.6204 -2.5366 10.935
-1.3824 -2.796 10.714
-1.1158 -2.8484 10.314
-0.84682 -2.846 9.8114
-0.93965 -2.9032 9.1592
-1.3991 -3.1507 8.7308
-1.4348 -3.3459 8.6141
-1.2705 -3.1031 8.2809
-1.0825 -2.746 8.1476
-0.84444 -2.677 8.2333
-0.64687 -2.9174 7.8857
-0.70638 -3.3078 7.4406
-1.1039 -3.9434 6.8955
-1.5157 -4.3695 6.5979
-1.7609 -4.7313 6.636
-1.7395 -4.8741 6.7193
-1.6085 -4.8717 6.6551
-1.6704 -4.7313 6.8836
-1.6752 -4.548 7.1169
-1.4014 -4.2433 7.2525
-1.211 -3.8767 7.2597
-1.5157 -3.8958 7.0478
-2.0513 -3.9743 6.9883
-2.3203 -4.3385 6.6027
-2.0798 -5.0883 6.4194
-1.6895 -5.2883 6.498
-1.5752 -5.3192 6.886
-1.1872 -5.0669 7.0074
-0.90871 -4.8265 6.9003
-0.63972 -4.5908 6.7503
-0.56117 -4.379 6.5408
-0.89919 -4.5123 6.1838
-1.3657 -5.5216 5.522
-1.2872 -6.7879 5.2554
-0.93013 -7.3378 4.9936
-0.58974 -7.8472 4.9722
-0.40407 -8.1923 4.996
-0.11604 -8.2709 4.9841
0.1696 -7.8924 5.2697
0.54808 -7.5377 5.3649
0.68852 -7.1735 5.6458
0.63377 -6.7855 5.7934
0.61949 -6.4142 5.6387
0.75993 -6.8355 5.3649
1.0551 -7.2092 5.4601
1.1884 -7.3045 5.2864
1.2051 -7.4996 5.0864
1.2646 -7.5925 5.2721
1.336 -7.6544 5.6815
1.3431 -7.3973 6.1195
1.1098 -7.0545 6.4004
1.1146 -6.4832 6.8455
1.0956 -6.3261 6.6122
1.2955 -6.1714 6.3647
1.6169 -6.2523 6.1385
1.8597 -6.4404 5.6125
2.0334 -7.114 5.1435
2.231 -7.9733 4.9126
2.5547 -8.1709 4.5484
2.8261 -7.9424 4.4866
2.9856 -7.9138 4.5032
3.1903 -8.1304 4.7984
3.5402 -8.0614 5.1745
3.8877 -7.9591 5.0959
4.4114 -8.2423 4.5937
5.2707 -9.3659 4.1938
6.0277 -9.9276 3.5225
6.3157 -10.378 3.094
6.4847 -10.32 2.8655
6.5514 -9.9419 3.0798
6.6061 -9.5277 3.4725
6.7013 -9.4325 4.0486
6.7561 -9.0993 4.3818
6.8584 -8.7089 4.5104
7.2155 -8.7708 4.1628
7.7035 -9.0993 3.394
7.8082 -9.5944 2.6584
7.8273 -9.5111 2.0157
8.0486 -9.2421 1.8134
8.1224 -9.0302 1.8324
8.051 -8.697 2.0491
7.8939 -8.5875 2.7275
7.7606 -8.2947 2.9964
7.8368 -7.7329 3.0726
7.9439 -7.3568 3.0821
7.9629 -7.0117 3.1464
8.0558 -6.7141 3.1964
8.1343 -6.3214 2.8988
8.2081 -6.1048 2.6989
8.3438 -6.2476 2.5037
8.5247 -6.557 2.2871
8.6128 -6.7213 1.9705
8.6628 -6.7236 1.8182
8.7318 -6.5237 1.9229
8.777 -6.25 2.0372
8.8389 -6.0238 2.199
8.7508 -5.9119 2.4823
8.6152 -5.7191 2.449
8.6604 -5.3692 2.5013
8.6509 -5.0621 2.5108
8.7342 -4.9431 2.5394
8.8246 -4.8027 2.1205
8.8913 -4.8479 2.0181
9.0341 -5.1955 2.2204
8.9746 -5.2097 2.2776
8.9698 -5.2383 2.3966
8.9389 -5.0026 2.6108
8.9889 -4.7241 2.9346
8.8865 -4.5718 3.0107
8.9198 -4.429 2.8155
8.9675 -4.298 2.8155
9.0293 -4.1624 2.8108
9.046 -4.1267 2.5537
9.1507 -4.3361 2.3537
9.1864 -4.4242 2.0776
9.115 -4.3123 1.9919
9.0198 -4.0457 2.1395
8.8913 -3.6054 2.4751
8.7556 -3.3173 2.7727
8.6532 -3.1579 3.0107
8.5318 -3.0174 3.0107
8.5937 -2.9888 3.1655
8.6175 -2.9341 3.1274
8.689 -3.1507 2.8774
8.639 -3.2126 2.706
8.896 -3.1602 2.3371
8.9365 -3.1888 2.1109
8.9436 -3.0888 2.2847
8.8223 -2.8246 2.487
8.8056 -2.4533 2.875
8.7485 -2.3723 3.1678
8.6485 -2.3699 3.294
8.5914 -2.4033 3.4202
8.7604 -2.389 3.4392
8.858 -2.6104 3.4559
8.8294 -2.8698 3.3035
8.9198 -2.7841 3.1821
9.0008 -2.4271 3.0512
9.0889 -2.3128 3.0512
9.1341 -2.2224 3.0512
9.0889 -2.0914 3.0441
9.1008 -2.0581 3.175
9.1079 -2.1176 3.3059
9.0793 -2.1771 3.5225
9.1912 -2.0914 3.6177
9.3959 -2.2962 3.7582
9.246 -2.7127 3.5749
9.2222 -2.8746 3.3963
9.0984 -2.7413 3.3059
9.0436 -2.4509 3.4344
9.0936 -2.2462 3.2892
9.0865 -2.6246 3.1583
8.9603 -2.9341 2.9512
8.9294 -2.7151 3.006
9.0174 -2.3009 3.1178
8.9008 -2.1462 3.3035
8.7366 -1.9462 3.3035
8.6961 -1.8725 3.5368
8.8651 -1.832 3.4749
8.9103 -2.0153 3.2321
8.946 -2.1771 3.2488
8.8175 -2.0772 3.4202
8.7437 -2.0081 3.4939
8.7532 -1.8367 3.5392
8.5842 -1.7987 3.482
8.5366 -1.8605 3.4749
8.5152 -1.8653 3.4535
8.5937 -1.6892 3.3535
8.808 -1.8272 3.225
8.9484 -2.1033 3.1464
8.9008 -2.1367 3.194
8.9508 -2.0748 3.2178
8.9294 -2.0867 3.1369
9.0365 -2.1105 3.1964
8.9651 -2.0867 3.2131
9.0317 -2.2414 3.0702
9.0436 -2.5128 2.8727
8.9079 -2.6318 2.8846
8.9603 -2.3652 2.9774
8.9079 -2.1962 3.0702
8.7675 -2.0058 3.2273
8.8294 -1.9986 3.1345
8.8746 -2.0653 3.0536
8.8818 -1.9415 3.0679
8.8413 -1.9867 3.0774
8.8294 -1.97 2.9584
9.0055 -2.2533 2.9322
8.9103 -2.3676 2.9203
8.9889 -2.3819 3.125
8.8913 -2.1652 3.2226
8.9127 -2.1319 3.2012
8.9579 -2.1986 3.1131
8.8818 -2.17 3.1488
8.896 -2.1176 3.094
8.9032 -2.0867 3.0726
8.8603 -2.0462 3.056
8.8603 -2.1176 3.0464
8.8865 -2.1272 3.1226
8.827 -2.0367 3.2345
8.8127 -2.0058 3.313
8.8151 -2.0724 3.3178
8.7342 -2.1914 3.2535
8.8127 -2.2962 3.2131
8.7723 -2.1652 3.3011
8.8365 -2.0438 3.263
9.0555 -2.1676 3.0036
9.0627 -2.4533 2.7965
8.9746 -2.7127 2.8703
8.777 -2.5651 2.9274
8.8746 -2.2295 3.0012
8.8841 -2.1343 3.0917
8.8508 -2.17 3.0607
8.9056 -2.2581 2.9465
9.027 -2.1843 3.0536
9.1722 -2.0772 2.9584
9.4483 -2.2462 2.8155
9.484 -2.4271 2.8155
9.5387 -2.1652 2.6822
9.553 -1.8891 2.837
9.5697 -1.7677 2.7655
9.6197 -2.0248 2.6608
9.7054 -2.3009 2.4989
9.7911 -2.5985 2.2419
9.7911 -2.7389 2.0752
9.7911 -2.5556 1.93
9.7196 -2.4533 1.7801
9.584 -2.7699 1.4825
9.1341 -2.6913 1.711
8.8722 -2.0462 2.3347
8.7723 -1.6463 2.7536
8.677 -1.801 2.9726
8.6152 -1.882 3.1655
8.8199 -1.9605 2.9155
8.727 -2.0438 2.9441
8.8127 -1.782 2.6703
9.0055 -1.6535 2.5632
9.0722 -1.3892 2.3061
9.2745 -1.6892 2.4037
9.1127 -1.8963 2.4609
8.9984 -1.8867 3.0036
8.8937 -1.413 3.2559
8.896 -1.125 3.7724
8.8294 -0.98457 3.8367
8.7723 -0.74416 3.8558
8.8675 -0.44661 3.7415
8.9698 -0.33711 3.5344
9.0579 -0.21095 3.394
9.0722 -0.087173 3.2488
9.0746 -0.22047 2.8679
9.265 -0.57991 3.025
9.1436 -0.23476 3.0988
8.9341 0.20561 3.0536
8.758 0.084213 2.6941
8.7937 0.091354 3.1726
8.7009 0.37224 3.175
8.6866 0.60313 3.313
8.7151 0.6317 3.3226
8.6294 0.5341 3.3083
8.3081 0.55553 3.3654
8.3224 0.53172 2.7965
8.3962 0.47221 2.9108
8.5057 0.58647 2.8869
8.6152 0.59361 2.8774
8.7104 0.52696 3.1631
8.977 0.5222 3.4725
9.1079 0.70787 3.532
9.0627 0.90306 3.3416
9.0722 0.89592 3.3773
9.1198 0.68883 3.0631
9.0436 0.3532 3.0179
9.0508 0.06041 2.8322
9.0293 -0.31093 2.687
9.0293 -0.69655 2.5013
9.0746 -0.89412 2.4609
9.0889 -1.0988 2.4418
9.0841 -1.2631 2.3609
9.1365 -1.3964 2.399
9.1864 -1.5654 2.28
9.2079 -1.6201 2.3085
9.1912 -1.6249 2.2871
9.2412 -1.5773 2.4014
9.1579 -1.3702 2.4609
9.1055 -1.2655 2.4966
9.065 -1.0726 2.6346
9.0817 -0.92982 2.7584
9.1008 -0.83461 2.9845
9.0912 -0.75844 3.1512
9.1341 -0.79414 3.2511
9.1603 -0.82747 3.2773
9.1484 -0.69655 3.2131
9.1936 -0.67274 3.2702
9.1626 -0.61324 3.1464
9.1436 -0.61562 3.1036
9.0746 -0.61086 2.9679
9.1031 -0.73225 2.9703
9.115 -0.787 2.8631
9.0984 -0.89174 2.8179
9.1555 -0.94649 2.7156
9.0936 -0.94173 2.6537
9.1388 -0.96315 2.6941
9.146 -0.81081 2.7917
9.0841 -0.79176 2.8013
9.0746 -0.73701 2.6727
9.077 -0.6656 2.6656
9.0889 -0.65608 2.7156
9.0912 -0.64418 2.7536
9.1127 -0.6299 2.7275
9.096 -0.60609 2.8132
9.1531 -0.52516 2.9203
9.1127 -0.45137 2.8489
9.0341 -0.45375 2.8822
9.0579 -0.45613 2.8417
9.0436 -0.39662 2.856
9.0936 -0.43233 2.856
9.0222 -0.49422 2.8155
9.0317 -0.47755 2.8417
9.0151 -0.5085 2.8108
9.096 -0.6537 2.7513
9.0222 -0.53944 2.8298
8.9984 -0.5442 2.7941
9.0103 -0.618 2.8227
9.0008 -0.61086 2.8489
9.0389 -0.71083 2.8869
9.0841 -0.7513 2.8608
9.1008 -0.87508 2.8988
9.1365 -0.87508 2.9131
9.146 -0.87984 2.9441
9.1864 -0.8965 2.9369
9.146 -0.8727 2.9322
9.1603 -0.88698 2.9322
9.0984 -0.81557 2.8965
9.1293 -0.86317 2.8441
9.1246 -0.87746 2.8465
9.1317 -0.89174 2.7965
9.1293 -0.83937 2.7775
9.0817 -0.81081 2.8179
9.1079 -0.73225 2.8703
9.046 -0.69179 2.8441
9.0531 -0.58943 2.8251
9.0508 -0.5323 2.8869
9.0151 -0.5204 2.8417
9.096 -0.57753 2.7536
9.1055 -0.63228 2.7227
9.146 -0.71321 2.7013
9.1793 -0.63228 2.6727
9.1579 -0.56801 2.8608
9.0912 -0.55373 2.9655
9.146 -0.5204 2.9655
9.1436 -0.5442 2.8512
