-0.7635 -8.0257 4.2652
-0.75398 -7.7829 4.477
-1.2658 -7.1688 4.5104
-1.6014 -6.9331 4.7008
-1.4871 -6.945 4.9412
-1.142 -6.9165 5.3102
-0.9706 -6.8189 5.9362
-0.94917 -6.5261 6.0909
-0.94441 -7.0664 5.9076
-0.93013 -7.652 5.5292
-0.8968 -7.8281 4.6984
-1.1134 -8.1066 4.3699
-1.4633 -8.0971 4.508
-1.3515 -8.059 4.7603
-0.95393 -7.7663 5.691
-1.0991 -7.5068 6.6694
-1.1586 -7.214 7.5263
-0.96584 -6.7546 8.1523
-0.53975 -6.1333 8.4285
-0.30171 -6.1928 8.2071
-0.16841 -6.9188 7.4311
-0.22316 -7.6663 6.4099
-0.24458 -8.3256 6.0362
-0.33266 -8.5161 5.8457
-0.38264 -8.5661 5.5601
-0.18507 -9.0421 5.5077
-0.12556 -9.1564 5.3911
0.041061 -9.104 6.0647
0.23387 -8.6351 6.5361
0.44572 -8.1066 6.7931
0.73613 -7.5877 6.6432
0.96941 -7.6901 6.3575
0.9099 -8.0638 5.979
0.72899 -8.4042 5.5577
0.56236 -8.409 5.3602
0.66472 -8.5661 5.303
0.88609 -8.7232 5.2887
0.93132 -8.8993 5.5101
1.0123 -8.7398 5.7553
1.2098 -8.2471 6.0576
1.3788 -8.0424 6.3218
1.5716 -8.0852 6.1147
1.8858 -8.1495 5.991
2.1525 -8.3518 5.7648
2.1667 -8.3518 5.5077
2.0191 -8.4589 5.8838
2.0358 -8.228 5.9886
2.0501 -8.1043 5.8577
2.1358 -7.9876 5.5387
2.3048 -7.9924 5.2792
2.3453 -7.7258 5.2435
2.3096 -7.0474 5.3816
2.1025 -6.3952 5.4411
1.9953 -6.0476 5.4887
1.9025 -6.0405 5.3363
2.0525 -6.6713 5.1911
2.4024 -7.3164 4.8055
2.819 -7.8972 4.4699
3.2903 -7.9686 4.2604
3.4736 -7.5949 3.9795
3.5188 -7.433 4.1962
3.5973 -7.3521 4.3461
3.7854 -7.3021 4.796
3.9449 -6.9641 5.0888
4.021 -6.8569 5.2507
4.3519 -7.1688 5.1911
4.7875 -7.7924 4.846
4.9351 -7.99 4.3675
5.1065 -8.1423 4.0224
5.3707 -8.2542 3.7582
5.404 -8.1304 3.801
5.4445 -7.89 4.0938
5.6111 -7.7067 4.3747
5.9039 -7.5996 4.5175
6.1943 -7.6615 4.5603
6.5323 -7.8377 4.2866
6.7275 -7.84 3.8915
6.8394 -7.621 3.6368
6.8989 -7.3283 3.3511
6.8561 -7.1521 3.4487
6.8037 -7.1212 3.5915
6.8775 -7.1378 3.7082
6.9989 -7.0355 3.9581
7.0608 -6.7594 3.9391
7.3321 -6.2476 3.8415
7.4821 -5.6929 3.6296
7.7249 -5.4597 3.4868
8.0296 -5.6263 3.3702
8.0248 -5.7239 3.4082
8.0701 -5.8001 3.5225
8.1986 -5.662 3.5535
8.4152 -5.6501 3.5725
8.6247 -5.6406 3.5868
8.8818 -5.8072 3.5773
9.0627 -5.9 3.3583
9.196 -6.0857 3.2083
9.2626 -5.9334 3.1131
9.3483 -5.493 3.1678
9.3888 -5.1931 3.2535
9.2936 -5.1669 3.5011
9.2864 -5.1407 3.6368
9.1484 -5.0217 3.7724
9.1555 -4.8812 3.8201
9.215 -4.7337 3.8605
9.1841 -4.5361 3.6034
9.1388 -4.5647 3.3606
9.2483 -4.8217 3.1321
9.1864 -4.7908 3.0179
9.0722 -4.4837 3.2797
8.9436 -4.1338 3.6225
8.8318 -3.7529 3.7939
8.8556 -3.484 3.8605
8.708 -3.6006 3.7724
8.6128 -3.6649 3.6249
8.6485 -3.5149 3.4535
8.6961 -3.453 3.413
8.7651 -3.4078 3.3202
8.7508 -3.5411 3.2773
8.6604 -3.6101 3.4773
8.6223 -3.5268 3.5558
8.5747 -3.3864 3.5987
8.7508 -3.1317 3.7629
8.6342 -2.8984 3.9581
8.6866 -2.6794 4.1652
8.7413 -2.4747 4.1414
8.7556 -2.1557 4.1366
8.7366 -2.2081 4.1057
8.8413 -2.4675 3.8201
8.996 -3.0269 3.563
9.0246 -3.2316 3.4082
9.0627 -3.1198 3.4011
9.1388 -3.0412 3.4178
9.0817 -2.6485 3.5344
9.0746 -2.3128 3.7724
8.9008 -1.97 3.8867
8.8056 -1.8439 3.9986
8.6818 -1.7653 4.12
8.6294 -1.5535 4.1628
8.6866 -1.5987 4.0343
8.8008 -1.9391 3.8272
8.9913 -2.4509 3.5701
9.146 -2.5485 3.2988
9.0674 -2.3699 3.2892
9.0436 -2.2057 3.5415
8.8937 -2.0819 3.8915
8.6818 -2.1033 4.0676
8.6747 -2.3057 3.951
8.7128 -2.2057 4.0295
8.727 -2.0557 3.9153
8.7865 -2.0795 3.8748
8.7961 -2.3366 3.8986
8.8365 -2.6104 3.7153
8.8865 -2.658 3.5701
8.9008 -2.5794 3.5082
8.777 -2.3128 3.7605
8.7723 -1.9296 3.901
8.8675 -1.9653 4.001
8.8532 -2.0153 3.7962
8.8127 -1.9058 3.6225
8.7223 -1.9153 3.6296
8.689 -1.882 3.5892
8.608 -1.7177 3.5582
8.6794 -1.6178 3.5439
8.7556 -2.0034 3.2702
8.8199 -2.2819 3.2964
8.6747 -2.189 3.3583
8.5842 -1.9272 3.5082
8.5747 -1.5487 3.6201
8.5866 -1.4059 3.7344
8.6294 -1.3488 3.6987
8.7009 -1.4487 3.7962
8.6485 -1.6297 3.7939
8.7199 -1.8653 3.8082
8.7175 -1.97 3.6011
8.7508 -2.0724 3.5963
8.7723 -2.051 3.7058
8.7913 -2.0676 3.7629
8.8175 -2.0629 3.8201
8.8722 -1.9153 3.8772
8.8889 -1.8891 3.8439
8.8532 -1.8534 3.7677
8.8794 -1.7606 3.6439
8.8532 -1.632 3.8391
8.9103 -1.5678 3.7653
8.9817 -1.4821 3.682
9.0436 -1.5011 3.4178
9.3197 -1.6582 3.2464
9.2769 -1.7939 3.1155
9.4126 -1.8415 3.0869
9.4078 -1.8106 3.1631
9.4102 -1.7106 3.2107
9.4126 -1.763 3.3297
9.3888 -1.7296 3.3059
9.3436 -1.5963 3.3273
9.3055 -1.563 3.3844
9.3055 -1.5463 3.1702
9.2317 -1.7106 3.1297
9.1293 -1.6677 3.0679
9.1507 -1.5535 3.0774
9.0841 -1.544 3.1059
9.1008 -1.5344 3.1345
9.0674 -1.4868 3.1226
9.0389 -1.4392 3.1774
9.0936 -1.5559 3.0488
9.1365 -1.6344 3.0179
9.0317 -1.7534 2.837
9.0603 -1.8605 2.2871
9.2721 -2.27 1.9277
9.2483 -2.2057 1.7848
9.2174 -2.0962 1.6468
9.2293 -2.1272 1.7229
9.2269 -2.0153 1.8229
9.096 -1.7272 1.9277
9.1031 -1.1964 2.0586
9.1079 -0.87032 2.2704
9.0341 -0.79414 2.1014
9.0722 -0.74416 1.9538
9.1008 -0.70131 2.0086
9.2222 -0.96315 1.4278
9.4554 -1.3678 1.2992
9.4983 -1.7415 1.5825
9.3983 -1.8653 1.6158
9.2912 -1.8296 1.8848
9.1722 -1.5535 1.9419
9.0246 -1.1774 1.7896
9.0222 -1.6011 1.6015
9.365 -1.8867 1.7134
9.4911 -2.2581 1.3778
9.5506 -2.3104 1.8467
9.3935 -1.0512 1.7539
9.1103 -0.13002 2.1847
8.7961 0.57695 2.3014
8.6961 0.92924 2.3823
8.5985 1.1887 2.5299
8.6152 0.95067 2.4894
8.5937 0.71977 2.7632
8.6318 0.69835 2.9036
8.6842 0.75548 3.1226
8.5914 0.9102 3.4082
8.558 1.1649 4.4342
8.3105 1.6981 4.796
8.6223 1.4386 4.5508
9.1174 0.29845 4.1557
9.3507 -0.10146 3.8486
9.2198 -0.077652 3.4939
9.0531 -0.40138 3.094
8.8675 -0.80843 2.587
9.0341 -1.1441 2.3109
9.1031 -1.3035 2.2609
9.0103 -1.1464 2.3656
8.9294 -1.0845 2.2895
9.2745 -1.2916 1.8681
9.1793 -1.2488 2.2395
8.877 -0.46803 2.6418
9.215 0.069931 1.6373
9.3697 -0.4847 1.8324
9.3102 -0.41328 1.1064
9.6482 -1.6035 1.016
9.7363 -1.8344 0.11143
10.06 -2.2247 0.19951
10.053 -1.6773 0.44945
9.8839 -0.91078 0.81364
9.8053 -0.70845 1.0398
9.8149 -0.48232 1.0826
9.753 -0.35378 1.2945
9.7077 -0.11574 1.3207
9.6078 0.15324 1.3897
9.4888 0.41508 1.3373
9.5268 0.56505 1.1398
9.4697 0.57219 0.99217
9.4959 -0.13954 0.6375
9.4626 -0.70607 1.4635
9.2912 -0.399 1.4064
9.196 -0.74654 1.6396
9.1912 -1.0131 1.4706
9.2745 -0.95601 1.3587
9.3412 -0.67513 1.2731
9.2745 -0.42043 1.2159
9.3007 -0.51088 1.1683
9.4269 -0.72749 1.1493
9.5221 -1.1441 1.1064
9.634 -1.4011 1.2826
9.6173 -1.3869 1.2897
9.5887 -1.1845 1.3921
9.5816 -0.82033 1.5516
9.5625 -0.74178 1.5896
9.4911 -0.86555 1.4397
9.4031 -0.97029 1.3707
9.3626 -1.1298 0.92076
9.4483 -1.5559 0.77556
9.5602 -1.713 0.87315
9.553 -1.7177 1.0541
9.453 -1.3583 1.3564
9.3745 -1.0227 1.4706
9.3483 -0.9203 1.473
9.4792 -0.74654 1.4183
9.4578 -0.53706 1.3516
9.2959 -0.64656 1.2326
9.2174 -1.1679 0.88744
9.265 -1.6796 0.69701
9.5364 -1.7891 1.285
9.4792 -1.3297 1.5706
9.4031 -1.0012 1.7039
9.4197 -0.85603 1.7967
9.3793 -0.58943 1.7801
9.3531 -0.77748 1.4611
9.3983 -0.94649 1.3611
9.4745 -0.97505 1.3445
9.3816 -1.1917 0.97551
9.6006 -1.3964 1.2207
9.5887 -1.3154 1.2588
9.534 -0.99886 1.4778
9.3293 -0.93459 1.1683
9.3769 -0.99171 1.3207
9.3531 -0.92506 1.254
9.3769 -0.94649 1.2778
9.4935 -0.92268 1.3516
9.3531 -0.8846 1.2016
9.4245 -0.7632 1.3564
9.3912 -0.40376 1.4421
9.2126 -0.06337 1.4778
9.1745 -0.13716 1.3254
9.2983 -0.35616 1.1517
9.3816 -0.23 1.2445
9.3555 0.055649 1.354
9.3174 -0.051468 1.354
9.3388 0.053268 1.4706
9.3269 0.21513 1.6206
9.3221 0.25322 1.5111
9.3055 0.17229 1.4682
9.2602 0.084213 1.4206
9.3555 -0.091934 1.3611
9.4435 -0.19429 1.2659
9.6054 -0.35378 1.1302
9.6601 -0.2538 1.2897
9.5721 -0.025284 1.4183
9.4792 0.14372 1.4944
9.4007 0.14848 1.623
9.453 0.26274 1.5206
9.334 0.35796 1.5635
9.4102 -0.11336 1.5182
9.5292 -0.23476 1.2945
9.534 -0.20381 1.3611
9.5697 -0.21095 1.3302
9.4888 -0.13002 1.4016
9.4911 0.2556 1.5444
9.5078 0.47935 1.673
9.3983 0.59123 1.842
9.2698 0.67216 1.5968
9.096 0.39604 1.4825
9.1246 -0.06813 1.2064
