-0.66829 -1.4273 7.6334
-0.73494 -1.7344 6.9312
-0.94203 -2.4723 6.3837
-1.1491 -2.5175 6.2409
-1.1634 -2.1652 6.786
-1.4324 -1.9415 7.124
-1.599 -2.5628 6.7455
-1.58 -3.6673 6.1647
-1.6466 -5.0145 4.8008
-1.8656 -5.3811 4.408
-2.1322 -5.1145 4.1747
-2.4179 -5.0931 4.3485
-2.5297 -5.2883 4.915
-2.4369 -5.5192 5.4601
-2.2132 -5.5073 6.1385
-1.9775 -5.4621 6.7122
-1.8704 -5.2002 6.9883
-1.9704 -4.4147 7.2692
-2.0037 -3.9743 6.6289
-2.0727 -4.9836 5.6149
-2.2608 -7.3521 4.3437
-2.0275 -8.3828 3.9962
-1.5086 -8.1852 4.2557
-0.93727 -7.9614 4.6841
-0.65639 -8.2471 4.558
-0.55641 -8.7089 4.2271
-0.43025 -8.9779 3.5773
-0.35408 -9.4111 3.2726
-0.27791 -9.4492 3.1107
-0.50642 -9.3659 2.6775
-0.83968 -9.2635 2.318
-1.0825 -9.742 1.2992
-1.0634 -11.051 0.0186
-0.65163 -12.213 -0.79549
-0.10414 -13.039 -1.4358
0.35527 -13.629 -1.7976
0.52904 -13.879 -1.8238
0.50523 -13.539 -1.3858
0.47429 -12.629 -0.76216
0.46715 -11.865 0.054306
0.57664 -11.353 1.0588
0.8242 -10.794 1.9848
0.98845 -10.463 2.2871
1.1836 -10.701 2.3085
1.3788 -11.211 1.8848
1.7835 -11.511 2.1609
2.2572 -11.465 1.6254
2.25 -11.384 1.2754
2.1286 -10.83 0.88268
2.1929 -10.366 1.1659
2.4905 -10.094 1.9348
2.6833 -9.9895 2.5228
2.7309 -9.9705 2.9012
2.6785 -9.7967 3.1083
2.638 -9.5039 3.1607
2.6238 -9.273 3.0893
2.6357 -8.9445 3.1012
2.5952 -8.616 2.9822
2.619 -8.5851 2.8465
2.7118 -8.4161 2.7822
2.7737 -8.2661 2.9798
3.007 -8.2685 3.1059
3.1927 -8.2257 3.125
3.4759 -8.1495 3.2059
3.5759 -8.0329 3.3273
3.633 -7.621 3.4939
3.6259 -7.3616 3.5511
3.7544 -7.3402 3.5415
3.8616 -7.3021 3.3107
4.2615 -7.1997 3.194
4.659 -7.452 2.9108
4.8923 -8.2899 2.4942
4.997 -8.6113 2.1538
5.1184 -8.3685 2.3061
5.1255 -8.0257 2.4894
5.1279 -7.8305 2.9536
5.3183 -7.8686 3.3154
5.5231 -7.633 3.263
5.723 -7.533 3.2678
5.9468 -7.5949 3.0202
6.2657 -7.8377 2.8489
6.2538 -8.0519 2.2871
6.3562 -8.2114 2.1205
6.5466 -8.0662 2.061
6.6371 -7.721 2.2228
6.9061 -7.4639 2.5513
7.1798 -7.4401 2.9869
7.344 -7.1497 3.2964
7.3607 -6.8117 3.4797
7.3559 -6.3523 3.294
7.4773 -6.2119 3.3321
7.7344 -6.2381 3.1821
8.1296 -6.4451 2.9893
8.3605 -6.5499 2.9964
8.4295 -6.5166 2.8631
8.47 -6.4166 2.8822
8.3581 -6.0191 3.1631
8.5795 -5.5049 3.1464
8.6056 -5.4025 3.0679
8.5295 -5.6192 3.0821
8.6723 -5.6691 2.9917
8.7318 -5.4144 3.1107
8.7247 -4.986 3.1059
8.6461 -4.5456 3.2178
8.7389 -4.1743 3.3464
8.8461 -4.2195 3.6606
8.9389 -4.1814 3.6439
9.0032 -3.9577 3.6629
9.046 -3.8577 3.7106
9.1698 -3.7363 3.6296
9.2317 -3.7149 3.5011
9.3031 -3.6601 3.3392
9.3364 -3.7696 3.2321
9.3745 -4.0553 2.9179
9.5554 -4.2885 2.5632
9.5768 -4.3956 2.6108
9.5768 -4.4314 2.7275
9.5602 -4.3599 2.8655
9.4269 -3.9981 2.9536
9.3769 -3.5363 3.2083
9.2817 -3.1483 3.5606
9.1436 -3.2293 3.6106
9.1507 -3.3411 3.4321
9.0032 -3.1579 3.6606
8.9865 -2.9555 3.7486
9.146 -3.1698 3.5249
9.1983 -3.4292 3.363
9.1507 -3.5459 3.3273
9.0008 -3.2031 3.5296
8.9365 -2.6675 3.7629
8.689 -2.4699 4.0367
8.589 -2.1795 4.3842
8.5866 -2.1248 4.3414
8.5652 -1.9558 4.2842
8.6152 -1.9986 4.2176
8.8223 -1.932 4.2985
8.6794 -1.8558 4.258
8.8532 -2.1795 3.8439
8.9817 -2.5628 3.7986
8.9508 -2.5747 3.8605
8.8103 -2.6104 3.9914
8.7532 -2.4533 4.1771
8.5676 -2.1629 4.4175
8.4676 -2.1033 4.7032
8.42 -2.1795 4.5746
8.4961 -2.2581 4.5389
8.5485 -2.2152 4.4389
8.6913 -2.3914 4.3271
8.6485 -2.6318 4.089
8.6723 -2.5485 3.7439
8.6366 -2.5628 3.7962
8.6556 -2.3438 3.5106
8.727 -2.1224 3.5296
8.7128 -2.0891 3.6272
8.5842 -2.0391 3.8462
8.6128 -2.1105 3.9391
8.6318 -2.1414 3.9581
8.7294 -2.2557 3.8082
8.8199 -2.4009 3.5892
8.8127 -2.4842 3.4487
8.8318 -2.4152 3.3059
8.7437 -2.5699 3.3178
8.6294 -2.3771 3.4868
8.5818 -2.0795 3.7439
8.6152 -1.7653 3.9272
8.639 -1.7058 4.0033
8.689 -1.6439 3.9034
8.8175 -1.8201 3.9153
8.8865 -2.1771 3.7677
8.8437 -2.439 3.7201
8.827 -2.3819 3.4773
8.9579 -2.1581 3.4987
9.0127 -1.4678 3.4797
9.0698 -1.0488 3.5201
9.0627 -0.93221 3.4987
9.065 -1.0607 3.4844
9.0032 -1.4202 3.3868
9.0008 -1.3345 3.3559
9.0746 -1.3845 3.4606
9.1127 -1.3178 3.4963
9.2745 -1.2797 3.5892
9.4507 -1.3988 3.3178
9.6054 -1.3892 3.313
9.5911 -1.0655 3.3487
9.7625 -0.97981 3.4678
9.8268 -0.96553 3.344
9.8768 -1.0679 3.6011
9.7887 -0.91554 3.4797
9.7149 -0.96315 3.3297
9.6125 -0.92744 3.3487
9.4602 -0.98457 3.2273
9.3031 -1.1631 3.2202
9.2388 -1.3083 3.2464
9.1579 -1.513 3.0107
9.1031 -1.5844 2.806
9.0079 -1.6178 2.4537
8.9984 -1.8605 1.9753
9.0484 -2.4128 1.6944
8.8461 -2.4223 1.7087
8.589 -1.8391 1.8967
8.5866 -1.3369 2.2895
8.5366 -1.0274 2.5608
8.5937 -0.76082 2.5942
8.5723 -0.55135 2.3704
8.808 -0.51326 2.1062
8.9746 -0.7989 1.7039
9.0531 -0.92268 1.3992
9.0317 -0.45375 1.3492
8.9246 0.22466 1.6182
8.8056 0.96257 2.0919
8.6913 1.322 2.5394
8.6509 1.1554 2.7417
8.5961 1.0149 2.9465
8.5176 0.99113 3.1393
8.558 0.72691 2.9488
8.7889 0.28416 3.1512
8.7984 0.19133 3.3345
8.7746 0.33177 3.7082
8.7389 0.47935 3.9986
8.151 0.81023 5.3483
7.8487 2.3027 5.6196
8.1319 3.093 6.448
8.4104 3.2453 5.5006
9.3055 2.7574 4.6199
9.196 3.0478 4.1414
9.0841 3.3477 3.5487
8.9746 3.0002 3.0322
9.0508 2.317 2.9488
9.1127 1.6957 2.9346
9.2269 1.2006 2.5108
9.5959 0.28654 2.8108
9.7149 -0.11574 2.0633
9.8577 -0.77272 2.3418
9.9696 -0.8965 1.5397
9.9958 -1.025 1.6349
9.8387 -0.77748 0.916
9.7196 -0.84889 0.87791
9.6744 -0.46803 0.72081
9.5387 -0.40852 0.83745
9.4459 -0.23238 0.90648
9.3031 0.06279 1.1564
9.1722 0.084213 1.4135
9.0555 0.13658 1.6111
9.0198 -0.037186 1.7134
8.9913 -0.060989 1.7515
9.0817 -0.0014801 1.792
9.077 0.096115 1.8396
9.027 0.10564 1.7944
9.2269 0.20085 1.9705
9.2055 0.44841 2.1038
9.165 0.55077 2.2538
9.0936 0.61266 2.3395
9.196 0.70311 2.2561
9.1388 0.79356 2.1109
9.1817 0.86259 2.0824
9.1507 0.79118 2.0324
9.1888 0.51744 2.0848
9.3197 0.25798 1.9824
9.3578 -0.027664 2.0562
9.4888 -0.096695 2.2109
9.5292 -0.1562 2.1943
9.534 -0.077652 2.199
9.4792 0.015182 2.1228
9.3245 0.038986 2.03
9.3245 -0.075272 1.8967
9.3745 -0.034805 1.8967
9.415 -0.1205 1.8634
9.4054 -0.096695 1.8324
9.384 -0.015762 1.8681
9.2983 0.077072 1.9705
9.1531 0.29369 2.061
9.1745 0.33177 2.0824
9.065 0.34605 2.1086
9.0674 0.31273 2.1038
9.1222 0.24846 2.1014
9.0555 0.21513 2.0538
9.1127 0.13658 2.2038
9.115 0.14134 2.2442
9.1793 0.055649 2.3014
9.196 0.13896 2.3418
9.2602 0.11754 2.3157
9.3269 -0.060989 2.18
9.3197 -0.044327 2.1562
9.2507 0.005661 2.0752
9.3221 -0.10384 1.9753
9.3531 -0.21333 2.03
9.3983 -0.23952 2.0919
9.3935 -0.30141 2.0562
9.3102 -0.28474 2.1228
9.315 -0.13478 2.0633
9.2769 0.058029 1.9729
9.2745 0.18419 1.93
9.2245 0.26512 1.9681
9.1722 0.39366 1.9205
9.2817 0.39604 1.9039
9.3102 0.4008 1.8634
9.2888 0.41985 1.9253
9.215 0.45793 2.0467
9.2436 0.53172 1.9443
9.2531 0.42461 1.9062
9.265 0.3651 1.9348
9.2626 0.33653 1.9324
9.2579 0.25322 2.0491
9.2674 0.25798 2.0633
9.2436 0.24608 2.0348
9.3126 0.18657 1.9586
9.2817 0.29369 1.9705
9.2959 0.38414 1.98
9.2698 0.36034 1.8872
9.3221 0.30559 1.9729
9.3269 0.29607 1.9396
9.3412 0.29607 2.03
9.3626 0.30797 1.98
9.2531 0.26988 1.9181
9.3221 0.26274 1.9396
9.3769 0.27702 1.98
9.4007 0.30559 1.9729
9.3578 0.36272 2.0776
9.334 0.38414 2.0229
9.3364 0.30083 2.1467
9.365 0.17467 1.9348
9.3769 0.084213 1.9848
9.3388 0.055649 1.9015
9.4197 -0.0062408 1.8158
9.4435 0.017563 1.8253
9.4173 0.06041 1.8943
9.3293 0.098495 1.8848
9.3507 0.11992 1.961
9.3459 0.098495 1.961
9.3626 0.12944 1.8991
9.3364 0.17943 1.8943
9.3316 0.29845 1.842
9.2864 0.29369 1.8491
9.3316 0.22704 1.842
9.2817 0.23418 1.8943
9.3174 0.33891 1.9443
9.2769 0.27702 1.9086
9.284 0.27464 1.9229
9.2626 0.32463 1.8824
9.2317 0.2794 1.8824
9.2317 0.20085 1.8253
9.3102 0.10088 1.8967
9.3626 0.096115 1.8848
9.3626 0.072311 1.8896
9.3531 0.077072 1.9848
9.3245 0.15562 2.0086
9.3459 0.31035 2.0633
9.3245 0.33415 2.0014
9.2769 0.42699 1.9705
9.2388 0.38414 1.8896
9.2745 0.41747 1.8301
