-0.42311 -2.9127 8.4475
-0.30171 -3.1579 8.2047
0.064865 -3.2031 7.9048
0.37907 -2.9769 7.543
0.074387 -2.8222 7.0098
-0.63496 -3.046 6.8241
-0.97536 -3.0817 6.6979
-1.0039 -3.453 6.517
-1.0777 -4.2052 6.498
-1.1705 -4.1505 6.6098
-0.98012 -4.5123 6.7527
-0.79921 -4.5432 6.8979
-0.65877 -4.3219 6.5884
-1.1896 -4.2385 6.1647
-1.7157 -4.3528 6.1623
-1.8394 -4.2338 6.5218
-1.7633 -4.2385 6.9574
-1.6942 -4.2933 7.1835
-1.4157 -4.7503 7.2168
-0.9944 -4.8574 7.2073
-0.72066 -5.3002 7.0859
-0.64687 -5.8715 6.7408
-0.9706 -5.9834 6.3361
-1.4681 -5.8691 6.3885
-1.6062 -5.9215 6.4884
-1.4252 -6.2999 6.6598
-1.1848 -6.9379 6.4004
-0.93965 -7.7163 6.0719
-0.60164 -8.3066 5.9386
-0.24458 -8.5232 6.1124
0.13628 -8.4613 6.0909
0.41954 -8.4232 5.9552
0.57426 -8.5208 5.8267
0.5338 -8.5899 5.8434
0.36479 -8.3518 5.8338
-0.013687 -8.3804 5.9124
0.00059509 -8.9303 5.5339
0.33385 -9.5587 5.7505
0.40764 -9.4873 6.0386
0.53142 -9.1659 6.3385
0.70757 -8.6708 6.3337
0.99559 -8.4185 6.298
1.2241 -8.3042 6.2552
1.6026 -8.3923 6.0505
1.7549 -8.4923 5.8386
1.862 -8.497 5.6577
1.8858 -8.259 5.5363
1.8811 -7.9305 5.6791
1.962 -7.6806 5.7434
2.043 -7.6115 5.8362
2.2715 -7.7115 5.553
2.3691 -7.9186 5.6363
2.3786 -7.9281 5.7315
2.4809 -7.9757 5.4363
2.7333 -8.2328 5.5934
2.8309 -7.9495 5.422
2.9332 -8.1971 5.3197
2.907 -8.5803 5.203
2.8309 -8.616 5.1531
2.8666 -8.228 5.2245
3.0308 -7.7782 5.2292
3.1213 -7.4877 5.4625
3.1498 -7.533 5.422
3.2189 -7.6449 5.2102
3.2427 -7.5306 5.184
3.2546 -7.4449 5.2316
3.2879 -7.5425 5.1483
3.4331 -7.9424 5.0293
3.7187 -8.3661 4.8603
4.0163 -8.4899 4.727
4.3424 -8.397 4.4437
4.6114 -8.259 4.2438
4.8113 -8.14 4.1271
5.0065 -8.0376 3.8581
5.097 -8.1947 3.92
5.2398 -8.1114 3.8915
5.3279 -7.971 3.8891
5.366 -7.7758 3.9319
5.3612 -7.6544 3.6368
5.4278 -7.5877 3.2416
5.5778 -7.6615 3.0345
5.742 -7.9281 2.637
6.042 -8.2042 2.1538
6.3633 -8.7041 1.9538
6.6514 -9.0564 1.7063
6.8822 -8.7041 1.8396
6.9656 -8.3447 2.2371
7.0251 -7.9733 2.5942
7.1631 -7.552 2.7227
7.3464 -7.264 3.056
7.3179 -7.1831 3.056
7.2536 -7.3164 2.8679
7.2441 -7.4639 2.8322
7.4035 -7.5782 2.7632
7.594 -7.533 2.5561
7.6725 -7.3497 2.2252
7.7273 -7.0569 1.9895
7.9249 -6.9426 1.9967
8.1272 -6.926 1.9372
8.1653 -6.8522 1.98
8.22 -6.7617 2.3537
8.2105 -6.5737 2.5108
8.0939 -6.5404 2.6203
8.0772 -6.5975 2.6465
8.101 -6.5189 2.7751
8.3343 -6.2904 2.6227
8.6294 -6.0048 2.2966
8.6818 -6.069 2.1324
8.5295 -6.2476 2.1443
8.4247 -6.0429 2.6632
8.4914 -5.6477 2.9084
8.4033 -5.2978 3.3321
8.2057 -4.9003 3.5987
8.1129 -4.8551 3.701
8.082 -5.1312 3.4916
8.1605 -4.8789 3.2488
8.3438 -4.2219 3.0322
8.42 -3.9934 2.9988
8.2914 -4.1624 3.2583
8.2486 -4.1981 3.4249
8.1938 -4.1767 3.5701
8.2295 -4.2266 3.5154
8.2533 -4.4456 3.4178
8.3176 -4.3195 3.344
8.3676 -3.9529 3.3464
8.3819 -3.6173 3.4154
8.3938 -3.403 3.3844
8.4747 -3.2745 3.3963
8.5128 -3.0841 3.4202
8.5937 -3.015 3.3368
8.689 -3.1745 3.3559
8.8913 -3.5459 3.2511
8.9032 -3.7696 3.125
9.0627 -3.4721 3.1774
9.1198 -3.315 3.1893
9.1412 -3.3602 3.1893
9.1841 -3.2293 3.1464
9.2103 -3.1198 3.2107
9.1269 -3.0674 3.225
9.1603 -2.6508 3.4035
9.0722 -2.6913 3.4059
9.2103 -3.0531 3.2749
9.096 -3.265 3.3773
8.9198 -3.1674 3.3511
8.8937 -2.9531 3.4416
8.8318 -2.9936 3.444
8.8342 -3.0626 3.482
8.7818 -2.8817 3.4773
8.6985 -2.6746 3.6368
8.8032 -2.6318 3.8105
8.7865 -2.6865 3.6629
8.6961 -2.7627 3.5273
8.658 -2.6294 3.5487
8.7009 -2.3414 3.6225
8.6413 -2.1676 3.5773
8.6413 -2.1914 3.5035
8.6723 -2.3795 3.4606
8.7366 -2.5532 3.4059
8.7746 -2.5318 3.3963
8.9389 -2.4009 3.4011
8.9484 -2.5413 3.4678
8.808 -2.6032 3.4463
8.9484 -2.389 3.3844
8.896 -2.4913 3.463
8.9675 -2.3366 3.394
8.9936 -2.1224 3.4463
8.9413 -2.0795 3.3987
8.9936 -2.1367 3.3844
8.9603 -2.2105 3.3773
8.9246 -2.3057 3.3963
8.9151 -2.5556 3.2488
8.9079 -2.6008 3.294
8.996 -2.5128 3.3702
9.0436 -2.3842 3.2583
8.9436 -2.0891 3.2583
9.0222 -1.8939 3.3654
8.946 -1.8772 3.4059
8.8246 -2.0938 3.4535
8.7699 -2.2605 3.3844
8.7294 -2.3699 3.3345
8.7318 -2.2866 3.2321
8.7175 -2.2486 3.1678
8.677 -2.1438 3.1535
8.7223 -2.0177 3.1369
8.708 -1.8463 2.9774
8.8627 -2.0296 2.8298
9.046 -2.3961 2.6775
9.0293 -2.8984 2.5989
9.1103 -3.2864 2.5846
9.0817 -3.3388 2.8465
8.9198 -2.7484 3.1583
8.8627 -2.189 3.2392
8.8389 -2.2343 3.3487
8.7508 -2.4818 3.1916
8.7723 -2.5937 3.0417
8.808 -2.6127 2.9845
8.9794 -2.4937 2.8727
9.0341 -2.4628 2.7822
9.1127 -2.6865 2.6322
9.1888 -2.7508 2.6203
9.2103 -2.627 2.6965
9.2483 -2.4199 2.5823
9.2245 -2.4128 2.6751
9.2126 -2.3176 2.8631
9.3055 -2.2343 3.0226
9.4864 -2.3723 2.9298
9.465 -2.3819 2.856
9.4673 -2.2771 2.8917
9.465 -2.1343 2.9703
9.4435 -2.0224 2.9822
9.4245 -2.0486 2.9893
9.3602 -1.9867 2.9441
9.453 -2.0343 2.856
9.4554 -2.1533 2.6394
9.465 -2.0748 2.5466
9.4602 -2.17 2.5037
9.4745 -2.2724 2.349
9.365 -2.2319 2.3537
9.1864 -2.0986 2.5323
9.0817 -1.9962 2.618
8.9865 -1.9915 2.8346
8.8246 -2.0248 2.7751
8.8246 -2.07 2.9179
8.7437 -2.1343 2.9417
8.7532 -2.2319 3.0012
8.7556 -2.4199 3.0917
8.7318 -2.339 3.0369
8.7937 -2.2152 2.925
8.8318 -2.0129 2.7894
8.9627 -1.8677 2.5299
9.1341 -1.8177 2.3109
9.2412 -1.8653 1.9872
9.3007 -2.0557 1.6111
9.384 -2.2009 1.204
9.4983 -2.2176 0.97313
9.5387 -2.1367 0.59465
9.4816 -2.0891 0.5518
9.5316 -2.0724 0.34233
9.6006 -2.0105 0.1757
9.4911 -2.1033 0.18523
9.3007 -2.1605 0.17809
9.1365 -2.1343 0.1519
9.0389 -2.1105 0.16142
8.9056 -2.0605 0.29234
8.8175 -2.1081 0.4066
8.7651 -2.1962 0.46373
8.658 -2.2105 0.53514
8.608 -2.2033 0.69463
8.5509 -2.1867 0.87791
8.5128 -2.1581 1.0231
8.5128 -2.1176 1.1778
8.5295 -2.1462 1.2064
8.5318 -2.0319 1.2564
8.5461 -2.0367 1.2397
8.5295 -2.0724 1.1279
8.639 -2.1676 1.1659
8.7437 -2.1795 1.2278
8.8603 -2.2152 1.2683
9.0055 -2.289 1.1731
9.0484 -2.2985 1.1279
9.1722 -2.2605 1.1398
9.3221 -2.1771 1.2064
9.4364 -2.1319 1.3421
9.4983 -2.1105 1.4706
9.5435 -2.2676 1.4849
9.5054 -2.4485 1.4206
9.5506 -2.6056 1.2778
9.5221 -2.7651 1.2278
9.5102 -2.8579 1.204
9.484 -2.896 1.0707
9.3459 -2.8865 0.97313
9.2436 -2.8222 0.91362
9.1769 -2.7675 0.7946
9.2507 -2.6294 0.64464
9.5602 -2.5152 0.60179
9.7149 -2.489 0.51372
9.7482 -2.4295 0.46373
9.7054 -2.3771 0.47087
9.6125 -2.2676 0.51372
9.4935 -2.2509 0.41374
9.5007 -2.1986 0.43993
9.4054 -2.1295 0.42564
9.3174 -2.0105 0.49944
9.2198 -1.9082 0.43755
9.2317 -1.8129 0.49229
9.3007 -1.7582 0.51134
9.3245 -1.6915 0.5042
9.3197 -1.6106 0.53276
9.3174 -1.5225 0.60417
9.3269 -1.5035 0.59941
9.3864 -1.4892 0.63274
9.4292 -1.4797 0.61131
9.4697 -1.4606 0.84697
9.4316 -1.4797 0.89696
9.3745 -1.4987 0.96599
9.3507 -1.5297 0.94456
9.4102 -1.5344 0.95409
9.4578 -1.5154 1.0088
9.4578 -1.4964 0.95171
9.4864 -1.5844 1.0136
9.465 -1.6463 0.99217
9.4721 -1.6749 0.96361
9.4792 -1.7249 0.89934
9.415 -1.7439 0.79698
9.4459 -1.782 0.67796
9.3864 -1.7987 0.65654
9.3245 -1.9153 0.6613
9.3174 -1.9677 0.59465
9.3507 -2.1486 0.51372
9.3602 -2.1533 0.48753
9.3507 -2.1367 0.49229
9.3697 -2.189 0.528
9.4031 -2.2724 0.52324
9.3935 -2.3438 0.090012
9.465 -2.896 -0.60506
9.5554 -3.8458 -0.93831
9.5102 -4.1671 -0.66933
9.465 -3.7172 -0.064713
9.4388 -2.8532 0.96837
9.4816 -1.832 1.9919
9.672 -1.3107 2.5823
9.922 -1.1845 2.5489
9.7577 -1.6416 1.7063
9.872 -2.0391 1.2754
10.062 -1.6201 1.1183
9.8744 -0.60133 0.82317
9.4054 0.022324 1.0779
9.0912 0.27702 1.3707
8.9032 0.377 1.6111
8.8937 0.50792 1.9967
8.9246 0.70311 2.4037
8.8246 0.68169 2.2395
8.7413 0.096115 1.9515
8.7746 -0.21809 1.5468
8.6747 -0.36568 1.1088
8.6152 -1.2916 0.44231
9.0103 -1.4511 0.31139
9.2198 -0.98933 0.5399
9.1365 -0.33711 0.99217
9.0127 -0.058609 1.354
8.9889 0.13182 1.4944
9.0912 0.158 1.5278
9.1793 0.33891 1.504
9.077 0.18181 0.92076
9.0841 -0.63466 0.33281
9.2983 -0.95125 0.30663
9.5411 -0.72987 0.93504
9.7054 -0.29665 1.3659
9.8149 -0.087173 1.8943
9.7196 0.096115 2.0895
9.5697 0.23894 2.3823
