9.5497 -2.392 -0.16975
9.6187 -2.3682 -0.15547
9.5806 -2.3444 -0.057877
9.602 -2.3253 -0.16499
9.6258 -2.3396 -0.19356
9.5616 -2.4087 -0.1769
9.6234 -2.3991 -0.20784
9.583 -2.4182 -0.15547
9.5901 -2.3968 -0.14595
9.5758 -2.3563 -0.20546
9.6449 -2.3825 -0.12929
9.5973 -2.3753 -0.12929
9.6472 -2.3849 -0.12453
9.6377 -2.3968 -0.16261
9.5949 -2.3825 -0.16975
9.5925 -2.3849 -0.11024
9.5782 -2.4158 -0.14833
9.5949 -2.4325 -0.20308
9.6139 -2.4301 -0.18642
9.5735 -2.4586 -0.16261
9.5544 -2.4444 -0.18166
9.5449 -2.411 -0.088821
9.5996 -2.4229 -0.13643
9.5925 -2.3563 -0.19594
9.6211 -2.4063 -0.22212
9.6234 -2.4301 -0.2364
9.6306 -2.4396 -0.20308
9.6163 -2.4563 -0.21498
9.5877 -2.4301 -0.20308
9.5925 -2.4325 -0.13405
9.6282 -2.4801 -0.17451
9.6282 -2.4944 -0.18642
9.6568 -2.4944 -0.15547
9.633 -2.5205 -0.16261
9.5996 -2.5277 -0.1888
9.5854 -2.4539 -0.19118
9.5877 -2.4277 -0.11501
9.6306 -2.4063 -0.18166
9.6139 -2.4467 -0.11263
9.5901 -2.4182 -0.18404
9.5973 -2.373 -0.12691
9.6068 -2.4277 -0.15785
9.5901 -2.3539 -0.13405
9.5996 -2.4253 -0.16261
9.6187 -2.4991 -0.16023
9.6591 -2.411 -0.2245
9.6425 -2.4467 -0.11263
9.6568 -2.4539 -0.18642
9.633 -2.4586 -0.2007
9.5996 -2.4444 -0.11024
9.5949 -2.4253 -0.16023
9.5854 -2.4563 -0.2007
9.5735 -2.4563 -0.15785
9.5616 -2.4134 -0.18404
9.5758 -2.442 -0.22688
9.6068 -2.4729 -0.12691
9.6068 -2.4039 -0.13643
9.6163 -2.4301 -0.16023
9.5996 -2.4229 -0.16261
9.6211 -2.3991 -0.19594
9.6401 -2.3777 -0.20546
9.5806 -2.3801 -0.16023
9.5711 -2.3444 -0.12215
9.5711 -2.3753 -0.15785
9.5425 -2.3896 -0.1888
9.602 -2.3349 -0.17213
9.5735 -2.661 -0.15071
9.5711 -2.6919 -0.16737
9.602 -2.5967 -0.22688
9.6068 -2.6134 -0.26021
9.6425 -2.6586 -0.26021
9.7734 -2.7681 -0.2364
9.7496 -2.68 -0.24593
9.7425 -3.9035 0.063522
9.6472 -3.9607 0.25633
9.5592 -4.0202 0.24919
9.4759 -4.0892 0.2968
9.483 -4.1035 0.42534
9.4782 -4.0392 0.50627
9.4449 -4.0154 0.38725
9.383 -4.0416 0.44438
9.3164 -4.1892 0.44438
9.2259 -4.2773 0.50151
8.4023 -4.6034 1.7226
8.2785 -4.6367 1.7369
8.1762 -4.551 1.8131
8.0548 -4.4225 1.7298
8.0357 -4.3082 1.7655
7.8739 -4.4058 1.756
7.8001 -4.4605 1.7726
7.7501 -4.4344 1.6679
7.8072 -4.332 1.7679
9.2688 -4.1868 2.7938
9.164 -3.9702 2.9842
9.0712 -3.7464 2.9033
8.9236 -3.7155 2.8486
8.7617 -3.8178 2.9747
8.8855 -4.044 2.8605
8.9046 -4.2511 2.8962
8.976 -4.0702 2.8057
9.0045 -3.9035 2.8628
9.0617 -4.1987 3.7079
8.9379 -3.6964 3.7983
8.8189 -3.3965 3.7341
8.776 -3.0728 3.5984
8.7856 -2.9085 3.596
8.7165 -2.8681 3.8531
8.7546 -3.3751 5.2289
8.857 -3.4893 5.079
9.0998 -3.6822 4.8028
9.2331 -3.6607 4.779
9.1545 -3.5298 4.948
9.0117 -3.1347 4.8814
9.1355 -3.4989 5.1028
8.8141 -3.9821 5.0671
8.5047 -4.432 4.9409
6.5242 -6.9528 3.3151
6.6004 -7.3551 2.6581
6.4218 -7.9692 2.3273
6.5551 -8.2477 2.4677
6.4004 -8.143 2.4677
6.0338 -7.9049 2.7081
6.1838 -7.3955 2.6867
6.2671 -7.2718 2.4487
6.0862 -7.067 2.0202
5.9434 -7.067 1.825
5.5982 -6.979 1.7464
5.6673 -7.0432 1.6869
5.6863 -7.3384 1.1395
5.7006 -7.9192 0.77525
5.6078 -8.45 0.31584
5.7149 -8.7833 0.21111
7.3335 -6.6362 -1.01
7.4692 -6.7219 -1.1124
7.9191 -5.3222 0.20872
7.712 -5.6721 -0.01503
7.4121 -6.3553 0.0087738
7.4049 -7.0861 -0.2126
7.5263 -7.4431 -0.19118
7.562 -6.3029 -0.42445
7.912 -6.3006 -0.58632
7.9024 -7.1123 -0.12691
7.6073 -8.1596 0.65385
6.9574 -8.7595 1.1704
6.4718 -8.0263 1.3156
6.5623 -7.0004 1.0442
7.0265 -6.5243 0.61577
7.3788 -6.4124 0.35631
7.4525 -6.7743 0.025436
6.886 -8.143 0.0040131
6.598 -8.4096 0.042099
5.9172 -7.4217 0.075424
6.5766 -7.0028 -0.3459
6.8646 -7.198 -0.38637
6.7884 -7.7288 -0.26735
6.5004 -8.3882 0.077805
6.5337 -7.7336 -0.18404
6.1838 -8.2739 -0.34352
6.7503 -8.7643 -1.479
6.9646 -9.2403 -1.3956
6.4147 -8.7619 -0.79579
5.9267 -7.5836 -0.32448
6.1195 -7.3384 -0.088821
6.7408 -7.5479 -0.11977
6.7599 -7.4217 -0.28639
6.4576 -7.2122 -0.034073
6.7265 -7.1599 -2.5763
6.5599 -7.2932 -2.8977
6.0576 -7.6717 -2.8072
5.9886 -7.9049 -2.8953
5.9434 -8.3286 -3.1357
5.8982 -8.5334 -3.1309
5.8434 -7.8811 -3.7355
6.4314 -8.2096 -1.9907
5.9482 -8.062 -2.2716
5.9386 -7.7478 -1.817
6.1148 -7.0861 -1.8979
6.4861 -6.3506 -2.1621
6.5194 -5.953 -2.0788
6.867 -5.9173 -2.1478
7.1955 -6.8647 -1.9979
7.3073 -7.5574 -2.3288
7.0574 -8.3453 -2.1883
5.8506 -8.6357 -2.5739
6.1648 -7.9002 -3.0714
6.5075 -5.0818 -1.0933
6.8003 -4.3153 -1.01
6.8575 -5.208 -1.1195
6.6289 -7.0004 -1.7836
6.4123 -8.2715 -2.3835
6.2195 -6.8528 -2.5287
6.3028 -7.1385 -2.8477
6.6337 -7.5503 -3.4642
7.0812 -7.6955 -4.0688
7.6525 -8.0144 -4.0545
7.731 -8.4286 -3.8641
7.2716 -8.5714 -3.6451
6.4195 -7.7954 -3.5213
6.0886 -6.6933 -2.712
6.6028 -5.2818 -1.6884
6.6718 -8.2334 -2.4192
7.0574 -8.412 -2.5144
7.3097 -8.5357 -2.3383
7.105 -8.381 -2.2907
6.6599 -7.8692 -1.8241
6.2671 -7.8478 -1.3242
6.0815 -7.436 -1.2957
6.529 -7.1956 -1.8598
6.7979 -7.2146 -2.1574
6.8408 -7.3194 -2.2145
6.8265 -7.5098 -2.7358
6.7408 -7.9763 -2.7691
6.6147 -8.1216 -2.7834
6.7051 -6.9695 -2.2097
7.1859 -6.6172 -2.5025
7.2716 -6.1149 -1.5575
6.7503 -6.2173 -1.2195
6.2386 -6.7814 -1.398
6.1814 -7.2575 -2.3573
7.612 -7.3051 -3.5023
7.5835 -6.8076 -3.269
7.9857 -6.0221 -2.3288
8.15 -5.6507 -2.7382
7.7929 -6.5576 -2.6334
7.8691 -6.9885 -2.9953
8.7308 -5.3556 -0.9886
8.6761 -5.7317 -2.3906
8.6713 -5.9768 -2.1764
8.3928 -6.322 -1.8455
7.9619 -6.7743 -1.1719
7.643 -7.1504 -0.79579
7.6525 -6.0482 -2.0502
7.4145 -6.4862 -1.041
6.7932 -6.8195 -0.43398
6.1909 -7.317 0.17064
5.9077 -7.6931 0.60863
5.7101 -7.8121 0.25871
5.8982 -7.7312 -0.12929
7.0169 -6.9742 -2.1812
7.0098 -7.0623 -1.2933
6.7027 -7.198 0.020676
6.1933 -7.3622 1.0204
5.6149 -7.4693 1.2847
6.767 -6.6767 -1.6313
6.8622 -7.0266 -1.2171
6.748 -7.4074 -0.38875
6.4314 -7.724 0.25633
6.0981 -7.8121 0.87999
5.9386 -7.7502 1.1204
7.562 -6.0887 1.3418
7.5263 -5.3794 1.5798
7.5406 -4.9438 1.925
7.6025 -4.789 2.1178
7.6763 -4.7628 2.2796
7.7668 -4.8105 2.2892
9.1807 -4.5462 2.3915
9.1426 -4.2344 2.4986
9.1283 -3.6655 2.5082
9.1188 -3.2561 2.432
9.1283 -2.9823 2.2273
9.145 -2.8466 2.1178
9.1236 -3.1347 1.4798
10.464 -1.7255 1.6417
10.566 -1.8993 1.4822
10.661 -2.0207 1.3156
10.687 -2.0516 1.3156
10.759 -2.023 1.2013
10.757 -2.0611 1.0133
10.221 -3.0371 -0.88625
10.135 -3.3275 -1.1076
10.083 -3.4394 -1.2504
10.109 -3.4632 -1.2695
10.107 -3.5227 -1.2457
9.9281 -3.6536 -0.73628
9.7686 -3.3275 -0.53871
9.721 -2.7633 -0.2126
9.6496 -2.1778 -0.057877
9.7044 -1.8302 0.16112
9.7567 -1.6969 0.38249
9.8377 -1.6565 0.46581
9.5092 -2.2087 -0.23164
9.5806 -2.2111 -0.35542
9.6234 -2.2016 -0.41255
9.6996 -2.1064 -0.46254
9.721 -2.123 -0.47682
9.7234 -2.1278 -0.43159
9.4402 -2.0088 -0.41493
9.4164 -1.9469 -0.46492
9.5544 -1.954 -0.37447
9.652 -1.9612 -0.43159
9.6996 -2.0825 -0.39589
9.6449 -2.0802 -0.43636
9.7758 -1.297 0.32298
9.7591 -1.4541 0.25395
9.6996 -1.6517 0.16588
9.6687 -1.8659 0.094467
9.6496 -2.0159 0.04686
9.5877 -2.1849 -0.091202
9.5877 -2.4729 -0.00074768
9.5401 -2.4253 0.0087738
9.5258 -2.3801 0.10399
9.5687 -2.3349 0.14445
9.6234 -2.3087 0.080185
9.6258 -2.2539 0.061142
9.6258 -2.1992 -0.18642
9.6568 -2.1492 -0.093582
9.6472 -2.0802 -0.20546
9.7353 -2.0945 -0.11501
9.7686 -2.0135 -0.14357
9.7591 -1.9588 -0.16499
9.7353 -1.8755 -0.098343
9.7068 -1.8778 -0.062637
9.6996 -1.8564 -0.15309
9.6377 -1.9064 -0.084061
9.6449 -1.9207 -0.060257
9.6734 -1.9945 -0.07692
9.6234 -2.242 0.0016327
9.6187 -2.1611 -0.060257
9.6092 -2.1754 -0.15309
9.6472 -2.2301 -0.093582
9.6425 -2.1682 -0.057877
9.5687 -2.1587 -0.07692
9.6949 -2.192 -0.21974
9.6282 -2.1825 -0.069778
9.5996 -2.2182 -0.18166
9.6139 -2.3015 -0.00074768
9.6544 -2.1563 -0.043594
9.6758 -2.1516 -0.057877
9.6544 -2.2016 -0.060257
9.6734 -2.1873 -0.029312
9.6544 -2.1587 -0.11263
9.702 -2.154 -0.026932
9.6568 -2.154 -0.093582
9.683 -2.1421 -0.045975
9.6663 -2.1682 -0.01503
9.6306 -2.2516 0.039719
9.6782 -2.2278 0.025436
9.6687 -2.2039 0.087326
9.6949 -2.2563 0.0087738
9.6377 -2.392 -0.0031281
9.6496 -2.2754 0.034958
9.6711 -2.1968 -0.029312
9.6353 -2.2039 0.039719
9.6044 -2.2111 0.054001
9.6568 -2.2397 0.04924
9.6663 -2.2325 0.025436
9.6472 -2.2016 0.077805
9.5758 -2.2373 0.13969
9.5639 -2.192 0.042099
9.5568 -2.2278 0.044479
9.6211 -2.1801 0.025436
