9.7127 -1.6327 -0.45302
9.7353 -1.6184 -0.40898
9.7068 -1.6219 -0.41969
9.6639 -1.6208 -0.38756
9.6711 -1.61 -0.39827
9.7187 -1.6362 -0.41255
9.7163 -1.61 -0.43517
9.6556 -1.6327 -0.42921
9.7258 -1.6315 -0.47087
9.7103 -1.6434 -0.49944
9.683 -1.5993 -0.48872
9.7079 -1.6148 -0.41969
9.6996 -1.6196 -0.40303
9.702 -1.6493 -0.45897
9.7091 -1.6565 -0.46016
9.7198 -1.6779 -0.51015
9.7187 -1.6957 -0.44707
9.7079 -1.6981 -0.50182
9.7401 -1.666 -0.46373
9.7389 -1.5827 -0.46492
9.7044 -1.6707 -0.48158
9.6342 -1.6922 -0.46016
9.6556 -1.6636 -0.46254
9.7187 -1.6339 -0.43755
9.7079 -1.6208 -0.41136
9.7222 -1.66 -0.42921
9.7246 -1.6267 -0.41969
9.6496 -1.6231 -0.43279
9.6794 -1.635 -0.46135
9.7056 -1.6696 -0.45064
9.7841 -1.6791 -0.41493
9.7032 -1.7041 -0.42445
9.702 -1.7195 -0.36256
9.7151 -1.7053 -0.3828
9.7329 -1.541 -0.35304
9.7865 -1.0899 -0.334
9.6722 -2.2992 -0.29829
9.8853 -1.8505 -0.26854
10.009 -1.9338 -0.38518
9.8579 -1.9397 -0.42326
9.8258 -2.0314 -0.39946
9.8032 -1.8885 -0.51253
9.8424 -1.7969 -0.5042
9.5389 -1.4958 -0.4304
9.4425 -1.472 -0.35899
9.4342 -1.3982 -0.44588
9.552 -1.3054 -0.34114
9.5639 -1.0697 -0.068588
9.4366 -1.1792 0.12065
9.5306 -1.4494 0.021866
9.5782 -1.9457 -0.0066986
9.6425 -2.2539 -0.26973
9.6722 -2.5884 -0.21974
9.7496 -2.6955 -0.17094
9.8163 -2.6336 -0.17928
9.8722 -2.5467 -0.22212
9.627 -2.7907 -0.21736
9.489 -2.7919 -0.21617
9.5461 -2.6919 -0.047165
9.5604 -2.7621 -0.01622
9.6901 -3.0954 -0.11501
9.6722 -3.387 0.2361
9.8127 -3.6417 0.009964
9.9138 -4.0678 -0.12572
9.8008 -4.2558 -0.16261
9.7139 -4.4463 0.15041
9.6365 -4.5022 0.25752
8.9665 -4.8866 0.36702
8.7094 -4.8259 0.5027
8.3297 -4.8961 0.29918
8.1905 -5.0997 0.21944
8.4951 -5.0092 0.64671
8.8427 -4.451 0.79192
8.8665 -4.2142 0.65623
9.0474 -4.0892 0.74669
8.7677 -3.9797 0.66814
8.4868 -3.9285 0.84785
8.3916 -3.8226 1.1133
8.313 -3.7345 1.1216
8.2309 -3.8583 1.0859
7.9857 -3.9345 1.3263
7.9524 -3.7667 1.5191
8.0119 -3.6976 1.4227
8.0857 -3.7964 1.587
8.0952 -3.9511 1.7762
8.25 -4.0523 1.8548
8.1797 -3.7381 2.1535
8.2607 -3.5679 2.3249
8.882 -3.944 2.0845
9.1736 -4.4106 1.919
8.9903 -4.3165 2.3582
9.2866 -3.6429 2.5272
9.1652 -3.825 2.3249
9.2497 -3.7357 2.3487
9.8329 -3.3418 2.9759
9.8912 -4.0321 4.3184
9.5996 -5.0806 5.0968
9.9436 -6.2077 4.6612
8.4095 -5.4448 4.6553
7.8715 -5.2841 4.9718
7.3728 -5.5472 4.954
7.0788 -5.8233 4.9754
7.0122 -5.5888 4.8552
6.9336 -5.8043 4.6695
6.7539 -6.7076 4.272
6.8551 -6.7159 3.6376
6.8801 -6.8635 2.8378
6.9396 -7.0242 2.5558
6.7825 -7.7538 2.3392
6.7122 -7.9121 1.7798
7.2169 -6.7505 0.092087
7.0681 -6.5993 0.20277
6.9277 -5.9875 0.31346
6.6075 -5.9042 0.58601
6.4754 -6.147 0.55745
6.3266 -5.8721 0.39796
7.1193 -7.3301 -0.64345
7.13 -7.6479 -0.77675
6.9705 -8.1656 -0.80174
6.9574 -8.0906 -1.091
6.7491 -8.0775 -1.204
6.523 -7.8728 -1.2243
6.3647 -7.6836 -0.85054
6.7872 -8.0632 -0.46968
6.5337 -8.7988 -0.21855
6.2707 -8.5381 -0.46492
6.761 -8.4762 -1.3897
6.3647 -8.8928 -1.8931
5.7994 -8.7643 -1.0291
5.4852 -8.2275 -0.7589
4.9758 -7.1289 -0.097153
5.2662 -8.1085 -1.4754
5.4328 -9.5664 -2.4014
4.7568 -9.7961 -1.473
5.1114 -10.771 -1.6503
4.7127 -10.069 0.14803
4.1367 -8.5774 1.8916
3.9486 -6.6874 4.3744
4.927 -9.1451 0.38725
5.5149 -8.5191 2.2618
4.946 -7.2206 1.8607
5.0055 -10.115 -0.30782
5.1769 -10.284 -0.95052
4.4057 -10.107 -0.40184
5.2852 -7.8918 -1.1314
5.4507 -8.1561 -1.4754
5.2709 -7.311 -2.2502
5.3685 -2.2742 -3.7236
5.7327 -4.1808 -10.457
5.5506 -8.3013 -11.744
4.9305 -3.2144 -7.9726
5.9886 -2.2135 -6.392
6.0124 -3.456 -7.6072
6.4956 -3.0621 -9.3925
6.592 -3.9868 -10.191
7.1014 -4.1392 -9.3842
7.6775 -5.3591 -7.5465
6.2493 -4.5189 -6.1076
4.5497 -5.1985 -0.69939
4.483 -5.5912 2.2332
3.9974 -6.472 3.0199
3.8534 -7.3134 3.8543
4.0974 -7.267 5.0254
4.2307 -8.0894 5.5503
4.0998 -5.3972 7.276
3.7166 -5.2354 8.3401
4.1165 -5.4793 7.3582
4.6413 -5.6448 7.351
5.2186 -7.5645 6.337
4.4973 -7.3301 6.2549
4.5794 -7.0551 4.6184
5.3328 -7.1051 2.2582
5.7244 -7.9109 -0.01384
5.5173 -7.9359 1.0823
5.3209 -6.5362 0.92641
5.4221 -7.1754 -0.14357
5.5697 -7.3765 -2.3942
5.3959 -6.8742 -4.5104
5.453 -5.5662 -5.8029
6.8301 -6.5874 -8.4582
6.9348 -12.586 -11.171
5.6411 -5.5341 -7.3573
7.1288 -6.8528 -7.4049
6.8301 -7.2634 -7.5858
6.06 -7.0968 -6.7967
5.9553 -6.7933 -4.8627
5.4007 -6.2815 -2.3942
5.0674 -5.8804 -0.15666
3.6999 -5.039 8.1032
3.957 -5.0913 6.7048
4.176 -5.9042 6.8916
4.3152 -4.0737 8.5662
4.433 -4.3927 8.859
4.3128 -5.1616 7.8949
4.7246 -5.2032 7.0749
4.8068 -6.1101 6.5262
4.9758 -4.8771 8.3734
4.1974 -5.709 8.4639
4.6461 -6.0459 6.4762
4.5782 -10.723 6.2085
4.0367 -6.5315 7.0701
3.1738 -4.376 6.3239
4.0938 -5.1889 2.8724
6.1624 -7.9002 -0.59941
4.3652 -7.805 -0.27687
6.4492 -6.8266 -1.4349
6.1683 -6.8409 -6.6003
6.1779 -8.1168 -8.2416
7.0265 -9.2975 -9.0604
7.011 -8.6393 -8.5963
6.4468 -6.6124 -7.0705
6.1231 -6.4779 -6.0136
3.5321 -6.8576 4.5315
3.4297 -6.0066 5.5538
3.7951 -5.8245 6.1418
3.8915 -5.5531 6.9714
4.3105 -5.9709 6.2001
4.4426 -6.0923 6.6048
4.0546 -4.8926 7.7152
4.9079 -6.973 6.3441
4.8306 -6.2268 7.1606
5.2067 -6.6291 6.9202
5.1043 -9.4641 5.0099
3.7594 -6.5327 4.4303
4.658 -5.8114 3.0592
4.508 -7.2729 1.3644
6.1719 -7.83 -0.0078888
6.5909 -11.023 -1.11
4.4818 -10.797 -0.64226
5.0067 -7.029 -0.12334
5.6661 -5.3865 -0.13643
6.2909 -7.3622 -2.6703
6.692 -9.1558 -4.0188
6.1041 -7.8502 -4.4497
6.0457 -6.5874 -4.9138
6.2624 -8.0109 -5.4506
7.2776 -6.6183 -5.253
7.6358 -6.0197 -4.0486
8.2714 -6.7969 -2.8346
8.6594 -7.6669 -2.5335
8.707 -7.2777 -2.7525
8.6618 -6.4493 -2.1705
9.2866 -6.2363 -2.6311
9.6615 -5.321 -0.11858
9.4997 -4.9069 0.44319
9.1557 -4.6093 0.26228
9.0676 -5.0437 0.20992
8.7356 -5.1949 1.1287
8.0441 -5.3568 2.5867
7.2681 -5.1675 3.1199
6.811 -4.9902 3.5889
6.1957 -5.3782 4.3482
5.6351 -5.6626 4.7362
5.5363 -5.5746 4.4565
5.7696 -5.8507 4.6564
5.9482 -6.2232 5.0218
5.9922 -6.5588 4.8588
6.1267 -6.616 4.5696
6.2017 -6.3494 4.328
5.9684 -6.1316 4.6124
6.354 -6.2684 3.3865
6.2659 -6.2518 3.4746
6.2374 -6.2994 3.5627
6.2278 -6.1113 4.1232
6.2909 -6.147 4.1256
6.3885 -6.178 3.721
7.6037 -6.6624 2.3642
8.0595 -6.9278 2.1273
8.2059 -6.6576 1.7655
8.1369 -6.3113 1.556
8.3618 -6.178 1.4977
8.6737 -5.9352 1.4489
8.7617 -5.5174 1.3239
8.6403 -5.008 1.199
8.6725 -4.7747 1.0954
8.9546 -4.6414 1.0954
9.0771 -4.3689 0.93236
9.0629 -4.0273 0.66814
9.1926 -3.7452 0.52412
9.3342 -3.4037 0.35988
9.5116 -3.2108 0.20039
9.5782 -3.093 0.020676
9.6413 -3.0192 -0.08049
9.7163 -3.0085 -0.085251
9.9769 -3.0597 -0.71367
10.729 -2.8919 -0.90053
11.467 -2.8086 -0.99812
11.559 -2.9419 -1.1897
10.67 -3.0942 -1.3064
9.7068 -3.2204 -1.1528
9.358 -2.5408 0.54793
9.8627 -2.2623 1.1966
10.258 -2.1575 1.4025
10.439 -2.0421 1.1442
10.461 -2.1206 0.98592
10.276 -2.2337 0.83
9.4735 -2.2385 0.20158
9.2902 -2.1004 -0.13643
9.8531 -2.1801 -0.36375
10.03 -2.3741 -0.53038
9.9258 -2.3218 -0.65535
9.7187 -2.0504 -0.56013
9.5627 -1.8766 -0.2614
9.4913 -1.6089 0.14922
9.4759 -1.2827 0.38249
9.4747 -1.078 0.42653
9.5568 -1.0614 0.36107
9.6461 -1.2839 0.13969
9.8651 -1.8766 -0.28758
9.7877 -1.8624 -0.2614
9.6806 -1.8171 -0.2245
9.6865 -1.8636 -0.1757
9.6818 -1.8386 -0.15904
9.6675 -1.8052 -0.11977
9.7282 -1.5648 -0.33995
9.7805 -1.4982 -0.31734
9.7413 -1.5148 -0.3947
9.7567 -1.5255 -0.37804
9.7556 -1.6196 -0.33519
9.6663 -1.6315 -0.37447
9.6282 -1.5398 -0.35185
9.7091 -1.4315 -0.33876
9.8841 -1.2482 -0.28996
9.7413 -1.2375 -0.3947
9.7639 -1.2697 -0.64821
9.7758 -1.3137 -0.61488
9.6972 -1.1994 -0.52086
9.7318 -1.1792 -0.5399
9.7579 -1.1947 -0.58394
9.7068 -1.2399 -0.59941
9.7437 -1.2875 -0.58037
9.8389 -1.2744 -0.6244
9.7829 -1.3208 -0.59465
9.7175 -1.3351 -0.63393
9.7068 -1.3625 -0.57204
9.752 -1.3911 -0.6125
9.7805 -1.3708 -0.57442
9.7044 -1.4041 -0.5649
9.7437 -1.3863 -0.59465
9.7734 -1.328 -0.61488
9.7877 -1.2994 -0.57918
9.7413 -1.297 -0.57085
9.752 -1.3185 -0.55061
9.7913 -1.3054 -0.50658
9.7675 -1.3732 -0.52086
9.8044 -1.3899 -0.50777
9.7889 -1.3601 -0.54704
9.8044 -1.3994 -0.52205
9.7008 -1.4018 -0.42326
9.6365 -1.3839 -0.4554
9.702 -1.2685 -0.4673
