9.7068 -1.9231 -0.043594
9.6687 -1.9469 -0.00074768
9.7187 -1.6993 0.12065
9.7448 -1.6588 0.14207
9.7496 -1.6112 0.16588
9.7472 -1.6208 0.10637
9.7615 -1.6065 0.080185
9.821 -1.5708 0.054001
9.7234 -1.5708 0.077805
9.6996 -1.7874 0.089706
9.7448 -1.785 0.015915
9.752 -1.7826 0.12541
9.7853 -1.7802 0.018295
9.7353 -1.8231 0.082565
9.6877 -1.7374 -0.029312
9.6639 -1.7755 -0.0078888
9.6472 -1.7184 -0.00074768
9.6972 -1.6779 -0.0055084
9.7282 -1.6612 0.065903
9.7639 -1.6898 -0.01503
9.7901 -1.6826 0.020676
9.7472 -1.7445 -0.01741
9.6639 -1.7231 0.037338
9.6663 -1.7398 -0.0031281
9.6472 -1.7088 -0.019791
9.6353 -1.7065 -0.043594
9.8044 -1.785 0.04924
9.7425 -1.7564 0.04686
9.6925 -1.7303 0.020676
9.6972 -1.7874 0.039719
9.7496 -1.7541 -0.026932
9.721 -1.7445 0.023056
9.6996 -1.7493 0.027817
9.6972 -1.7517 0.073044
9.6806 -1.7541 0.025436
9.7353 -1.735 0.096848
9.7306 -1.7279 0.075424
9.7163 -1.6707 0.020676
9.771 -1.7707 0.04686
9.6901 -1.7588 0.044479
9.6901 -1.7612 0.058762
9.6496 -1.7517 0.018295
9.652 -1.7017 0.042099
9.683 -1.716 -0.053116
9.7615 -1.6945 -0.01265
9.7377 -1.6684 -0.01503
9.7782 -1.7374 0.011154
9.7234 -1.7683 0.065903
9.6877 -1.7731 0.092087
9.6972 -1.7826 0.030197
9.6758 -1.8136 0.0016327
9.7187 -1.8112 -0.08168
9.7115 -1.7469 -0.024551
9.7282 -1.8398 -0.048355
9.7686 -1.8707 0.013535
9.702 -1.8207 0.042099
9.6163 -1.8874 0.023056
9.6615 -1.8112 0.032578
9.7329 -1.8017 0.0040131
9.6782 -1.804 -0.01503
9.7187 -1.7969 -0.01741
9.702 -1.7802 -0.01503
9.6734 -1.8564 0.068283
9.9067 -3.4774 0.62767
10.188 -3.8702 0.53484
10.235 -4.1463 0.35155
10.026 -4.132 0.31346
9.7163 -4.0226 0.35393
9.2545 -2.8109 0.89665
9.5592 -2.9157 1.0204
9.8734 -3.1156 1.0514
10.028 -3.3775 1.1061
9.9829 -3.4227 1.1942
9.7401 -3.387 1.1442
9.4592 -3.3822 1.0847
9.2759 -3.4489 1.0038
9.1569 -3.5512 0.86333
9.2497 -3.6488 0.61815
9.4044 -3.8821 0.51579
9.5901 -4.0035 0.58482
8.8689 -3.6488 1.0157
9.026 -3.6988 0.9514
9.1021 -3.7321 1.0109
9.0712 -3.7512 1.149
8.9331 -3.5346 1.3632
8.757 -3.4108 1.5608
8.9569 -3.5393 1.7274
9.0403 -3.6155 1.6655
9.2259 -3.7345 1.5917
9.3735 -3.8797 1.6727
9.4616 -3.7893 1.8274
9.5116 -3.6417 1.9226
9.3711 -3.3822 2.0059
9.0855 -3.6655 2.5034
9.1117 -3.6512 2.4725
9.1355 -3.7417 2.5867
9.1807 -3.8869 2.5534
9.2378 -3.8202 2.5867
8.7617 -4.1035 2.5439
8.8046 -4.013 2.5796
8.8427 -3.7226 2.6248
8.7475 -3.4536 2.6367
8.6832 -3.2323 2.6653
8.688 -3.0894 2.9128
9.026 -4.5629 3.3413
9.0236 -4.401 3.4817
8.8689 -4.1535 3.4651
8.7237 -4.0844 3.4889
8.7118 -3.9892 3.4817
8.8593 -3.8773 3.3413
9.1355 -4.6129 3.7555
9.0474 -5.2223 3.7031
8.9427 -5.5103 3.9031
8.7784 -5.4984 4.0387
8.6808 -5.0175 3.9983
8.5832 -4.6534 3.7959
6.8551 -8.4477 2.8533
6.7361 -8.0811 2.8914
6.6599 -7.7026 3.1461
6.6218 -7.3146 3.1651
6.5075 -7.0337 3.5008
6.2267 -6.7243 3.4651
6.1219 -6.641 3.4032
6.179 -6.7267 3.4032
6.3219 -7.1837 3.0176
6.4385 -7.6026 2.651
6.3504 -7.3479 1.2489
6.3957 -7.5455 1.0966
6.3219 -7.7336 0.96568
6.2124 -7.8359 1.1894
6.1529 -7.8669 1.3941
6.06 -7.7431 1.6084
5.972 -7.5598 1.5298
5.9458 -7.286 1.5084
6.3123 -6.6838 0.32298
6.479 -6.541 0.26823
6.5742 -6.4196 0.10637
6.648 -6.3387 -0.11024
6.6742 -6.5886 -0.067398
6.5528 -6.9099 -0.067398
6.3766 -7.048 0.065903
7.5359 -7.1765 -0.072159
7.4692 -7.2718 -0.42445
7.4073 -7.2099 -0.63155
7.4168 -7.2718 -0.99098
7.3192 -7.7574 -1.041
7.1574 -8.4167 -1.0529
7.1074 -8.5429 -1.06
7.0574 -8.3929 -0.91243
7.0241 -8.0835 -0.60298
7.0384 -7.9859 -0.59108
7.0788 -8.3048 -0.62202
6.9741 -8.1977 -0.56252
7.1145 -8.2977 -0.50539
7.374 -8.3691 -0.74342
6.9289 -8.0287 -0.70058
6.5004 -7.5431 -0.58394
6.4933 -7.6003 -0.75056
6.2076 -8.1097 -0.11739
6.2124 -7.874 -0.18166
6.4337 -7.7478 -0.17213
6.5551 -7.7002 -0.074539
6.8146 -7.6431 -0.54109
6.767 -7.7978 -0.41731
6.5575 -8.0716 -0.37923
6.4528 -8.2263 -0.3459
6.3719 -8.0811 -0.30544
6.1909 -8.0501 -0.50063
5.9458 -7.9406 -0.69582
5.6339 -7.7978 -0.65059
5.9482 -7.8454 -0.71962
6.1243 -8.719 -1.3933
6.8194 -9.2451 -1.7337
6.9051 -8.5786 -1.6718
6.4909 -7.0694 -0.79103
6.4885 -6.6909 -0.67201
6.6623 -6.9552 -0.97908
6.9265 -7.4265 -0.78389
6.6266 -7.2408 -1.0814
6.548 -7.3598 -1.179
6.5194 -7.4908 -1.3052
6.5075 -7.7621 -1.3576
6.3171 -8.4358 -1.4004
6.429 -8.3667 -0.91005
6.2671 -7.9811 -0.95528
6.2267 -7.7407 -0.36494
6.2338 -7.7026 -0.019791
6.5932 -7.5836 -0.37209
6.5599 -9.0309 -2.6001
6.2552 -8.8904 -2.4621
5.8244 -7.9525 -2.5906
5.6982 -7.1599 -2.8001
5.9862 -6.5791 -2.6215
6.11 -6.253 -2.1574
6.2695 -6.3553 -1.8979
6.7741 -7.9311 -2.5525
6.7813 -7.755 -2.8477
6.9574 -7.4646 -2.8143
7.2574 -6.7671 -1.5361
6.9431 -6.472 -0.80293
6.1029 -6.9552 -1.3314
5.8363 -7.6288 -2.105
6.141 -8.3405 -1.9788
6.3195 -8.6476 -1.8765
6.0148 -8.3405 -2.2145
6.6408 -7.4574 -1.2433
6.5432 -7.3932 -1.2076
6.4837 -8.6714 -1.9527
6.1933 -8.0263 -1.9836
5.7482 -7.1861 -1.8051
5.8077 -6.2006 -1.9717
6.1481 -5.7626 -1.9503
6.2671 -8.024 -1.8408
6.4909 -8.6238 -1.8931
6.4552 -9.0237 -0.60298
5.9196 -8.4262 -1.3147
6.4385 -7.6883 -0.52443
6.9027 -6.7647 -0.5649
6.3314 -8.8333 0.97997
7.0503 -7.4312 1.8964
6.0196 -5.7293 0.92522
5.4364 -5.5008 -0.12691
5.8767 -6.8623 -0.96718
6.4337 -8.1144 -2.0479
7.1026 -9.0832 -2.0502
7.4644 -9.645 -1.8527
7.5216 -9.6521 -1.517
7.4621 -8.7571 -1.3885
7.5478 -7.9811 -1.5694
7.393 -7.7645 -1.2885
7.1455 -7.5312 -1.1029
6.936 -7.2361 -1.4028
6.9336 -7.0409 -1.5385
7.0384 -6.8695 -1.5218
7.2835 -6.9409 -1.2861
7.4406 -6.9337 -0.95052
8.2881 -6.6148 -0.010269
8.2428 -6.5457 0.11351
8.2738 -6.4981 0.082565
8.3976 -6.3006 -0.16261
8.5808 -6.034 -0.53871
8.7379 -5.8578 -0.94576
8.7522 -5.8102 -1.6622
7.2074 -7.6812 0.79192
6.986 -7.6907 1.7298
6.8217 -7.5479 2.263
6.6908 -7.2051 1.9607
6.7003 -6.9861 1.3632
6.7503 -6.7528 0.73241
6.8813 -6.6053 -0.034073
6.936 -6.7981 -0.51491
6.9336 -7.0789 -0.61012
6.7956 -7.3194 -0.098343
6.9384 -6.9742 0.080185
6.9193 -7.1765 0.31822
6.8217 -7.3789 0.98711
6.7051 -7.3646 1.5679
6.5099 -7.2456 1.806
6.2885 -7.0742 1.9131
6.21 -6.7933 1.806
7.3073 -6.372 1.5822
7.4835 -6.1792 1.4322
7.5858 -6.0697 1.4989
7.6168 -6.0435 1.5155
7.6192 -5.9007 1.3608
7.6763 -5.784 1.268
7.7501 -5.8174 1.2918
8.9784 -4.5581 1.1514
8.9688 -4.5391 1.1371
9.0164 -4.5867 1.1418
9.0569 -4.6224 1.1014
9.2164 -4.5772 0.98711
9.383 -4.5843 0.91093
9.4449 -4.5486 0.83
9.5282 -4.4391 0.79668
9.4901 -4.3963 0.7086
9.5211 -4.3606 0.59911
9.8329 -3.5108 -0.19594
9.6853 -3.4584 -0.12929
9.602 -3.368 0.042099
9.5449 -3.368 0.12065
9.5592 -3.318 0.056381
9.5663 -3.2204 -0.010269
9.4997 -3.1156 -0.060257
9.5544 -2.9181 -0.57204
9.7091 -2.9752 -0.64821
9.7972 -3.0014 -0.66725
9.8805 -3.0585 -0.6006
9.8829 -3.068 -0.57918
9.8686 -3.0585 -0.48158
9.4735 -2.5372 -0.17451
9.5782 -2.63 -0.29115
9.5806 -2.6467 -0.29591
9.6711 -2.83 -0.45778
9.7829 -2.93 -0.53633
9.8353 -2.9228 -0.71486
9.7782 -2.8252 -0.82436
9.7163 -2.6158 -0.77199
9.6115 -2.4515 -0.78865
9.533 -2.4206 -0.81483
9.6234 -2.611 0.22063
9.5401 -2.4563 0.21349
9.5092 -2.3777 0.23015
9.5687 -2.3753 0.23491
9.633 -2.342 0.23967
9.6877 -2.2896 0.23491
9.8044 -2.2754 0.26109
9.8305 -2.1563 0.21587
9.8115 -1.9921 -0.026932
9.8115 -1.9326 -0.053116
9.7972 -1.9826 -0.055496
9.7329 -2.0397 -0.019791
9.6972 -2.0373 -0.057877
9.6925 -2.0135 -0.01741
9.6139 -2.1064 0.032578
9.5854 -2.1159 0.013535
9.5949 -2.1397 0.039719
9.5996 -2.1516 0.063522
9.5068 -2.1635 0.080185
9.5854 -2.1492 0.018295
9.6496 -2.1992 0.037338
9.6806 -2.2444 0.042099
9.6591 -2.173 0.070663
9.6591 -2.2135 0.025436
9.5735 -2.1563 0.11589
9.5711 -2.1159 0.11113
9.602 -2.0778 0.077805
9.6449 -2.0349 0.13969
9.6853 -2.0207 0.04686
9.7425 -1.954 0.025436
9.721 -1.9731 0.082565
9.6949 -1.9088 0.073044
9.6234 -2.0373 0.16112
9.6663 -2.0564 0.063522
9.702 -2.123 0.068283
9.683 -2.0945 0.096848
9.7377 -2.1516 0.089706
9.7353 -2.0945 0.061142
9.5996 -1.9207 0.094467
9.6044 -1.8969 0.070663
9.6401 -1.9183 0.058762
9.6496 -1.9088 0.054001
9.6639 -1.9802 0.087326
9.6258 -1.9992 0.030197
9.5877 -1.9969 0.04686
9.6044 -2.0183 0.065903
9.6687 -2.0706 0.037338
9.652 -2.073 -0.041214
9.5806 -2.1754 -0.022171
9.6425 -2.1968 0.030197
9.6211 -2.2039 -0.0078888
