9.6234 -2.2587 0.14445
9.6282 -2.2111 0.042099
9.6663 -2.223 0.15636
9.652 -2.1659 0.082565
9.6282 -2.2087 0.12779
9.7234 -2.192 0.065903
9.7091 -2.1754 0.037338
9.7425 -2.2087 0.092087
9.6901 -2.1468 0.16112
9.6496 -2.1587 0.080185
9.6472 -2.2206 0.077805
9.5782 -2.1611 0.04686
9.6425 -2.1873 0.14684
9.6044 -2.1563 0.12065
9.6544 -2.1825 0.13969
9.6401 -2.173 0.12065
9.6758 -2.2373 0.12541
9.6377 -2.192 0.16826
9.6092 -2.2301 0.19682
9.6591 -2.2182 0.14445
9.6401 -2.2206 0.18254
9.6449 -2.1516 0.063522
9.6687 -2.0849 0.099228
9.6687 -2.1611 0.10875
9.6972 -2.123 0.11113
9.6544 -2.1897 0.12065
9.6472 -2.1944 0.14445
9.652 -2.154 0.10399
9.6401 -2.1897 0.11589
9.6949 -2.1825 0.13255
9.6353 -2.2397 0.12303
9.6211 -2.1944 0.11113
9.5996 -2.2159 0.11113
9.6472 -2.1849 0.082565
9.6401 -2.2182 0.11351
9.6949 -2.154 0.04686
9.6639 -2.1682 0.015915
9.7139 -2.1468 0.099228
9.6734 -2.2516 0.073044
9.6282 -2.2135 0.11589
9.6068 -2.2111 -0.01503
9.6496 -2.2039 0.10399
9.6972 -2.2563 0.082565
9.652 -2.2397 0.023056
9.6591 -2.2539 0.04924
9.6972 -2.3158 0.082565
9.6353 -2.3182 0.039719
9.6401 -2.2777 0.05162
9.6663 -2.2206 0.061142
9.602 -2.2111 0.18254
9.6044 -2.2278 0.065903
9.5949 -2.2159 0.096848
9.6353 -2.242 0.063522
9.583 -2.1706 0.070663
9.6258 -2.242 0.087326
9.6449 -2.2397 0.099228
9.6496 -2.2658 0.096848
9.602 -2.2182 0.087326
9.6449 -2.1778 0.070663
9.7044 -2.3968 0.075424
9.6972 -2.4944 0.1754
9.6282 -2.7086 0.12065
9.6782 -2.8609 0.1873
9.6901 -2.9966 0.10399
9.7782 -3.068 0.087326
9.8377 -3.0442 0.13731
9.4187 -4.2415 0.5872
9.3973 -4.382 0.59673
9.3997 -4.4177 0.73003
9.3021 -4.3653 0.661
9.145 -4.3963 0.68956
9.045 -4.3606 0.78954
9.0593 -4.3106 0.85619
9.1045 -4.3296 0.91093
9.1069 -4.4891 0.97997
9.076 -4.6843 0.94902
9.0617 -4.8914 0.83714
8.995 -4.7557 0.80382
8.8165 -4.6224 0.77287
8.7046 -4.4939 0.77287
8.5737 -4.2987 0.90141
8.6808 -4.0987 0.97758
8.8689 -3.9821 1.1371
9.3878 -3.3061 1.1347
9.2688 -3.318 1.1418
9.2426 -3.4703 1.1633
9.1902 -3.5227 1.1918
9.1355 -3.4489 1.2513
9.1021 -3.2442 1.2466
8.7903 -3.4275 2.7724
8.6308 -3.6393 2.8414
8.588 -3.675 2.6486
8.6142 -3.5274 2.5105
8.7403 -3.3251 2.6796
8.8355 -3.0609 2.8057
9.076 -2.88 2.9914
9.3878 -3.0109 3.089
9.6877 -3.1585 3.2556
9.7187 -3.318 3.1485
9.2235 -2.2039 2.8771
9.045 -2.0564 2.9842
8.8498 -2.0706 2.8747
8.9141 -2.2539 2.9414
9.0593 -2.8609 3.1128
8.9403 -3.5227 2.9533
8.9379 -3.9702 3.1175
9.2378 -3.4417 3.3389
9.1426 -3.7631 3.9697
9.1759 -3.6869 3.8269
9.0474 -3.9107 3.9245
8.8593 -4.144 4.2577
8.7141 -4.7462 4.5077
8.5237 -5.2722 4.61
7.2145 -8.2977 1.7679
7.1026 -9.4784 1.4275
6.9265 -10.188 1.1942
6.867 -10.316 1.1871
6.9146 -9.8545 1.1752
7.0169 -9.1142 1.2799
6.9003 -8.3882 1.3132
6.867 -7.805 1.1775
6.9693 -7.4931 1.2561
6.9051 -7.0694 1.3918
6.429 -6.2744 0.27538
6.1267 -5.4698 0.48485
6.0362 -5.5079 0.38011
6.2171 -6.3553 0.20872
6.36 -7.2837 -0.17213
6.4599 -7.9097 -0.41255
6.4337 -8.1811 -0.43874
6.5432 -8.2025 -0.53395
6.9051 -6.5838 -0.0078888
6.7265 -6.6671 0.18016
6.5194 -6.5481 0.11589
6.4599 -6.4672 0.45152
6.5004 -6.3006 0.84904
6.5789 -5.9102 0.81096
6.6884 -5.7031 0.6967
7.2574 -6.8719 1.268
7.2264 -7.0432 1.3156
7.3335 -7.1932 1.0966
7.2978 -7.1028 1.0395
7.3145 -7.1313 1.1442
7.0788 -7.148 1.3204
6.9312 -7.5336 1.4441
6.9479 -7.7669 1.4584
6.9908 -7.774 1.418
6.9979 -7.7026 1.3775
7.3073 -7.7907 1.5084
6.9455 -8.3001 1.5846
7.0193 -8.7119 1.5989
7.1502 -8.7119 1.6036
6.7194 -8.4857 1.7822
6.4814 -8.2287 1.8559
6.4623 -8.0692 1.9274
6.548 -7.9478 2.1821
6.4456 -6.8742 1.4346
6.5004 -7.2146 0.96806
6.3623 -7.6788 0.81334
6.6099 -7.7264 0.65385
6.7503 -7.8549 0.99663
6.5147 -7.7478 1.1323
6.9074 -7.9359 -0.63393
6.5385 -7.6217 -0.7101
6.429 -7.6788 -0.8315
6.3385 -7.843 -0.61964
6.3957 -7.6479 -0.35304
6.8408 -7.4312 -0.56013
5.8458 -7.6526 -1.1719
5.9958 -8.143 -1.4647
6.0457 -8.6048 -2.1074
6.1743 -8.9285 -2.5073
5.9981 -8.6595 -2.6287
5.8268 -7.9906 -2.7691
6.0124 -7.4431 -2.8215
6.4385 -7.1051 -2.9476
6.9789 -7.2313 -2.6549
6.8051 -7.5074 -2.4906
6.8217 -6.5624 -2.1026
7.1978 -7.5336 -2.643
7.3454 -8.3263 -2.7406
6.9908 -8.1287 -2.293
6.4337 -7.1385 -1.6908
6.3623 -6.3363 -0.99812
6.1195 -6.5648 -0.68867
5.9767 -6.9242 -1.7955
7.4335 -7.993 -2.124
7.324 -7.2361 -1.7694
6.9979 -7.0861 -1.4528
6.7265 -6.8314 -0.96956
6.2981 -6.7814 -1.3457
6.1005 -6.6862 -2.343
6.3861 -7.6717 -2.8858
6.6408 -7.4003 -2.9572
6.6385 -7.2575 -2.8977
6.5361 -7.5741 -2.8762
6.3028 -8.0597 -3.1119
6.2386 -8.5119 -2.4882
6.5456 -8.3929 -2.1336
6.6504 -8.0049 -1.9741
6.1005 -7.0932 -0.84816
5.5935 -6.0054 -1.6242
6.3481 -8.0716 -2.0122
6.3957 -8.331 -1.6027
6.5194 -7.8811 -1.6503
6.617 -7.2599 -1.3647
6.6385 -6.9337 -1.0338
6.448 -7.1361 -0.68391
6.0338 -7.5407 -0.86244
5.7268 -8.1525 -0.87672
6.6432 -7.0909 -3.0333
7.1669 -6.6814 -2.7929
7.1859 -6.5148 -2.3787
6.8551 -6.8052 -2.6906
6.6694 -7.2932 -3.1476
6.9003 -8.0501 -3.3071
6.8503 -6.7505 -2.4787
6.7432 -7.3527 -2.5906
6.429 -7.8002 -2.3073
6.3147 -7.9763 -1.867
6.2005 -7.8788 -1.3123
5.7196 -7.6407 -1.8051
5.8529 -7.3979 -1.9693
6.4552 -6.9718 -1.5385
7.2193 -6.0792 -2.1312
7.9239 -6.4434 -1.7218
7.1193 -7.5693 -1.2695
7.1003 -7.3313 -1.0005
6.9979 -7.3551 -0.92671
6.9789 -7.3003 -0.78151
6.9979 -7.0647 -0.71486
7.0027 -6.779 -0.71248
7.0265 -6.679 -0.79579
7.3835 -6.5481 -0.86244
9.0379 -6.034 -0.16261
8.9665 -5.9316 -0.19356
8.9498 -5.984 -0.39827
9.0355 -5.865 -0.93385
9.2069 -5.7483 -1.1838
9.3211 -5.7983 -0.70534
6.1671 -7.7026 1.5513
6.3147 -7.3003 1.0847
6.5956 -6.81 0.43486
6.817 -6.7481 -0.12453
6.9289 -7.067 -0.20546
6.9622 -7.2789 0.14445
6.7599 -7.4693 0.88475
6.4361 -7.6717 1.675
6.0934 -7.7288 2.2059
5.8363 -7.674 2.1392
5.822 -7.4146 1.7512
5.6839 -7.1884 1.7917
5.6078 -6.9576 1.7369
5.6363 -6.6719 1.5584
5.7482 -6.4839 1.3918
5.8529 -6.3672 1.2704
5.9053 -6.4291 1.0728
5.9934 -6.3791 0.93474
7.5335 -5.9459 1.0252
7.6287 -5.7721 0.90141
7.7215 -5.7269 0.98473
7.7358 -5.5984 0.99425
7.6549 -5.308 1.1037
7.7072 -5.2151 1.2418
8.4642 -4.5034 1.4322
8.7498 -4.5819 1.3894
8.9641 -4.789 1.2323
9.1712 -5.1175 1.0799
9.3664 -5.3056 1.1585
9.4687 -5.0318 1.1656
9.5401 -4.4106 1.0704
9.7544 -4.013 0.9514
9.9448 -3.8297 0.87285
10.13 -3.775 0.72527
10.269 -3.8988 0.5753
10.416 -4.0011 0.7205
9.9377 -3.9202 -0.86958
10.007 -3.8369 -0.99574
10.111 -3.7107 -1.0481
10.116 -3.656 -1.041
10.138 -3.5274 -1.041
10.064 -3.4037 -0.85292
9.364 -1.9588 0.46104
9.333 -2.0873 0.23967
9.3426 -2.292 0.063522
9.4806 -2.4015 -0.065018
9.6092 -2.4467 -0.28163
9.7925 -2.4515 -0.52681
9.8139 -1.9469 -0.029312
9.8282 -1.9064 -0.010269
9.7234 -1.7755 0.094467
9.7377 -1.6826 0.26347
9.6258 -1.5279 0.37059
9.6139 -1.4779 0.39201
9.6663 -1.4065 0.48723
9.6211 -1.6588 -0.30782
9.6401 -1.7065 -0.2126
9.7472 -1.7184 -0.1888
9.721 -1.6779 -0.16737
9.7353 -1.7041 -0.11977
9.752 -1.7612 -0.13405
9.7282 -1.8064 -0.022171
9.7758 -1.8374 -0.01265
9.7877 -1.8469 -0.060257
9.8377 -1.9326 0.027817
9.6449 -2.492 -0.26973
9.6568 -2.4777 -0.22688
9.5901 -2.5229 -0.3459
9.6472 -2.5324 -0.3221
9.6711 -2.4706 -0.31258
9.6639 -2.3944 -0.29829
9.6711 -2.3206 -0.28877
9.7496 -1.9326 -0.084061
9.6758 -1.935 -0.00074768
9.652 -1.9207 -0.10072
9.5854 -1.9278 -0.08168
9.6234 -1.8969 -0.10786
9.7282 -1.8517 -0.10072
9.6782 -1.9707 0.011154
9.6591 -2.0659 -0.065018
9.6663 -2.0683 -0.00074768
9.6806 -2.023 -0.0793
9.6425 -2.0016 0.0063934
9.6544 -1.9516 0.0016327
9.6139 -1.9421 -0.00074768
9.7115 -1.9302 0.013535
9.702 -1.9302 0.039719
9.6711 -1.8802 0.077805
9.7163 -2.1254 -0.069778
9.6758 -2.1897 0.020676
9.6544 -2.1778 -0.0031281
9.5996 -2.2278 0.037338
9.6425 -2.1706 -0.029312
9.6282 -2.1516 -0.048355
9.633 -2.104 -0.055496
9.6068 -2.0397 -0.036453
9.7353 -1.8897 0.023056
9.7139 -1.9469 -0.045975
9.7091 -2.0492 -0.026932
9.6472 -2.0968 -0.026932
9.6211 -2.1421 -0.13405
9.5901 -2.1587 -0.10548
9.6877 -1.8612 0.058762
9.7329 -1.8731 0.020676
9.7282 -1.8421 0.058762
9.702 -1.8469 -0.031693
9.7044 -1.8802 -0.022171
9.7282 -1.8659 -0.0078888
9.7401 -1.8517 -0.029312
9.8139 -1.8707 -0.053116
9.7115 -1.9088 -0.0793
