9.5877 -2.4539 -0.10786
9.6234 -2.4658 -0.11501
9.583 -2.4706 -0.0793
9.5854 -2.4896 -0.053116
9.5973 -2.5182 -0.055496
9.5711 -2.4253 -0.00074768
9.5139 -2.4539 -0.022171
9.5568 -2.5015 -0.043594
9.5854 -2.4967 -0.048355
9.5711 -2.5777 -0.088821
9.5616 -2.5729 -0.11024
9.5401 -2.5586 -0.18642
9.6282 -2.5491 -0.11024
9.6163 -2.5229 -0.16261
9.5758 -2.5324 -0.10548
9.6877 -2.5134 -0.10786
9.6472 -2.542 -0.11263
9.683 -2.5063 -0.088821
9.6234 -2.4706 -0.11501
9.6044 -2.4586 -0.098343
9.5854 -2.4491 -0.029312
9.633 -2.4491 -0.10786
9.6234 -2.3968 0.023056
9.5758 -2.3944 0.011154
9.6139 -2.4301 0.018295
9.5663 -2.4063 0.061142
9.5949 -2.4325 0.018295
9.6282 -2.5277 -0.069778
9.6068 -2.4396 -0.08168
9.6234 -2.4206 0.037338
9.602 -2.4087 -0.0031281
9.5973 -2.4253 -0.0055084
9.5592 -2.3991 -0.019791
9.6282 -2.3944 -0.01503
9.5711 -2.3968 0.063522
9.6211 -2.4087 0.05162
9.6734 -2.411 0.030197
9.6925 -2.4158 -0.026932
9.6615 -2.4706 -0.01741
9.5973 -2.411 -0.00074768
9.5854 -2.4372 -0.019791
9.633 -2.4158 0.0040131
9.6163 -2.3801 -0.043594
9.6591 -2.4039 0.0016327
9.6258 -2.3896 -0.00074768
9.5901 -2.3753 0.070663
9.6044 -2.5324 -0.0078888
9.5949 -2.511 -0.0031281
9.6425 -2.5015 -0.053116
9.6139 -2.5681 -0.034073
9.5996 -2.5634 0.027817
9.6472 -2.8752 -0.17928
9.6353 -3.0704 -0.23402
9.6996 -3.3132 -0.16261
9.7805 -3.5393 -0.24355
9.8329 -3.8059 -0.20546
9.9805 -3.9964 -0.29829
9.8972 -4.4772 -0.19594
9.8543 -4.7176 0.05162
9.5497 -4.7652 0.077805
8.976 -4.9009 0.25633
8.5808 -4.7533 0.67766
8.2785 -4.3106 1.0871
9.3188 -3.756 0.80382
9.145 -3.5774 0.63957
9.2759 -3.456 1.0419
9.2235 -3.3394 1.2585
9.4092 -3.2632 1.237
9.5854 -3.5036 1.1204
9.5996 -3.6346 1.1514
8.6427 -3.944 1.7298
8.5404 -4.1559 1.7988
8.3547 -4.2677 2.0345
8.3142 -4.0083 2.0702
8.2928 -3.6679 1.9988
8.9617 -4.0416 2.5724
8.8712 -3.9202 2.6796
8.7737 -3.6917 2.6605
8.7975 -3.4941 2.6891
8.7856 -3.1942 2.7319
8.7237 -2.9752 2.4368
9.3925 -2.2539 3.3889
9.095 -1.635 3.4103
9.1688 -1.4565 3.3032
9.264 -1.4018 3.4436
9.1783 -1.6255 3.7174
8.9522 -2.1159 4.0935
9.2045 -2.0587 4.0744
9.3188 -1.8493 4.0625
9.0164 -2.3182 4.4363
8.8189 -2.461 4.8576
8.9331 -2.3872 5.2646
8.7522 -2.3277 5.4194
8.8593 -2.661 4.8076
8.7022 -2.7324 4.7029
8.5737 -3.2442 4.6196
8.488 -3.3037 4.6029
8.4118 -3.506 4.6077
8.5737 -3.3918 4.6505
8.4356 -2.9181 4.5267
8.3999 -3.1799 4.6957
8.3285 -3.3656 4.91
8.5808 -3.0799 4.8671
8.7713 -2.7229 5.0361
8.9379 -2.7038 5.3027
8.5785 -4.3701 5.6312
8.6427 -4.3939 6.0383
8.2357 -4.2058 6.4144
7.781 -3.9607 6.7452
7.393 -3.9797 7.0261
7.2359 -4.0702 7.1523
6.5266 -5.1723 6.1977
6.3052 -5.1175 6.3858
6.0934 -5.3936 6.7738
5.8934 -5.5246 7.1427
5.7458 -5.4627 7.1475
5.9243 -5.427 6.8761
6.1267 -7.4812 5.3598
5.9886 -7.1551 5.6145
5.7958 -6.8933 5.9716
5.6887 -6.7219 6.0335
5.7077 -6.441 5.9288
5.9458 -6.2292 5.6264
6.26 -8.0073 3.0247
6.0386 -7.9787 3.2128
5.8077 -7.9335 3.4008
5.653 -7.7002 3.7745
5.6696 -7.3289 3.8316
5.6887 -6.9837 3.7983
5.7672 -7.9954 1.7631
5.5816 -7.8692 1.9107
5.5887 -7.1504 2.4201
5.5482 -6.3577 2.7748
5.722 -6.0221 3.0414
5.8363 -6.1244 2.9985
6.6385 -6.8647 -0.15071
6.3409 -8.2049 0.075424
6.0338 -8.5976 0.67766
5.9529 -8.0216 1.337
5.9291 -6.898 2.0392
5.8744 -5.9864 2.1987
6.5623 -7.0623 1.0442
6.7884 -7.1028 1.0085
6.817 -7.1694 0.81096
6.7051 -7.3456 0.82286
6.7242 -7.4074 1.0419
6.717 -7.1742 1.2323
7.0146 -7.4146 0.41344
7.136 -7.6312 -0.036453
6.9265 -7.6907 -0.2007
6.8336 -7.8192 -0.024551
6.9646 -7.8573 0.011154
6.817 -7.8859 -0.060257
6.9003 -8.2549 -0.76961
6.7765 -8.3882 -0.61964
6.8289 -8.2453 -0.42683
6.8003 -7.893 -0.15309
6.8051 -7.6764 -0.21974
6.8289 -7.6621 -0.26021
6.917 -8.531 -0.73866
6.8217 -8.0573 -0.65297
6.9122 -7.8907 -0.42683
6.8336 -7.8645 -0.31496
6.6266 -8.0311 -0.25307
6.9669 -8.0954 -0.59108
6.6837 -7.824 -0.36018
6.3409 -7.2527 0.063522
6.4933 -7.1813 0.26347
6.2409 -7.2956 0.46104
5.9053 -8.3167 0.11351
5.9505 -8.4596 -0.51729
5.6792 -7.6621 -0.31258
5.4483 -7.5503 0.45866
5.4411 -7.486 0.83238
5.3531 -7.2694 0.661
5.4935 -6.948 -0.24117
5.9172 -6.9528 -1.0338
6.4433 -6.7433 -2.0003
7.174 -6.8076 -2.712
7.2669 -7.7693 -3.6784
7.1455 -9.0856 -3.2666
7.1669 -9.5117 -2.681
6.3838 -9.8949 -2.0455
5.7292 -9.3593 -2.0693
5.6554 -8.3167 -2.0074
5.7601 -7.3456 -1.4314
5.7434 -6.7743 -1.2433
5.8125 -6.5315 -1.2124
6.0743 -6.879 -1.6575
6.4171 -7.3122 -1.8979
6.1743 -7.8216 -1.1029
5.991 -7.9335 0.14207
6.26 -8.0382 -0.53871
7.3335 -8.4167 -0.26973
6.8955 -8.3691 -0.13167
6.7599 -8.4548 -0.3221
7.1217 -8.0359 -0.37209
7.1431 -6.7219 -0.46016
6.748 -5.8412 -0.22688
6.3695 -5.815 -0.22688
6.0886 -6.2815 -0.28877
6.6646 -6.8433 -0.6125
6.5813 -9.614 -1.786
6.6575 -9.226 -1.5932
6.4028 -8.193 -0.94337
5.9434 -7.0837 -0.79579
5.7363 -6.9147 -0.90767
5.9434 -7.4051 -0.64345
6.1648 -7.9073 -0.71248
6.229 -8.1977 -0.62202
6.0862 -7.9573 -0.63155
5.9553 -7.4051 -1.1243
6.0029 -7.0694 -1.1457
6.0553 -6.8171 -1.3361
6.1005 -7.2218 -1.1957
7.3859 -7.8597 -1.5051
7.4406 -8.243 -0.78151
6.7813 -8.5976 -0.42921
6.1648 -8.7928 -0.19594
5.9553 -8.3144 -0.39351
6.1981 -7.536 -0.21736
6.7313 -8.331 -0.75294
6.7884 -8.4072 -0.76247
6.8432 -8.4405 -0.7339
6.8765 -8.2549 -0.71486
6.7408 -7.8573 -0.4792
6.4837 -7.2503 -0.68153
6.4814 -7.0718 -0.62917
6.8813 -7.0242 -0.33638
7.1717 -6.8838 -0.19118
7.3764 -6.7909 -0.25545
7.6977 -7.0028 -0.57918
8.0381 -7.0718 -1.0124
8.0833 -7.0028 -0.95052
8.1738 -7.5455 -0.36018
8.4309 -7.7859 0.0040131
8.6213 -7.7574 0.037338
8.7332 -5.9435 -0.56013
8.6808 -6.1863 -0.2126
8.3095 -6.7124 0.69908
7.7787 -7.4717 2.0321
7.2954 -7.755 2.7795
7.1574 -7.3884 2.5962
7.3859 -6.7862 2.144
7.7144 -6.2125 1.556
7.9786 -6.0387 0.60387
8.1952 -6.6314 -0.041214
5.8982 -7.6978 2.4034
5.6863 -7.6931 2.4677
5.7125 -7.6074 2.5867
5.8815 -7.3836 2.5415
6.0053 -7.0504 2.3915
6.1005 -6.929 2.1963
6.0743 -7.0123 2.1273
6.0695 -7.0361 2.0202
6.0434 -7.1718 2.2106
6.0624 -6.1363 2.5248
6.1838 -5.9911 2.2892
6.3838 -5.8935 2.5177
6.5647 -5.7864 2.8771
6.7218 -5.8721 2.9628
6.7789 -6.1482 3.2175
6.7932 -6.3958 3.3841
6.7813 -6.5029 3.3008
6.7741 -6.4053 3.2413
6.8765 -6.1244 3.0699
6.9741 -5.8245 2.8652
7.0526 -5.5127 2.6557
7.2074 -5.3365 2.7057
7.4026 -5.2342 2.6796
7.524 -5.1604 2.8676
7.6311 -5.1056 3.0914
7.7834 -5.0533 3.2247
7.8477 -5.0247 3.0699
7.8096 -4.8652 3.0199
7.9358 -4.889 2.9723
8.0643 -4.9461 2.7867
9.095 -4.2249 -0.01265
9.0545 -4.1297 -0.043594
8.9998 -4.0654 -0.13167
9.0069 -4.0416 -0.095963
9.0926 -3.9892 -0.13167
9.145 -3.9749 -0.2364
9.2759 -4.0083 -0.22926
9.3925 -3.9987 -0.24117
9.533 -4.0345 -0.17213
9.7401 -4.0535 -0.25545
9.8639 -4.0702 -0.15071
10.007 -3.994 -0.16023
10.233 -3.9012 -0.055496
10.285 -3.8202 -0.16023
10.214 -3.8012 -0.029312
10.078 -3.8059 -0.23164
9.9876 -3.6893 -0.32686
10.064 -3.606 -0.16737
10.211 -3.4751 -0.19118
10.323 -3.4989 -0.11739
9.4068 -2.2539 -0.21974
9.4782 -2.2373 -0.13405
9.552 -2.1778 -0.10786
9.6639 -2.1825 -0.23402
9.7377 -2.2301 -0.13643
9.7329 -2.2278 -0.17213
9.6568 -2.2039 -0.12691
9.5877 -2.2159 -0.053116
9.5568 -2.1373 0.018295
9.6068 -2.3468 -0.01741
9.6687 -2.3515 -0.029312
9.5854 -2.3349 0.030197
9.5663 -2.2825 -0.091202
9.633 -2.292 -0.00074768
9.633 -2.3111 -0.043594
9.5663 -2.2373 -0.022171
9.5806 -2.2658 -0.024551
9.5711 -2.3253 -0.031693
9.6234 -2.3801 -0.095963
9.633 -2.373 -0.031693
9.6211 -2.3991 0.0040131
9.6377 -2.4301 -0.07692
9.6425 -2.3682 -0.041214
9.6591 -2.3801 -0.038834
9.6711 -2.3872 0.034958
9.6068 -2.3825 -0.026932
9.5806 -2.3753 0.013535
9.5735 -2.3753 0.027817
9.6044 -2.3611 -0.034073
9.6306 -2.3587 -0.11501
9.5996 -2.3896 -0.045975
9.6163 -2.392 -0.050735
9.6163 -2.3658 -0.01741
9.6211 -2.3087 -0.069778
9.6092 -2.373 -0.088821
9.5996 -2.411 -0.053116
9.5854 -2.3611 -0.036453
9.6282 -2.3777 0.0016327
9.5782 -2.3611 -0.029312
9.6163 -2.3492 -0.060257
9.5925 -2.3182 -0.055496
9.6282 -2.3492 -0.043594
9.6544 -2.3301 0.0040131
9.6544 -2.3349 -0.065018
9.633 -2.3801 -0.022171
9.5949 -2.3515 -0.053116
9.6282 -2.3777 -0.086441
9.6544 -2.3468 -0.088821
9.6353 -2.4039 -0.091202
9.6187 -2.3968 -0.0031281
9.5996 -2.4087 -0.026932
9.5616 -2.3682 -0.055496
9.7163 -2.3325 -0.026932
9.7044 -2.3587 -0.041214
