9.5925 -2.4015 -0.69106
9.5473 -2.4134 -0.70772
9.5401 -2.4015 -0.70772
9.5258 -2.4087 -0.71248
9.5092 -2.4229 -0.70058
9.5258 -2.4301 -0.74104
9.5592 -2.4729 -0.84816
9.5663 -2.4825 -0.75533
9.602 -2.4753 -0.73866
9.5782 -2.4706 -0.64107
9.6353 -2.4467 -0.63631
9.6306 -2.4348 -0.67439
9.6282 -2.3991 -0.7101
9.5925 -2.4182 -0.7458
9.6044 -2.3825 -0.72438
9.602 -2.2706 -0.65773
9.6425 -2.2873 -0.61012
9.5901 -2.2492 -0.5768
9.5877 -2.2801 -0.66249
9.5901 -2.2492 -0.68629
9.6092 -2.2325 -0.5768
9.6496 -2.2492 -0.67677
9.602 -2.292 -0.63155
9.6282 -2.2801 -0.61012
9.6187 -2.3349 -0.68391
9.6449 -2.3111 -0.59584
9.5877 -2.3539 -0.65773
9.5616 -2.3444 -0.60536
9.5806 -2.3253 -0.69344
9.5735 -2.3039 -0.67677
9.5687 -2.3111 -0.63869
9.552 -2.2968 -0.69106
9.5044 -2.3182 -0.70772
9.602 -2.3611 -0.7101
9.602 -2.3658 -0.65535
9.6044 -2.3896 -0.67915
9.5901 -2.3539 -0.71724
9.5758 -2.3253 -0.63155
9.5901 -2.292 -0.70534
9.5854 -2.3039 -0.76009
9.5782 -2.2444 -0.75056
9.5782 -2.2873 -0.74104
9.5473 -2.3039 -0.69582
9.5473 -2.3063 -0.66011
9.5401 -2.2896 -0.66725
9.6782 -2.2278 -0.70296
9.683 -2.2373 -0.7339
9.6949 -2.2135 -0.65773
9.6139 -2.242 -0.7458
9.6211 -2.2873 -0.64107
9.5592 -2.2706 -0.67439
9.6663 -2.2587 -0.7101
9.652 -2.3063 -0.63869
9.5782 -2.3325 -0.59822
9.6211 -2.3706 -0.7339
9.5639 -2.3206 -0.65297
9.5806 -2.3991 -0.77675
9.7068 -4.4034 -0.84102
9.7306 -4.3034 -0.66725
9.7901 -4.2011 -0.76247
9.8972 -4.2249 -0.89815
9.9496 -4.2392 -0.94337
9.9305 -4.1939 -1.0148
9.2807 -3.7988 0.0016327
9.3283 -3.6584 0.15874
9.2473 -3.7226 0.42534
9.195 -3.9154 0.38963
9.1712 -4.113 0.62291
9.1378 -4.2058 0.65623
8.688 -4.3606 1.4132
8.6356 -4.351 1.725
8.5094 -4.1797 1.7869
8.438 -4.0821 1.8083
8.3976 -3.9583 1.994
8.4285 -3.8821 1.9131
8.5261 -3.8297 2.3558
8.3952 -3.6798 2.3558
8.3999 -3.5655 2.401
8.3071 -3.5893 2.382
8.1928 -3.5203 2.2749
8.1643 -3.4156 2.3154
8.1405 -3.3037 2.3868
9.1521 -3.268 2.9438
9.1807 -3.2799 2.9628
9.1902 -3.2608 3.0152
9.1617 -3.2394 3.0628
9.0902 -3.1918 3.0961
9.1426 -3.0537 3.2032
9.145 -3.0799 3.2889
9.0593 -3.0847 3.5508
9.1045 -3.0109 3.7126
9.0188 -3.0133 3.8674
9.0403 -3.2204 3.8793
8.4809 -3.794 3.765
8.4452 -4.0035 3.7936
8.4594 -3.9131 3.7507
8.4832 -3.8535 3.8007
8.4475 -3.7774 3.834
8.4523 -3.6869 3.8888
8.7332 -4.2177 3.3389
8.9784 -3.6893 3.2818
9.0045 -3.9654 3.308
8.9522 -4.044 3.646
8.8617 -3.7012 3.6936
8.7951 -3.5393 3.9269
8.7856 -3.1656 4.1197
8.7808 -3.2513 4.1197
8.7284 -3.4703 4.4029
8.7237 -3.3037 4.5886
8.7594 -3.2751 4.7505
8.6665 -3.5179 4.691
8.6427 -3.7464 4.4958
8.4475 -4.6772 4.9433
8.4142 -5.1508 5.5384
8.2047 -5.4722 5.6503
8.1667 -5.5388 5.5955
7.9977 -5.2818 5.2789
7.8239 -4.7962 5.5122
7.4906 -4.9176 5.4884
7.1241 -5.6864 5.5146
7.1479 -6.3029 5.4455
7.1717 -6.6076 5.5455
6.9789 -6.8266 5.6764
6.7575 -6.9766 5.7598
6.6432 -6.8481 5.755
6.5837 -6.3744 5.8811
6.5075 -6.0935 6.1263
6.2647 -6.3458 6.0644
6.1981 -6.6457 5.3694
6.3623 -7.317 4.7981
6.2505 -7.7574 4.3506
6.0648 -7.9525 4.2197
6.8325 -6.7659 0.59196
6.8634 -7.8776 -0.21617
6.8503 -9.3391 -0.75652
6.6706 -8.2037 -0.59346
7.1586 -7.6681 -0.2495
6.7265 -8.4548 -0.0078888
6.6349 -8.5203 0.063522
6.7372 -8.1168 0.14445
7.0086 -8.5786 -0.0793
6.8241 -8.5084 0.20158
6.5421 -8.4072 0.24086
6.3838 -8.4905 0.014725
6.1671 -8.7845 0.42891
6.504 -7.9335 0.26585
6.041 -8.9261 0.027817
6.0684 -8.8928 0.077805
6.0243 -8.7428 -0.048355
6.0707 -8.437 -0.14952
5.6232 -8.5238 0.2718
5.9672 -8.4239 0.51817
6.3433 -7.9704 0.31465
6.1386 -8.3786 0.41582
5.9636 -8.331 0.27419
6.1469 -8.1108 0.12541
6.2564 -7.9347 0.84904
6.2076 -8.6905 0.36107
5.5935 -8.2787 0.54317
6.1433 -9.4379 -0.64345
5.8755 -7.5253 0.25752
6.3635 -7.1623 0.36107
6.0243 -7.7145 0.23015
6.1005 -7.0563 0.36226
5.3959 -9.1511 -0.038834
5.5673 -8.7 -0.20784
5.384 -7.8716 -0.22212
5.6982 -7.5729 1.168
6.0338 -7.8014 -0.63274
5.728 -8.4869 -1.1171
6.4397 -7.8752 -2.2597
6.5385 -7.6705 -2.3847
6.3957 -7.1361 -2.4454
6.3957 -6.9718 -3.3761
6.6028 -7.173 -2.8274
6.2433 -7.7419 -2.8929
5.5542 -8.481 -3.0452
5.6363 -8.381 -3.5606
6.1576 -8.0835 -3.3952
6.1517 -7.6371 -3.0857
5.728 -8.4596 -2.8774
5.3971 -9.0332 -3
5.3971 -7.9752 -3.4475
6.0981 -7.411 -2.9988
6.7527 -7.9109 -2.4014
5.9934 -8.6893 -2.3145
5.5851 -8.4834 -1.7967
5.9815 -7.7431 -1.3147
6.4302 -7.8621 -0.88982
6.3183 -7.6431 -1.0291
5.9767 -8.1584 -1.0672
5.6887 -8.2144 -0.9767
6.2207 -7.6003 -1.2445
6.5587 -7.4098 -1.204
6.6111 -8.9118 -0.6256
6.5873 -6.9195 -0.029312
6.6325 -6.7267 -1.5063
6.5825 -6.7862 -3.0345
7.2466 -7.6681 -2.3847
6.6337 -8.3477 -2.668
5.5125 -7.5574 -1.7717
5.8755 -7.9752 -2.9274
5.9541 -9.1058 -3.5201
6.0219 -7.8954 -2.4954
5.8196 -7.5872 -2.1586
5.5863 -7.9978 -2.3918
6.1088 -8.7059 -2.1621
6.1338 -8.7488 -1.5599
5.7839 -7.8454 -0.73033
6.2564 -6.9456 0.12422
6.3195 -7.5157 -0.97908
6.5349 -8.1049 -1.673
6.5516 -8.9666 -1.9836
6.7015 -8.5441 -1.6325
6.035 -7.636 -1.2528
6.0624 -8.0359 -0.76842
6.3123 -7.5824 -0.18999
6.2148 -7.4515 0.1266
6.1267 -8.7107 -1.3028
5.672 -8.1906 -0.40541
6.0541 -6.8278 0.28847
6.6706 -7.1575 0.2123
6.3266 -8.1168 -0.36613
6.2826 -7.1551 -0.97194
7.1371 -8.0192 -4.0319
7.3359 -8.0454 -3.8105
7.4383 -7.1218 -3.4773
7.5192 -6.6088 -3.2714
7.9762 -6.2542 -3.1155
8.7463 -7.1837 -2.9465
9.1831 -7.6848 -2.7644
8.7891 -7.123 -1.8884
7.8953 -6.3565 -1.2362
8.0048 -5.9626 -1.1743
8.7986 -6.7957 -1.2207
9.1248 -8.0299 -0.71843
8.7665 -7.417 -1.154
8.7546 -6.2696 -1.7753
8.5523 -6.7124 -1.0398
7.731 -8.0168 0.35512
7.4252 -7.9395 0.57768
7.5168 -6.3815 -0.92552
6.2957 -7.7014 0.661
5.6768 -6.9385 2.1261
5.4875 -6.8445 1.9476
5.7137 -7.4336 1.2359
5.8279 -7.6788 1.4037
5.4447 -7.4908 2.7688
5.4209 -7.1873 3.327
5.19 -7.2944 3.5305
5.4197 -6.8647 3.2687
5.5649 -6.7219 3.1056
5.6411 -6.9326 2.8628
6.016 -6.7457 2.7676
6.5456 -6.785 2.7438
6.9539 -6.7528 2.6498
6.9979 -6.735 2.7617
7.1324 -6.8588 2.895
7.5192 -6.7505 2.7855
7.8322 -6.2863 2.5165
7.7108 -6.028 2.357
7.5394 -6.3279 2.3344
7.6894 -6.2839 2.4832
7.6834 -5.8209 2.6546
7.6073 -5.4127 2.6177
7.8774 -5.3794 2.5177
8.4023 -4.9057 2.0856
8.4261 -4.7438 2.0499
8.7011 -4.839 2.0297
8.7986 -4.7521 1.8357
8.7177 -4.695 1.4465
8.5487 -4.1927 1.3358
9.0498 -3.1394 1.3537
9.414 -3.318 1.0847
9.8948 -3.1989 1.0811
10.022 -3.0406 1.1061
10.023 -3.0014 1.0514
9.9805 -2.9514 0.9633
10.067 -2.711 0.96687
10.214 -2.2611 1.3346
10.428 -1.9421 1.3822
10.485 -1.8302 1.2775
10.367 -1.8564 1.1168
10.164 -3.1025 0.10399
10.045 -4.0642 -0.23521
9.8329 -3.1513 0.4182
9.8151 -2.3801 0.95854
9.627 -2.1897 1.2858
9.5711 -2.0111 1.531
9.5116 -2.0183 1.2478
10.192 -1.8969 0.27061
9.8853 -1.9266 0.2599
9.508 -1.9588 0.27895
9.4425 -2.0064 0.082565
9.4878 -2.098 0.031387
9.5235 -2.0088 0.083755
9.7318 -2.7681 0.17302
9.746 -2.9454 0.095657
9.7627 -2.9276 0.13255
9.7805 -2.6372 0.090897
9.8436 -2.2147 0.16231
9.8329 -1.9826 0.248
9.7639 -1.7969 0.19087
9.6865 -1.6315 0.22301
9.6389 -1.4982 0.18849
9.583 -1.7933 0.074234
9.5711 -1.6886 0.37178
9.5961 -1.6612 0.34322
9.6139 -1.6791 0.39915
9.6032 -1.6148 0.37297
9.6104 -1.5803 0.29799
9.6151 -1.6339 0.23134
9.6199 -1.7065 0.21111
9.6496 -1.7398 0.20277
9.6496 -1.7588 0.20515
9.7448 -1.8612 0.25395
9.7401 -1.9088 0.30751
9.7198 -1.9481 0.3325
9.6699 -1.9314 0.20634
9.6949 -2.0159 0.19563
9.7413 -1.6065 0.21825
9.7115 -1.6017 0.2361
9.7222 -1.5125 0.18016
9.7079 -1.5767 0.2242
9.7496 -1.6219 0.20277
9.7901 -1.6636 0.17897
9.7448 -1.7148 0.22182
9.7234 -1.7493 0.17778
9.6449 -1.785 0.16707
9.6722 -1.8064 0.14207
9.7151 -1.7945 0.23134
9.8055 -1.7921 0.18373
9.7639 -1.7683 0.19206
9.7329 -1.7564 0.25871
9.7032 -1.7422 0.27299
9.702 -1.7445 0.30989
9.7103 -1.7172 0.3325
9.6913 -1.7112 0.28966
9.6996 -1.7041 0.25871
9.7829 -1.7303 0.15993
9.796 -1.8469 0.2123
9.721 -1.6886 0.24919
9.7544 -1.7326 0.37059
9.6544 -1.6017 0.22063
9.5973 -1.7065 0.29799
9.7544 -1.6303 0.35631
9.7377 -1.5374 0.54079
9.6449 -1.5529 0.1754
9.7437 -1.8171 0.30275
9.7889 -1.5386 0.23729
9.7318 -1.7124 0.36464
