9.652 -2.3396 -0.58632
9.5949 -2.3039 -0.54585
9.6139 -2.3349 -0.54109
9.6544 -2.323 -0.57442
9.6544 -2.3611 -0.54823
9.6187 -2.3801 -0.55061
9.5306 -2.3539 -0.51491
9.5282 -2.3587 -0.46492
9.583 -2.3492 -0.42445
9.6163 -2.3753 -0.54109
9.6425 -2.3611 -0.51015
9.6211 -2.392 -0.50777
9.583 -2.3849 -0.51491
9.5425 -2.3706 -0.54585
9.5378 -2.3611 -0.41493
9.6115 -2.292 -0.51729
9.6711 -2.2849 -0.59822
9.6734 -2.3253 -0.55775
9.6853 -2.323 -0.58632
9.6211 -2.3277 -0.55061
9.6234 -2.2968 -0.59346
9.5758 -2.2825 -0.55299
9.5877 -2.3277 -0.5649
9.6234 -2.3753 -0.52443
9.5711 -2.3468 -0.52919
9.6234 -2.3468 -0.58394
9.6282 -2.3539 -0.52443
9.6068 -2.3277 -0.54347
9.6139 -2.2944 -0.52919
9.5782 -2.3039 -0.4673
9.5711 -2.3134 -0.4554
9.6187 -2.2944 -0.53633
9.6401 -2.292 -0.55061
9.6282 -2.2682 -0.51015
9.5854 -2.2754 -0.56966
9.6092 -2.3087 -0.57442
9.6639 -2.3111 -0.52919
9.6258 -2.3134 -0.51729
9.6449 -2.3063 -0.51015
9.6211 -2.2706 -0.50539
9.5949 -2.2373 -0.52681
9.5758 -2.2658 -0.51491
9.5449 -2.3111 -0.58156
9.5711 -2.3063 -0.4911
9.5568 -2.3349 -0.53871
9.5663 -2.3849 -0.44588
9.6472 -2.2754 -0.44112
9.7068 -2.2492 -0.44588
9.6711 -2.2397 -0.50063
9.6806 -2.2539 -0.45302
9.6901 -2.2278 -0.43636
9.6234 -2.1087 -0.48634
9.6187 -2.2682 -0.52205
9.6591 -2.2111 -0.45064
9.6092 -2.2992 -0.51253
9.5497 -2.2539 -0.49348
9.5473 -2.2254 -0.56252
9.721 -2.0754 -0.58156
9.7258 -2.0778 -0.51967
9.7091 -2.1563 -0.45064
9.6663 -2.2206 -0.54109
9.6925 -2.2563 -0.57204
9.6163 -2.2896 -0.54109
9.7258 -3.5965 -0.66487
9.8424 -4.0249 -0.52919
9.8758 -4.2011 -0.5768
9.8139 -4.1178 -0.38875
9.7686 -3.8131 -0.20784
9.721 -3.4251 -0.10072
8.7713 -4.213 0.54912
8.7165 -4.0321 0.32536
8.857 -4.0487 0.44438
8.8665 -4.0559 0.50627
8.7665 -4.2654 0.63719
8.6261 -4.6129 0.73955
8.4475 -4.3701 0.58958
8.6523 -4.2273 0.74669
8.7022 -4.2273 0.69908
8.7927 -4.2201 0.78477
8.8617 -4.2106 1.0038
8.826 -4.182 1.1966
8.8046 -3.4298 1.4013
8.8498 -3.4846 1.5465
8.8927 -3.4941 1.806
9.0045 -3.506 1.9202
9.2045 -3.456 1.7607
9.4092 -3.1561 1.7607
9.2259 -2.5277 2.8843
8.9665 -3.3346 3.9959
8.8927 -3.1966 4.0007
8.9926 -2.8395 3.6079
9.0022 -2.661 3.3722
8.8903 -2.6419 3.4246
8.6356 -3.2775 3.8555
8.5808 -3.537 3.8626
8.6213 -3.5346 3.6983
8.8855 -3.3061 3.6484
8.7903 -3.2656 3.7936
8.6856 -3.2942 4.1482
8.5618 -3.7607 4.3815
8.8165 -3.0085 4.3006
9.0069 -3.1228 4.2839
9.0617 -3.0014 4.391
8.9903 -3.1061 4.7267
8.9569 -3.3989 5.0671
8.7046 -4.5486 5.467
8.6427 -4.9771 5.8621
8.6451 -5.2984 6.0692
8.4785 -5.3865 6.3953
8.2024 -5.0818 6.4858
7.9572 -4.7509 6.1977
7.9215 -4.7914 5.7812
7.8667 -6.5005 4.1697
7.5858 -6.7624 4.3196
7.1312 -6.8147 4.6624
6.9812 -6.4743 5.1337
7.0098 -6.1625 5.2289
7.0407 -6.222 5.2242
6.1029 -7.3003 2.3749
6.0553 -6.5648 2.5486
6.2124 -6.2339 2.7367
5.9005 -5.8792 2.9295
5.5697 -5.5698 3.2389
5.6268 -5.5341 3.3603
5.6244 -7.0813 2.8438
5.7649 -6.5172 2.6296
5.8577 -6.0506 2.5129
5.891 -5.9411 2.4368
6.0243 -6.1792 2.7105
5.841 -6.6695 2.6962
7.1907 -5.7364 2.2606
7.2002 -6.0244 1.6298
7.3169 -6.7885 1.4727
7.274 -7.505 1.287
7.2574 -7.9954 1.3822
7.0955 -7.8883 1.2109
6.6075 -6.1101 1.8916
7.2931 -6.9147 2.0726
7.2597 -7.317 1.8678
6.986 -7.5217 1.6822
6.9241 -7.6169 1.9369
6.8789 -7.1718 1.5655
7.0146 -7.5574 2.044
6.9717 -7.1266 2.0464
7.0717 -6.7195 2.1725
7.0907 -6.66 2.1892
7.0122 -6.9814 2.1535
6.8336 -7.555 1.7583
6.8932 -7.8502 1.4465
6.955 -7.2003 1.6798
7.0717 -6.9123 2.2106
7.0455 -6.71 2.2225
6.8932 -6.5267 2.1606
6.8217 -6.5815 2.1321
6.7122 -8.0097 2.2225
6.6266 -7.6407 2.3987
6.7099 -7.5955 2.1487
6.3909 -7.6122 1.487
6.6289 -7.3313 1.4751
6.5313 -7.4431 2.1535
7.1169 -7.2979 1.0157
7.1241 -7.7478 1.1133
6.8908 -7.843 1.2751
6.648 -7.6645 1.3727
6.5885 -7.5312 1.2299
6.6908 -7.724 1.1014
6.4956 -7.6574 0.97282
6.4766 -7.9192 0.63957
6.4147 -8.3739 0.70146
6.4385 -8.4167 0.7086
6.5242 -8.2144 0.80382
6.5551 -7.8311 0.75859
6.3885 -8.2168 0.22063
6.3861 -8.4358 0.082565
6.3052 -8.581 0.15636
6.1719 -8.7214 0.19444
6.0815 -8.5714 0.38249
6.1719 -8.1573 0.78477
6.091 -9.1618 -0.24593
6.4956 -8.4334 -0.28401
6.1148 -8.0739 -0.057877
6.2457 -6.9576 0.13493
6.1695 -6.6314 0.1992
6.3028 -6.8195 -0.019791
6.4218 -7.1813 -0.27211
6.4361 -7.3479 -0.54347
6.6099 -8.0002 -0.67201
6.5052 -8.2572 -0.15309
5.8387 -8.5548 -0.82912
5.6197 -8.9547 -1.429
6.8384 -6.8409 -0.99812
6.3504 -7.2622 -1.9598
6.7789 -8.6 -2.2431
6.9455 -9.8925 -2.9738
6.5718 -10.414 -3.8403
6.2576 -10.016 -3.8165
6.5813 -7.0171 -1.7908
6.5575 -7.8859 -2.0645
6.2386 -8.7357 -2.4049
6.0457 -9.3522 -2.4621
6.0362 -9.4474 -2.7953
6.1076 -9.0904 -2.6572
6.5885 -6.2744 0.082565
5.9743 -6.1649 0.13731
5.9029 -6.6529 -0.30544
6.4385 -7.3979 -1.0029
6.5432 -8.0287 -2.3764
6.6385 -8.938 -2.4478
5.9148 -6.8671 0.039719
5.941 -7.0171 -0.2126
6.2505 -7.2146 -0.39827
6.4123 -7.2908 -0.89339
6.5194 -7.4217 -1.0219
6.5194 -7.7431 -1.2338
6.5171 -8.8333 -0.64107
6.3052 -8.1739 -0.24117
6.5694 -7.3646 0.42534
7.0717 -6.1292 -0.17928
6.8265 -6.3672 0.11113
6.6194 -7.5741 0.13731
6.041 -8.6333 -0.53633
5.9482 -8.3548 -0.069778
5.9601 -7.9406 -0.80531
5.9553 -8.0335 -1.6408
6.1124 -8.1692 -1.617
6.1695 -7.9716 -2.0693
6.2076 -8.1406 -0.54823
6.1648 -8.3929 -0.74342
6.2624 -8.3953 -0.96718
6.4599 -8.2739 -0.64107
6.7979 -7.7359 -0.60774
6.8003 -7.1075 -0.024551
6.7408 -7.148 0.64909
6.529 -6.8766 0.82762
6.0719 -7.0742 1.0942
5.3078 -7.2194 0.61815
6.329 -7.6669 1.5584
6.8836 -5.5722 -0.69106
6.9098 -9.0475 -1.2838
7.0931 -8.0097 -1.0695
7.2455 -6.7528 -0.59346
7.1336 -5.9316 -0.63631
6.5623 -6.2887 -1.0195
6.3338 -7.3432 -0.80055
6.3957 -7.8883 -1.0291
6.4576 -7.3241 -1.3814
6.6123 -6.929 -1.7598
6.717 -7.3122 -1.6337
6.6908 -8.1025 -1.0481
6.3266 -8.5572 -1.4171
6.2457 -9.2951 -0.77199
6.0386 -9.3998 -0.52205
6.0005 -8.5952 -0.56013
5.6744 -7.7597 -0.9886
6.229 -7.1218 -0.048355
7.2264 -7.2051 -0.29115
7.6715 -6.9266 -1.2338
8.0548 -6.9004 -1.8432
8.3119 -7.3384 -1.0981
8.0738 -7.7312 0.61577
7.3145 -8.0335 1.8179
6.598 -8.2382 2.4748
6.2148 -8.2858 2.6391
6.1219 -8.2144 2.2368
6.4099 -7.7764 1.5465
6.7932 -7.3598 0.75621
7.2407 -7.1289 0.12779
6.3576 -7.0147 1.5584
9.7353 -4.6034 1.4917
9.7639 -4.6367 1.5703
9.8615 -4.6248 1.3608
9.9067 -4.5153 1.3346
9.971 -4.4058 1.2489
10.064 -4.3487 1.1918
10.05 -4.1892 1.0942
10.059 -3.9797 1.0823
10.107 -3.8416 0.91331
10.069 -3.7179 0.72765
9.9448 -3.5846 0.661
9.7948 -3.5346 0.5634
9.633 -3.487 0.37773
9.4854 -3.4203 0.37059
9.4544 -3.4727 0.3087
9.4521 -3.4941 0.31346
9.9091 -2.2992 1.556
9.6306 -2.3944 -0.11263
9.6782 -2.3944 -0.11263
9.771 -2.2087 -0.21974
9.7925 -2.1635 -0.42207
9.802 -2.242 -0.42207
9.8067 -2.2206 -0.55299
9.7448 -2.0968 -0.8196
9.7615 -2.1064 -0.73628
9.702 -2.2087 -0.78627
9.5877 -2.1873 -0.71724
9.5497 -2.1349 -0.6982
9.502 -2.2063 -0.64107
9.4663 -2.0945 -0.59584
9.4973 -1.9897 -0.56966
9.7615 -1.7207 -0.31258
9.8067 -1.9302 -0.31258
9.9305 -2.0683 -0.20546
9.8781 -1.9731 -0.29591
9.8115 -1.9778 -0.2364
9.7139 -2.0016 -0.15547
9.6711 -1.954 -0.13167
9.6401 -1.8612 -0.16499
9.602 -1.8374 -0.13167
9.6544 -1.8112 -0.26497
9.7805 -1.7612 -0.15785
9.8067 -1.7921 -0.21736
9.752 -1.8112 -0.14833
9.6472 -1.8183 -0.2245
9.5544 -1.8517 -0.17213
9.5973 -1.7921 -0.22212
9.6925 -1.7636 -0.16737
9.7425 -1.7588 -0.24831
9.7829 -1.7612 -0.26497
9.752 -1.7207 -0.30067
9.6901 -1.6874 -0.22926
9.6901 -1.6398 -0.25069
9.6972 -1.6422 -0.21022
9.7401 -1.666 -0.21974
9.7258 -1.6398 -0.17451
9.7639 -1.6255 -0.2364
9.6092 -1.6327 -0.034073
9.6425 -1.6755 -0.12215
9.6377 -1.6112 -0.18166
9.6663 -1.6493 -0.16261
9.6782 -1.6636 -0.20784
9.7282 -1.6517 -0.15547
9.8139 -1.6993 -0.16261
9.652 -1.7921 -0.15547
9.6663 -1.7493 -0.13643
9.7091 -1.7755 -0.15309
9.6853 -1.7612 -0.16975
9.6806 -1.7731 -0.084061
9.7115 -1.7303 -0.18642
9.6782 -1.7088 -0.16499
9.6663 -1.716 -0.15071
9.6568 -1.6969 -0.12929
9.6687 -1.7422 -0.11739
9.7258 -1.7517 -0.16023
9.7306 -1.7612 -0.16975
9.7877 -1.6493 -0.16499
9.7972 -1.6398 -0.19832
9.7282 -1.6493 -0.1031
9.7496 -1.7184 -0.15547
9.7758 -1.7279 -0.13881
9.7163 -1.6707 -0.14833
9.7234 -1.6803 -0.20308
