9.5901 -2.5491 -0.18404
9.5592 -2.5443 -0.16499
9.633 -2.5015 -0.14357
9.5854 -2.4658 -0.15547
9.5544 -2.5729 -0.13167
9.6306 -2.5515 -0.12929
9.5854 -2.5515 -0.12691
9.5687 -2.5372 -0.16023
9.5592 -2.5372 -0.14833
9.5235 -2.4991 -0.16261
9.5687 -2.4825 -0.15309
9.5735 -2.4586 -0.065018
9.5425 -2.4087 -0.14833
9.5639 -2.4134 -0.065018
9.5425 -2.3515 -0.07692
9.5877 -2.3872 -0.093582
9.6306 -2.5229 -0.21974
9.5568 -2.5705 -0.13881
9.552 -2.5396 -0.12453
9.6092 -2.5158 -0.12929
9.7163 -2.5324 -0.20308
9.6591 -2.5229 -0.13167
9.5401 -2.58 -0.067398
9.5449 -2.5086 -0.11024
9.5901 -2.5063 -0.15785
9.5568 -2.4801 -0.095963
9.633 -2.4348 -0.08168
9.6377 -2.4706 -0.048355
9.5663 -2.4991 -0.1888
9.5639 -2.4991 -0.12215
9.6163 -2.4848 -0.11501
9.5639 -2.4682 0.0063934
9.5663 -2.461 -0.072159
9.602 -2.4539 -0.11501
9.5782 -2.3396 -0.14119
9.583 -2.3682 -0.074539
9.6115 -2.4229 -0.12929
9.633 -2.4039 -0.0793
9.5996 -2.4039 -0.10548
9.6472 -2.392 -0.10786
9.5758 -2.4134 -0.045975
9.5901 -2.3991 -0.029312
9.6258 -2.461 -0.01741
9.6401 -2.4396 -0.029312
9.652 -2.4491 -0.062637
9.6377 -2.4586 0.020676
9.6044 -2.3611 -0.069778
9.6258 -2.3825 -0.088821
9.6353 -2.4063 -0.091202
9.633 -2.4015 -0.038834
9.5996 -2.4087 -0.067398
9.5473 -2.4206 -0.072159
9.7282 -2.3658 -0.098343
9.6615 -2.3515 -0.12453
9.6782 -2.3658 0.011154
9.5973 -2.3563 -0.07692
9.5449 -2.4182 -0.034073
9.5854 -2.392 -0.01741
9.5854 -2.5443 -0.093582
9.5973 -2.5539 -0.15547
9.6139 -2.6086 -0.17451
9.5901 -2.6729 -0.16023
9.6139 -2.7062 -0.062637
9.5473 -2.7967 -0.11024
9.4568 -3.0871 0.1635
9.7758 -3.7131 0.50389
9.8234 -3.6107 0.18492
9.8996 -3.8036 0.075424
9.9638 -4.163 0.013535
9.721 -4.4986 0.084946
9.4211 -3.2394 1.3251
9.3568 -3.5846 1.3656
9.2021 -3.9821 1.3703
9.1378 -4.2558 1.4084
9.0069 -4.451 1.2608
8.8617 -4.6557 1.3751
8.7237 -4.7176 1.368
8.4475 -4.6986 1.2156
8.3285 -4.4701 1.1561
8.2857 -4.3249 1.1275
8.3333 -4.0916 1.0514
8.3809 -4.0987 1.0823
8.4856 -4.3391 1.0228
8.8451 -3.7345 2.4606
8.8427 -3.3156 2.7105
8.7141 -2.9323 2.7224
8.607 -2.8062 2.7081
8.6165 -2.9323 2.5629
8.6189 -3.187 2.5034
8.588 -3.556 2.3177
8.5927 -3.4727 2.3392
8.6546 -3.4727 2.3415
8.7879 -3.5489 2.2225
8.8593 -3.7012 2.2059
9.0117 -3.6203 2.2606
9.1402 -3.9012 2.1844
9.3854 -3.6417 2.3201
9.4402 -3.2608 2.4963
9.4687 -2.8395 2.8129
9.3497 -2.8752 3.1651
9.314 -3.1656 3.1532
9.1212 -2.4777 3.8221
8.9308 -2.3634 3.8364
8.9331 -2.2135 3.8959
8.9236 -2.5205 4.1387
8.8855 -3.1394 4.1387
8.8094 -2.4134 4.103
8.8141 -2.5039 4.253
8.826 -2.8205 4.3887
8.7737 -3.4489 4.4934
8.657 -4.0154 4.4053
8.6284 -3.9273 4.2554
7.8739 -4.1059 6.2453
7.5263 -4.0892 6.193
7.2383 -4.4153 5.8907
7.0836 -4.8152 5.4051
7.1645 -5.3175 4.9766
7.3454 -5.5436 4.4363
6.4099 -8.1335 3.2818
6.1886 -8.2715 3.4151
5.9601 -7.9406 3.615
5.791 -7.4408 3.5412
5.8529 -7.0218 3.2437
5.8077 -6.8957 3.1318
5.3078 -8.9547 2.0773
5.0031 -8.7762 1.8631
5.0936 -8.4334 1.4441
5.1936 -8.0882 1.0918
5.3126 -7.6407 0.68718
5.3888 -7.3146 0.087326
6.2957 -6.898 -0.61488
6.7932 -6.2101 0.042099
6.8289 -6.6624 0.23729
6.9574 -7.0575 0.3206
7.0883 -7.1218 0.43486
6.9384 -6.9337 0.23253
7.3383 -6.5529 0.79906
7.4668 -6.6362 0.95378
7.4906 -6.6648 0.83
7.2883 -6.5957 0.87047
7.2621 -6.4815 0.83714
7.2954 -6.4386 0.66576
7.3311 -7.2884 1.2037
7.0622 -7.336 1.6965
7.2121 -7.6955 1.5941
7.2002 -7.9383 1.2585
6.9622 -8.1239 0.68242
7.1383 -8.5691 0.98235
6.7361 -7.4312 1.2823
6.6861 -7.1527 1.5489
6.648 -7.0337 1.6846
6.8694 -7.3027 1.7107
6.8503 -7.6074 1.6798
6.7456 -7.8692 1.6346
6.3147 -8.281 1.4465
6.4004 -7.5407 0.90617
6.4266 -7.9859 0.50151
6.598 -8.1477 0.34441
6.8955 -8.1906 0.26585
6.955 -8.2501 -0.026932
6.2671 -7.7407 0.43962
6.3338 -7.555 0.48961
6.229 -7.3955 0.82286
6.16 -7.4122 0.66338
6.3219 -7.6074 0.32298
6.5599 -8.0002 0.22301
6.1552 -8.8618 0.070663
6.4528 -8.7571 0.13255
6.4195 -8.0263 -0.045975
6.3838 -7.8621 0.34917
6.2528 -7.6193 0.42058
6.0196 -6.9171 0.40392
5.8196 -6.9742 -0.87672
6.5385 -7.1432 -0.88863
6.6646 -7.4741 -0.69582
6.2647 -7.5479 -0.42921
6.0624 -7.7336 -0.59822
6.1219 -7.6574 -0.72676
6.5789 -7.9478 -0.50063
6.3457 -7.8597 -0.44112
6.2838 -7.8502 -0.99098
6.5099 -8.024 -1.5266
7.1859 -8.2168 -1.5551
7.1383 -8.0263 -2.3549
7.0407 -7.7526 -2.9143
6.6599 -6.1815 -1.2719
6.6313 -6.5124 -1.0957
6.5361 -6.2958 -1.517
6.0291 -6.7052 -2.6334
5.9672 -7.8764 -3.3928
6.2457 -9.0689 -3.3023
6.1838 -7.7788 -1.3385
6.1172 -7.4312 -1.1124
6.3552 -7.3027 -0.8434
6.5837 -7.2884 -0.62202
6.1267 -7.167 -1.5147
7.0741 -8.0049 -1.0767
6.7646 -8.4381 -1.4956
6.5575 -8.5929 -1.6432
6.5218 -8.5905 -1.7456
6.6051 -8.1501 -1.7432
6.8598 -7.7669 -1.4599
6.836 -7.6717 -1.1624
6.6837 -8.5405 -0.95052
6.5837 -7.9383 -0.66963
6.3861 -7.2908 -0.37923
6.2171 -7.067 0.068283
6.2314 -7.1432 -0.067398
6.7432 -7.0004 -0.50539
6.6004 -7.3527 -0.76247
6.7289 -7.7669 -1.1029
6.8527 -8.0216 -1.091
6.7956 -7.7478 -0.8672
6.4314 -7.417 -0.35066
6.1719 -6.9909 -0.6006
6.0672 -8.3977 0.037338
6.0315 -8.5096 0.24205
6.2743 -8.3286 -0.80531
6.6313 -7.8216 -0.31734
6.3028 -7.7812 -0.71724
6.2148 -8.1882 -0.79341
6.7408 -7.3122 0.5634
6.6932 -7.029 0.63243
6.0743 -6.8433 0.25871
7.0931 -7.2789 0.037338
7.493 -8.212 -0.53395
7.2359 -8.8214 -0.26735
6.4599 -7.317 -0.19356
6.2457 -7.5265 -0.48396
6.648 -7.9359 -0.86958
6.7932 -7.9454 -1.041
6.7194 -7.8288 -0.61726
6.5147 -7.6217 -0.74818
6.3885 -7.3598 0.86571
6.3385 -7.5217 0.94664
6.329 -7.2741 1.0561
6.4695 -6.9671 0.89427
6.6218 -6.8766 0.57292
6.8336 -6.9718 0.15636
7.1217 -8.5643 -2.0407
6.767 -8.4953 -1.8979
6.4123 -8.8904 -0.3221
6.36 -7.6026 -0.54823
6.3861 -7.586 -1.0481
6.1053 -8.2358 -1.7575
5.8886 -8.4881 -2.0145
6.0148 -7.9692 -1.9193
6.2885 -7.3551 -1.8241
6.4552 -7.5883 -1.1338
6.31 -7.6217 -1.091
6.3219 -7.605 -1.2195
6.379 -7.2527 -0.97908
6.3838 -6.979 -0.59584
6.3671 -7.2908 -0.47206
6.2528 -8.0906 -0.47682
6.0743 -8.3453 -1.1433
6.26 -8.5405 -0.15071
6.2933 -8.2644 0.36107
6.3719 -7.7121 0.11589
6.5909 -7.924 0.15398
7.105 -8.1168 -0.68391
6.7979 -8.6905 -1.7122
6.9884 -9.038 -1.9288
7.2216 -8.5881 -1.7408
7.493 -7.5431 -0.49586
7.174 -6.4743 0.44438
6.2957 -6.1744 0.61339
5.8696 -6.5315 0.45628
6.4314 -6.8909 -0.022171
7.4287 -7.0242 -0.050735
7.6668 -7.2289 -0.10786
7.8643 -7.4265 -0.37685
8.031 -7.4527 -0.92909
8.4594 -7.893 -0.91005
8.6523 -7.8597 -0.93623
8.8141 -7.7407 -0.63631
8.857 -7.4384 -0.37923
8.7475 -6.8861 -0.4911
8.3499 -6.3553 -0.42445
7.931 -5.9626 -0.30067
7.4454 -6.291 0.18254
8.4237 -6.8933 -1.0291
8.3119 -7.2527 -0.55537
7.9762 -7.4812 0.53246
7.6168 -7.5193 1.6084
7.305 -7.2884 2.0511
7.2931 -7.0694 2.0154
7.5382 -6.9385 1.556
7.7501 -6.8028 1.0657
7.912 -6.7909 0.39677
7.8882 -6.8457 -0.24117
7.7906 -7.0218 -0.6006
7.6358 -7.0837 -0.31496
6.398 -6.61 0.18492
6.6266 -7.1147 2.3963
6.817 -6.9028 1.9321
6.9884 -6.7981 1.675
7.0645 -6.7766 1.4013
7.136 -6.7528 1.3632
7.224 -6.7338 1.6227
7.2859 -6.5529 1.7964
7.3907 -6.4482 1.9274
7.5168 -6.4434 2.063
7.743 -6.5672 2.0797
8.5023 -5.4627 1.0038
8.757 -5.5341 1.0371
8.8427 -5.377 0.96568
8.8689 -5.0437 0.78954
8.7903 -4.7081 0.82286
10.447 -4.382 1.9059
10.43 -3.2989 1.9488
10.671 -2.6824 2.6177
10.68 -2.8157 2.3415
10.716 -3.4608 1.9773
10.473 -3.9773 1.537
10.252 -4.0678 1.3656
9.8662 -3.8702 0.38249
9.4997 -3.9369 0.32774
9.7472 -2.3111 -0.23164
9.5877 -2.3896 -0.21498
9.5092 -2.461 -0.25069
9.5306 -2.5158 -0.19118
9.5877 -2.5396 -0.25069
9.7353 -2.5277 -0.30305
9.5639 -2.661 -0.29591
9.6068 -2.6895 -0.28877
9.5854 -2.6705 -0.22212
9.6687 -2.7181 -0.17213
9.7401 -2.7038 -0.17928
9.7139 -2.7562 -0.15309
9.6877 -2.7943 -0.17213
9.6044 -2.7538 -0.19356
9.5996 -2.6824 -0.22212
9.5996 -2.6348 -0.19356
9.6211 -2.3087 -0.062637
9.602 -2.3587 -0.11739
9.533 -2.3039 -0.11739
9.5639 -2.3063 -0.08168
9.5973 -2.292 -0.12453
9.6496 -2.2873 -0.11263
9.6568 -2.2635 -0.065018
9.702 -2.2682 0.037338
9.6591 -2.2658 0.020676
9.6377 -2.3349 0.013535
9.6068 -2.3801 -0.053116
9.6568 -2.323 0.034958
9.5663 -2.3539 -0.024551
9.5973 -2.2968 -0.024551
9.6282 -2.2539 -0.00074768
9.6639 -2.1778 -0.036453
9.7377 -2.1754 -0.074539
