9.6687 -1.6874 0.22063
9.6996 -1.6826 0.22301
9.6496 -1.6469 0.23015
9.6139 -1.5636 0.27299
9.6211 -1.5922 0.25871
9.7448 -1.766 0.19444
9.7496 -1.766 0.1635
9.7686 -1.7231 0.27061
9.7068 -1.6826 0.21349
9.6949 -1.6089 0.2968
9.6949 -1.6279 0.29442
9.7329 -1.5517 0.21825
9.7115 -1.5779 0.32774
9.7591 -1.6208 0.1754
9.7282 -1.6136 0.22301
9.7234 -1.5827 0.18968
9.7615 -1.5993 0.14207
9.7163 -1.6779 0.23967
9.7401 -1.4708 0.27061
9.7187 -1.4756 0.1754
9.7163 -1.516 0.24205
9.7115 -1.4851 0.1992
9.6806 -1.5041 0.23253
9.7258 -1.6017 0.16588
9.6949 -1.5636 0.21111
9.7686 -1.6184 0.16826
9.7187 -1.5851 0.29442
9.6877 -1.5779 0.20396
9.6901 -1.5851 0.1992
9.6806 -1.5517 0.21111
9.6996 -1.6065 0.23491
9.7282 -1.5684 0.24919
9.7567 -1.5898 0.20634
9.7996 -1.5946 0.24919
9.7591 -1.6089 0.20872
9.7187 -1.5612 0.1992
9.7068 -1.5303 0.28252
9.7353 -1.5184 0.28966
9.7044 -1.5993 0.23253
9.683 -1.6017 0.23015
9.6949 -1.6826 0.22777
9.7615 -1.6041 0.17778
9.7187 -1.6922 0.17302
9.752 -1.6231 0.20634
9.7758 -1.6565 0.24205
9.7877 -1.6327 0.19444
9.7329 -1.6755 0.18492
9.7353 -1.6041 0.23253
9.7639 -1.6041 0.15636
9.7615 -1.6255 0.13493
9.7306 -1.6327 0.24681
9.7258 -1.5946 0.14445
9.7591 -1.6065 0.21349
9.7401 -1.5541 0.21587
9.8044 -1.5684 0.22777
9.7782 -1.5993 0.20396
9.7853 -1.6469 0.23015
9.752 -1.6469 0.24205
9.7115 -1.597 0.25871
9.7282 -2.0254 0.62053
9.6972 -2.0349 0.92998
9.7115 -2.1468 1.1728
9.6711 -2.3777 1.3108
9.5687 -2.4301 1.1537
9.633 -2.6086 0.94902
9.5497 -3.8274 0.9157
8.9165 -4.82 0.82048
9.0498 -4.9295 0.86809
9.0569 -4.8628 0.82286
8.9593 -4.6391 0.7943
8.9141 -4.4891 0.71812
8.7427 -4.4106 0.6967
8.9236 -4.4034 0.63481
9.0641 -4.3772 0.58482
9.0545 -4.4748 0.58244
9.0355 -4.5938 0.59196
8.976 -4.5796 0.42058
9.2688 -4.0654 0.65147
8.8403 -3.6703 0.77049
8.9641 -3.7226 0.97758
8.976 -3.8131 1.1323
8.8213 -3.8678 1.2061
8.7308 -3.894 1.2561
8.9926 -3.7821 1.6036
9.0545 -3.6869 1.7607
9.0188 -3.706 1.9416
9.0141 -3.8821 2.0511
9.0069 -3.9178 2.0987
8.9879 -3.9583 2.1154
9.3402 -3.7512 2.094
9.6211 -3.6131 2.2677
9.6663 -3.3846 2.3058
9.5568 -3.6441 2.5653
9.2188 -3.8988 2.7248
9.1926 -3.8155 2.8509
8.945 -2.73 4.0697
8.7237 -2.9204 4.134
8.6237 -3.1561 4.2077
8.5904 -3.3703 4.0983
8.5404 -3.4655 4.1221
8.6451 -3.1609 4.1054
8.3404 -3.2894 4.3268
8.2928 -3.2775 4.6172
8.2547 -3.3465 4.8005
8.1571 -3.5703 4.8933
8.2904 -3.6703 4.8433
8.5761 -3.368 5.0052
8.219 -5.1556 4.9338
7.9096 -5.7198 5.117
7.7477 -6.0149 5.4027
7.5049 -6.1768 5.7145
7.2574 -6.1744 6.0502
6.9431 -6.1411 5.9502
6.529 -6.4458 5.7002
6.479 -6.7766 5.6169
6.3671 -7.0385 5.4098
6.3814 -7.3813 5.2027
6.4028 -7.7645 5.0409
6.4576 -7.9359 4.4648
6.0886 -7.3741 3.3699
5.5268 -7.3408 3.4817
5.2578 -6.7838 3.2961
5.4911 -6.4172 3.208
5.6411 -6.2101 2.8319
5.6411 -6.4315 2.363
5.453 -7.5788 2.4344
5.1983 -6.948 2.3868
5.0127 -6.3506 2.1987
5.2031 -5.7436 1.7964
5.5506 -5.4413 1.6679
5.8077 -5.4174 1.4132
6.3885 -6.6719 1.7964
6.3742 -6.5695 1.7798
6.4576 -6.4148 1.8655
6.4766 -6.2292 1.4132
6.5647 -6.5815 1.487
6.5742 -7.1147 1.7155
7.3883 -7.1051 1.4584
7.4311 -7.1266 1.3132
7.3978 -7.4431 1.5727
7.205 -7.6788 1.437
7.0812 -7.6621 1.4894
7.0003 -7.3027 1.506
7.0288 -7.5955 2.1749
6.8479 -7.029 2.2154
6.7313 -6.879 2.4439
6.7932 -7.1599 2.2725
6.9098 -7.7597 1.7512
7.1502 -8.1287 1.3965
7.2383 -8.2977 1.4989
6.5385 -7.6859 2.7176
6.7361 -7.5907 2.4606
6.8717 -7.8526 2.382
6.9574 -7.8073 1.9773
6.8717 -7.8478 1.9559
6.6527 -7.8335 2.2463
6.2433 -7.4289 2.5605
6.2695 -8.0025 2.1844
6.3719 -7.9335 2.0059
6.2052 -8.0692 1.5203
6.2981 -7.4669 1.8774
6.3576 -7.2122 2.194
6.0981 -7.6217 1.8131
6.2505 -7.5146 1.9202
6.1552 -7.7383 2.0892
6.0576 -7.9883 2.2011
5.8387 -8.1144 1.9131
5.9077 -8.3405 1.6155
6.2409 -8.1882 1.1799
6.6456 -9.3784 -0.46254
6.7432 -8.769 -0.68867
6.5361 -7.6978 -1.1933
6.8432 -6.6767 -0.99336
6.8741 -6.0863 -0.71724
6.548 -9.0761 -2.2145
6.3171 -8.869 -1.8432
6.16 -8.3239 -1.5694
6.0791 -8.243 -1.4194
5.8053 -8.3477 -1.5599
5.5482 -8.6357 -1.7765
6.3004 -7.6241 -1.8432
6.9241 -7.4836 -1.4694
6.7837 -7.4336 -2.2907
7.1407 -8.1287 -1.0838
6.8765 -7.3456 -1.9669
6.4671 -7.3932 -2.4501
6.7599 -7.4884 -1.6242
6.8027 -7.4884 -1.9098
6.6575 -7.7264 -2.0526
6.3671 -7.9383 -1.8884
6.0838 -7.943 -1.4909
6.21 -7.6264 -1.6861
6.2338 -8.3191 -2.2002
7.1978 -6.9742 -2.2978
7.1645 -7.1551 -2.005
6.8265 -7.0456 -1.9169
6.4599 -6.9837 -1.4504
6.2576 -6.8219 -1.6146
6.3576 -8.1906 -2.2907
6.0457 -7.3717 -2.4906
6.0291 -7.0742 -2.2669
6.2386 -6.9837 -2.155
6.5385 -7.4027 -2.2978
6.5623 -7.9954 -2.2978
6.5194 -7.8407 -2.1693
6.4837 -8.1882 -2.1883
6.4456 -8.262 -2.1264
6.4718 -8.0954 -1.6075
6.598 -7.5693 -1.0362
6.7337 -6.7314 -1.8812
6.4742 -7.1099 -1.4552
6.5623 -7.3979 -1.1767
6.4742 -7.636 -1.3147
6.4123 -7.8788 -1.3742
6.329 -7.7645 -1.6218
6.3933 -7.7169 -1.4742
7.4097 -5.6864 -1.3433
7.7787 -7.167 -1.1005
7.3549 -8.2358 -1.3861
6.5909 -8.8857 -1.6289
6.429 -8.2382 -2.174
6.8551 -7.0599 -2.2097
8.1857 -6.6291 -2.4644
8.4428 -6.3553 -3.2761
8.1905 -6.8171 -3.6475
8.2143 -7.1956 -3.7594
8.469 -7.1718 -3.3547
8.3476 -6.7552 -3.1428
7.9905 -6.6743 -1.8765
8.2762 -6.879 -1.6146
8.4356 -6.7909 -1.6265
8.469 -6.391 -1.7813
8.4809 -6.1482 -1.8527
8.6118 -5.8031 -2.1764
7.4311 -7.8502 0.53484
7.4359 -7.5027 0.23491
7.5692 -6.998 -0.26497
7.6049 -6.5886 -1.1314
7.6834 -6.3672 -1.9788
7.7144 -6.391 -2.5192
6.2909 -7.6145 1.0157
5.8982 -7.7145 1.1156
5.8101 -7.4503 0.89903
5.9696 -6.9909 0.24681
6.2743 -6.6624 -0.28639
6.5623 -6.372 -0.82674
5.6887 -6.9814 2.82
5.4197 -6.8647 2.8581
5.3983 -6.6457 2.8605
5.4626 -6.2982 2.5558
5.7744 -6.1316 2.0702
6.0886 -6.2434 1.6536
7.0407 -7.2956 0.063522
7.1931 -7.2718 0.1873
7.2835 -7.1456 0.49437
7.3097 -6.8266 0.99901
7.3669 -6.541 1.4703
7.3954 -6.3268 1.6679
8.7998 -5.4246 1.0585
8.8451 -5.2746 1.1371
8.8998 -5.0652 1.0371
8.8427 -4.7914 0.97997
8.7856 -4.6319 1.0085
8.7498 -4.4486 0.90855
9.5711 -4.3368 0.50865
9.6496 -4.2844 0.33965
9.771 -4.2106 0.15874
9.7925 -4.0297 0.065903
9.7782 -3.894 -0.074539
9.7448 -3.8107 -0.16975
10.045 -3.4608 -0.79579
10.021 -3.4394 -0.81007
9.971 -3.4298 -0.92433
9.821 -3.4132 -0.89815
9.7663 -3.368 -0.93385
9.683 -3.3013 -0.84578
9.7163 -3.1656 -0.6006
9.7639 -3.1847 -0.63155
9.7996 -3.1299 -0.41969
9.8734 -3.1109 -0.38161
10.109 -2.7967 0.66814
10.273 -1.9802 1.2013
9.7329 -2.3706 -0.55061
9.6901 -2.2278 -0.54109
9.7258 -2.1254 -0.53395
9.752 -2.0706 -0.62917
9.8948 -2.0445 -0.66011
9.89 -1.9516 -0.52919
9.3878 -1.6969 0.065903
9.3925 -1.6707 0.18016
9.4878 -1.6374 0.23253
9.4997 -1.6279 0.21349
9.602 -1.6398 0.3206
9.6258 -1.6089 0.3206
9.7901 -2.173 -0.13881
9.771 -1.6327 0.10399
9.8115 -1.5803 0.0087738
9.7758 -1.5922 0.058762
9.7925 -1.5993 0.013535
9.7686 -1.5827 0.023056
9.7068 -1.6255 0.030197
9.6806 -1.6136 0.054001
9.7258 -1.6279 0.039719
9.6949 -1.6493 0.044479
9.7472 -1.666 0.092087
9.6163 -1.5946 -0.01741
9.7782 -1.6684 -0.0078888
9.6258 -1.8064 0.080185
9.5925 -1.7945 0.075424
9.5877 -1.8659 0.037338
9.5925 -1.7802 0.13255
9.5925 -1.7921 0.12779
9.6925 -1.7636 0.13731
9.683 -1.7993 0.13493
9.6806 -1.8017 0.063522
9.7329 -1.6945 0.13731
9.7091 -1.7136 0.065903
9.7187 -1.6612 0.12065
9.7187 -1.735 0.12541
9.7068 -1.7493 0.058762
9.7306 -1.7612 0.11113
9.6853 -1.804 0.030197
9.6853 -1.7707 0.11589
9.652 -1.7445 0.070663
9.6925 -1.685 0.068283
9.6853 -1.6565 0.11827
9.6734 -1.6517 0.094467
9.6949 -1.5874 0.10875
9.752 -1.635 0.020676
9.7686 -1.6446 0.058762
9.771 -1.5898 0.0087738
9.771 -1.6303 -0.0031281
9.7805 -1.6303 -0.019791
9.7663 -1.6612 -0.055496
9.7448 -1.6541 0.034958
9.7377 -1.7184 0.096848
9.7282 -1.6731 0.037338
9.7068 -1.7517 0.027817
9.7187 -1.7588 -0.029312
9.7639 -1.7683 0.018295
9.7544 -1.7636 -0.0078888
9.7353 -1.7374 -0.026932
9.6949 -1.7207 0.0063934
9.6877 -1.685 0.025436
9.7377 -1.6803 0.018295
9.6972 -1.6731 0.044479
9.6615 -1.666 0.011154
9.7448 -1.7374 0.011154
9.7258 -1.7683 -0.019791
9.7258 -1.6922 0.061142
9.6806 -1.7422 0.058762
