9.5782 -2.411 0.56816
9.5711 -2.4039 0.52293
9.5735 -2.4015 0.53246
9.6496 -2.2992 0.59196
9.5782 -2.442 0.57292
9.5378 -2.461 0.50865
9.5163 -2.4682 0.46104
9.5497 -2.4491 0.52531
9.5877 -2.4229 0.48723
9.6496 -2.2992 0.5753
9.6425 -2.2968 0.51817
9.6163 -2.2777 0.54198
9.6211 -2.2968 0.63481
9.5854 -2.292 0.54436
9.5473 -2.2801 0.61577
9.5996 -2.2849 0.64671
9.5996 -2.3539 0.54436
9.6092 -2.3968 0.54436
9.6282 -2.4158 0.51103
9.5949 -2.4301 0.56816
9.6258 -2.4229 0.49675
9.5806 -2.3777 0.48723
9.6187 -2.2635 0.5396
9.5877 -2.2896 0.47771
9.5973 -2.2968 0.54198
9.5616 -2.292 0.48723
9.5782 -2.2825 0.52293
9.6068 -2.2849 0.50151
9.5901 -2.2658 0.53722
9.6211 -2.2992 0.46581
9.6234 -2.3063 0.42772
9.6401 -2.3087 0.47771
9.6163 -2.292 0.45866
9.5996 -2.323 0.47533
9.5711 -2.3301 0.50389
9.602 -2.3111 0.49913
9.5806 -2.3753 0.54912
9.5949 -2.3682 0.44914
9.6544 -2.4039 0.48009
9.5877 -2.3706 0.57768
9.5639 -2.3539 0.56102
9.5354 -2.4444 0.55388
9.5758 -2.4777 0.50627
9.5711 -2.511 0.51103
9.5306 -2.4706 0.63481
9.552 -2.411 0.51103
9.5949 -2.7038 0.49913
9.5663 -2.6562 0.5396
9.6068 -2.7157 0.51579
9.5925 -2.8466 0.44438
9.5116 -2.8562 0.39201
9.5711 -2.6991 0.52531
9.5711 -2.6991 0.59673
9.5901 -2.7895 0.59911
9.5806 -2.8943 0.63005
9.6496 -2.9847 0.67766
9.6234 -3.0395 0.61815
9.6092 -3.2442 0.73717
9.6234 -3.3608 0.82048
9.6711 -3.5489 0.75859
9.6472 -3.775 0.7205
9.5663 -3.8821 0.76811
9.4711 -3.963 0.68718
9.2331 -3.8321 0.74907
9.1855 -3.775 0.74193
9.1736 -3.7726 0.73717
9.2735 -3.7536 0.81334
9.3592 -3.794 0.86095
9.4306 -3.8631 0.8181
8.7332 -3.7512 0.53722
9.4568 -4.1892 1.8179
9.4521 -4.1487 1.8107
9.2331 -4.0416 1.5608
8.907 -3.9416 1.1966
8.6332 -4.0797 1.149
8.4023 -3.7536 1.9892
8.2714 -3.6845 1.8345
8.1143 -3.7726 1.8393
7.9834 -3.8345 1.506
7.9453 -4.0107 1.5917
8.0167 -4.0725 1.6084
8.0952 -2.9942 2.1749
9.7829 -2.4967 2.8438
9.7829 -2.7324 2.6724
9.7734 -2.8157 2.451
9.9353 -2.88 2.6534
9.89 -2.98 3.1366
9.3997 -2.104 2.9176
9.652 -1.9707 2.9319
9.7544 -2.3039 3.9221
9.6687 -2.392 4.7624
9.8424 -3.118 5.0456
9.6639 -3.4989 4.7148
9.4187 -3.2275 4.948
7.9191 -5.7102 6.2453
7.6525 -6.1078 6.4596
7.612 -5.8792 6.5667
7.6287 -5.4555 6.0359
7.4978 -5.3722 5.9097
7.1431 -6.034 5.5693
7.0717 -6.1696 5.5455
6.9693 -6.1673 5.417
6.8741 -6.0602 5.0409
6.8646 -5.8483 4.8981
6.8646 -5.6793 4.4053
6.6313 -8.1144 2.989
6.1457 -7.2432 2.6605
5.9934 -7.3122 2.6629
5.8506 -7.2599 2.2463
5.7982 -7.4503 2.3439
5.603 -7.148 2.3868
5.6101 -6.6981 2.5439
5.8077 -7.4622 2.0892
5.703 -7.5169 1.7964
5.4602 -7.6479 1.6108
5.3911 -7.605 1.4441
5.453 -7.4836 1.3918
4.7175 -7.117 1.7179
4.5723 -7.2456 1.7274
4.5533 -7.2765 1.5679
4.6651 -7.3622 1.3013
4.7437 -7.3384 1.168
4.8698 -7.4693 1.2299
5.196 -7.8692 1.4203
5.3007 -8.0359 1.3037
5.3007 -8.0668 0.9633
5.2578 -8.0359 1.0252
5.3031 -8.1168 1.2537
5.3626 -8.1977 1.7869
5.403 -8.1549 2.1297
5.5078 -7.3694 1.8869
5.6506 -7.724 1.7036
5.8601 -8.3334 1.9607
6.0124 -8.2644 2.0797
6.1981 -8.2334 2.7843
6.1338 -8.1644 3.0604
6.2957 -8.1097 3.8245
6.6242 -8.1073 3.7531
6.4671 -8.0525 3.4413
6.1814 -7.9716 3.496
5.8958 -7.7883 3.7674
5.7173 -7.5955 3.9983
5.1341 -7.7883 4.3958
5.0841 -7.7907 4.2482
4.9555 -7.7978 4.3315
5.0269 -7.8097 4.4553
4.9413 -7.5979 4.7957
4.8127 -7.5193 4.8219
5.215 -7.824 4.6886
5.1031 -7.3717 4.3268
5.0103 -7.0504 4.6529
4.389 -6.9933 5.3241
5.0317 -7.167 5.5027
4.9055 -6.9576 5.029
4.8817 -7.0551 4.8957
4.9317 -7.0123 4.6981
4.9174 -7.2146 4.3053
4.927 -7.317 4.1078
4.9341 -7.4312 3.4841
5.0198 -7.9192 2.4368
4.7818 -9.4736 2.7771
4.9413 -9.9663 -0.093582
4.8175 -9.3141 0.21349
4.7675 -8.5238 0.22777
4.7127 -7.8097 -0.30067
4.9151 -7.4598 -1.2147
4.8746 -11.087 -3.5142
5.0698 -8.7214 -1.9098
5.2269 -6.4029 -0.68629
4.8698 -5.4079 -0.00074768
4.7746 -5.8673 0.45628
5.1031 -7.1837 0.19682
6.0553 -8.8119 -1.0743
5.8434 -8.6262 -0.28401
5.5435 -8.4477 0.31346
5.0222 -8.4262 0.31822
4.589 -8.2929 0.094467
4.5628 -8.2144 -0.62679
4.4485 -7.5955 -1.3314
4.4009 -7.5288 -0.54347
4.5937 -7.7812 0.0016327
4.9532 -7.8954 0.63719
4.677 -8.1715 0.49199
5.1174 -9.1094 0.34917
5.0865 -8.5215 -0.057877
4.32 -9.6569 -0.85054
4.5414 -8.9904 -0.18642
4.7675 -8.2072 0.71574
4.846 -7.8621 1.0704
4.8365 -7.9716 0.85619
5.1841 -8.5738 0.88713
5.0293 -8.2596 1.1156
5.046 -7.9954 1.3918
5.2102 -7.9573 1.6774
5.3269 -8.062 1.7869
5.4126 -8.0644 1.7393
5.1698 -7.5217 1.4846
4.6437 -7.8335 -2.6311
4.9222 -7.9478 -4.114
5.165 -8.9642 -5.19
5.3983 -10.088 -6.304
5.4792 -11.34 -6.6991
5.234 -5.903 -2.0003
5.2293 -6.5148 -1.7646
5.3221 -7.6098 -2.1288
5.2769 -8.5 -2.7977
5.1079 -9.0023 -3.6142
4.9889 -9.2808 -3.607
4.1105 -8.8999 -2.4716
5.4435 -8.888 -0.70534
5.4078 -9.4403 -1.5837
5.3459 -9.8069 -1.905
5.4292 -9.6378 -2.5382
5.534 -9.4355 -2.4763
4.677 -7.2527 -1.398
4.6318 -8.969 -0.65297
4.7508 -9.5498 -1.041
4.8199 -9.5164 -0.62917
4.6628 -8.5857 -0.70296
4.4295 -7.874 -0.64345
4.439 -9.0475 -0.48872
5.6673 -9.1046 -1.5789
5.5721 -8.6524 -1.7884
5.4673 -7.8835 -1.5147
5.2245 -7.4836 -1.2147
5.1007 -7.7907 -0.94576
4.7818 -9.3451 -1.5028
4.6056 -9.5855 -1.1148
4.3366 -9.8378 -0.61488
4.2367 -9.3974 -0.69344
4.22 -8.5429 -1.2314
4.3033 -7.7478 -1.5861
5.1412 -8.8238 -0.88387
5.7125 -8.7952 -1.8027
5.6149 -9.2713 -2.1526
5.3435 -9.7283 -2.6334
5.3435 -9.8925 -2.3573
5.265 -9.1689 -2.2859
4.3938 -8.1549 -1.01
4.3128 -8.0002 -0.89577
4.508 -7.8978 -0.98622
4.677 -8.3405 -1.0957
4.8008 -8.9214 -1.16
5.065 -9.3641 -1.4266
5.7434 -9.9425 -1.9122
4.8889 -9.5736 -2.1597
4.9317 -9.5545 -1.5218
4.7984 -9.714 -1.0957
4.5747 -9.5212 -1.01
4.389 -9.0856 -0.94814
5.1007 -9.3046 -1.0267
5.8291 -8.7738 -1.2314
5.622 -9.0213 -0.77437
5.3673 -8.769 -1.1862
5.3531 -8.6786 -0.40303
4.9055 -8.0597 -0.36494
5.1888 -7.5479 -1.4718
5.0412 -7.3003 -1.479
5.5078 -6.6433 -2.7882
5.9005 -8.9785 -3.8379
5.7625 -10.511 -4.5925
5.6435 -10.278 -4.1783
5.4268 -5.0104 -6.4777
5.972 -5.2699 -7.7988
5.9648 -5.734 -8.0607
6.6789 -5.7269 -7.5465
6.7932 -5.208 -7.4442
6.9193 -4.8961 -7.5751
8.1976 -5.177 -6.0874
8.5642 -4.8819 -5.6803
8.857 -4.5462 -5.4851
8.9046 -4.5629 -5.2233
8.8427 -4.889 -4.8329
8.726 -5.477 -4.4616
8.5475 -6.0768 -2.831
7.781 -6.3934 3.3342
7.8072 -6.391 3.5008
7.7358 -6.034 3.546
7.5858 -5.6602 3.2437
7.3478 -5.8769 3.2437
6.2909 -6.6719 3.3199
6.3076 -6.9171 3.2842
6.3219 -7.0052 3.1675
6.3576 -6.9718 3.1556
6.2719 -6.8076 3.3651
6.2409 -6.61 3.8888
6.1933 -6.4339 4.4244
5.7268 -6.4172 3.746
5.5482 -6.2434 3.3437
5.2935 -6.0316 2.9271
5.2412 -5.8221 2.5534
5.2578 -5.8412 2.3963
5.4673 -6.0649 2.4082
6.5766 -6.1173 3.2532
6.3742 -5.784 3.3603
6.1314 -5.5769 3.3627
5.8934 -5.6007 3.4436
5.9291 -5.9411 3.6269
6.3004 -6.4577 3.6579
6.7646 -6.7076 3.6412
7.0883 -6.6529 3.5674
7.2121 -6.2958 3.3651
7.1241 -5.8602 3.2104
6.9098 -5.4984 3.0699
7.9453 -5.0366 2.0249
10.554 -4.5081 -0.60298
10.587 -4.5534 -0.66963
10.657 -4.5962 -0.75771
10.69 -4.5677 -0.81721
10.754 -4.4153 -0.93861
10.035 -3.5084 -0.89339
10.014 -2.3444 -0.074539
9.971 -2.2777 -0.13643
9.8781 -2.2777 -0.072159
9.7567 -2.292 -0.15071
9.7091 -2.292 -0.18404
9.6496 -2.2968 -0.27449
9.852 -3.1228 0.38487
9.5925 -2.3492 0.48485
9.5616 -1.7065 0.73717
9.6068 -1.2899 0.7943
9.702 -1.3423 0.83238
9.8163 -1.6208 0.89903
9.4306 -1.2375 0.4063
9.164 -1.3756 0.26585
9.0617 -1.5732 0.10399
9.0284 -1.6993 0.094467
9.045 -1.9016 0.084946
9.0736 -2.0564 0.11589
9.8044 -2.5562 0.36345
9.8305 -2.6396 0.46581
9.7163 -2.6467 0.1635
9.6472 -2.9109 0.027817
9.6211 -3.0252 -0.16023
9.6044 -2.9419 -0.33876
9.7853 -2.9085 -0.14595
9.7972 -2.4682 -0.19832
9.7258 -2.5705 -0.38637
9.8044 -2.6158 -0.42445
9.871 -2.4801 -0.46016
9.8758 -2.3777 -0.50777
9.6901 -1.5017 0.042099
9.7091 -1.4994 0.12541
9.7329 -1.4827 0.063522
9.7234 -1.4518 0.0040131
9.7496 -1.4422 -0.034073
9.802 -1.497 -0.17928
9.7091 -1.8326 -0.15071
9.7353 -1.8969 -0.17451
9.6734 -1.9278 -0.1769
9.702 -1.9826 -0.098343
