9.6163 -2.3968 0.13731
9.5782 -2.3849 0.13969
9.6377 -2.392 0.1754
9.6211 -2.4063 0.17064
9.602 -2.4063 0.18016
9.602 -2.3777 0.17778
9.5806 -2.392 0.16826
9.5949 -2.3991 0.1873
9.5973 -2.4658 0.23967
9.6211 -2.4182 0.18254
9.5806 -2.4396 0.19444
9.6282 -2.442 0.11113
9.6663 -2.4348 0.1873
9.5949 -2.3849 0.20872
9.5901 -2.3182 0.25871
9.6139 -2.3849 0.18492
9.6211 -2.292 0.24443
9.5973 -2.3372 0.16588
9.5735 -2.4087 0.1992
9.5973 -2.323 0.24205
9.5973 -2.3634 0.2849
9.5497 -2.3277 0.28252
9.5235 -2.2944 0.21349
9.5996 -2.3515 0.25395
9.5973 -2.3087 0.20396
9.6496 -2.3134 0.23729
9.6377 -2.292 0.092087
9.6187 -2.2968 0.16826
9.633 -2.273 0.12541
9.6353 -2.2611 0.29442
9.6187 -2.273 0.14684
9.6353 -2.3396 0.24443
9.6568 -2.3492 0.24205
9.5949 -2.3563 0.19444
9.6306 -2.2968 0.21825
9.6139 -2.323 0.25633
9.6568 -2.2539 0.1635
9.5425 -2.3277 0.26347
9.5187 -2.3087 0.24205
9.5758 -2.3277 0.22063
9.5973 -2.3277 0.25395
9.5973 -2.3896 0.17778
9.5616 -2.392 0.28252
9.7353 -2.3682 0.22301
9.702 -2.3539 0.18968
9.6353 -2.3991 0.18492
9.633 -2.4444 0.21587
9.6211 -2.4015 0.18968
9.6401 -2.3872 0.1992
9.552 -2.3349 0.25157
9.5687 -2.3158 0.25395
9.5758 -2.3396 0.22777
9.5925 -2.3349 0.22301
9.5901 -2.3539 0.20634
9.6258 -2.3182 0.16826
9.6425 -2.3158 0.1992
9.602 -2.4182 0.099228
9.6115 -2.4158 0.18254
9.6068 -2.511 0.1516
9.6258 -2.4729 0.080185
9.6568 -2.5515 0.11113
9.5592 -2.7895 0.18968
9.6449 -2.8419 0.23491
9.7258 -2.8443 0.092087
9.7853 -2.8752 0.04924
9.9329 -2.9871 0.24681
9.971 -3.118 0.14922
9.921 -4.3891 0.22539
8.807 -4.701 1.2751
8.6332 -4.57 1.418
8.5666 -4.4296 1.4513
8.5428 -4.2796 1.3489
8.4928 -4.4344 1.3513
8.15 -5.3603 1.3656
8.0524 -5.4174 1.3846
7.95 -5.2627 1.387
7.9024 -5.0056 1.4156
7.8548 -4.7843 1.5417
7.8596 -4.72 1.4894
8.3166 -4.9033 1.756
8.2404 -4.8295 1.8012
8.1928 -4.6605 1.8083
8.15 -4.5129 1.7726
8.1071 -4.4248 1.844
8.1952 -4.3987 1.8107
9.0641 -3.6679 2.0845
8.9617 -3.556 2.1797
8.9022 -3.4322 2.0821
8.9093 -3.3108 2.0249
8.907 -3.0823 1.8202
8.9546 -3.0466 1.9583
9.3307 -3.5941 2.4415
9.3283 -3.3299 2.3725
9.2426 -3.1585 2.6867
9.0926 -3.1966 2.6867
8.9688 -3.5179 2.5653
9.0712 -3.7321 2.332
9.314 -2.8514 3.1056
9.3568 -3.0276 3.0818
9.3045 -3.5417 3.4341
9.0474 -4.0249 3.7364
8.9284 -4.3629 3.8602
8.9855 -4.4296 3.934
9.1783 -3.4632 3.5508
9.1117 -3.1918 3.4675
9.0641 -2.9442 3.4222
9.0879 -2.8681 3.5555
9.0688 -2.8657 4.2077
8.9903 -2.7633 4.4934
8.3785 -5.2484 6.1311
8.0381 -4.9128 6.2263
7.7882 -4.8366 6.7452
7.7287 -4.9485 6.8309
7.5049 -5.0271 6.4834
7.4383 -5.3389 5.6669
6.6361 -7.2003 5.0909
6.2409 -7.2194 5.0099
5.9981 -6.7124 5.117
5.772 -6.5148 4.9695
5.6363 -6.948 4.86
5.6435 -7.3932 4.5838
5.9696 -7.6978 1.5013
6.041 -7.3336 1.2632
6.1338 -6.929 0.99187
6.0815 -6.7219 1.0704
5.6625 -6.6481 1.2013
6.1219 -7.3408 -0.85292
6.8908 -7.9573 -2.5097
6.5242 -8.2049 -2.2502
6.2386 -7.8454 -2.293
6.1743 -7.1028 -2.5144
6.3576 -6.541 -2.862
6.7003 -6.2744 -3.0214
7.3335 -7.3551 -1.6051
7.2455 -7.3456 -1.6741
7.1288 -7.0956 -1.9455
7.0503 -6.8004 -2.1217
6.8384 -6.5862 -1.5789
6.7003 -6.3625 -1.4837
7.4073 -6.4386 -0.86958
7.3192 -6.7481 -0.58394
7.2074 -6.6481 -0.010269
6.9122 -6.679 0.46581
6.7813 -6.4839 0.49199
6.9955 -6.2363 0.30632
7.2216 -8.2239 1.1466
7.2788 -8.4953 1.3703
7.3502 -8.4881 1.4727
7.5525 -8.3382 1.8345
7.4525 -8.043 1.5774
6.9884 -8.0168 1.9988
6.7361 -8.3691 1.9226
6.6361 -8.2477 1.9059
6.5147 -8.1596 2.0488
6.5028 -8.1168 2.263
6.3552 -7.8549 2.3177
6.3219 -7.5741 2.2868
5.9958 -7.8145 2.6129
6.3409 -7.6122 2.6296
6.4195 -7.4979 1.9226
6.5099 -7.8859 1.8893
6.179 -8.243 1.7536
6.2576 -8.8999 1.675
6.1362 -8.4477 1.9416
6.4099 -8.6119 1.7583
6.3552 -8.3953 1.9512
6.26 -7.7835 1.6679
6.6432 -7.7859 1.537
6.5147 -7.3836 2.2082
5.8934 -8.3953 1.6465
5.7815 -8.3096 1.387
5.8601 -8.5286 1.0276
5.891 -8.7904 0.97758
5.622 -9.3927 1.875
5.8529 -8.7095 1.2632
5.5602 -8.2049 1.8678
5.6935 -7.7502 1.8155
5.6101 -7.3908 1.4608
6.6694 -7.9383 1.0966
6.6266 -8.1596 -0.60774
7.1241 -8.9594 -0.80055
6.3671 -8.7857 -1.6718
6.3909 -8.6881 -1.6932
6.179 -8.7024 -1.5813
6.0767 -8.7119 -1.2481
5.9172 -8.6095 -0.96242
5.8672 -8.8 -0.80293
6.2576 -7.9549 -1.3409
6.0291 -7.8288 -0.90053
6.0124 -7.9978 -0.57918
6.1767 -8.3548 -0.57442
6.1957 -8.8095 -0.82198
6.2576 -9.0332 -0.87672
6.1481 -7.7002 -0.52681
7.4359 -8.7976 -1.0648
7.662 -7.8597 -0.47206
6.5932 -7.9264 -0.19356
5.9172 -8.3524 -0.39113
5.9124 -8.262 -0.50301
7.5002 -7.4217 -0.91243
7.4859 -7.9906 -1.5432
7.4311 -8.0739 -1.6004
7.2407 -7.5169 -1.2481
6.9312 -6.9837 -1.0743
6.7456 -6.8409 -0.76485
6.6623 -7.4789 -2.2764
5.5197 -7.9883 -2.1431
5.8577 -7.4003 -1.8336
6.2457 -6.9076 -1.7622
6.8741 -6.7481 -1.8479
7.1312 -7.1837 -1.6289
6.091 -8.2144 -1.4932
6.2005 -8.1906 -1.2933
6.0719 -8.0668 -1.4218
6.0219 -7.8859 -0.92671
6.3004 -7.4074 -1.0457
7.1788 -7.2884 -0.4792
7.086 -7.8716 -1.4813
6.9479 -7.674 -1.7932
7.0693 -7.8549 -1.429
6.9741 -7.8573 -1.667
6.8241 -8.0858 -1.498
6.8313 -8.1834 -1.6265
6.2766 -7.7121 -0.8434
6.2481 -8.3429 -1.2957
6.2933 -8.2453 -1.2623
6.7313 -7.3932 0.42296
6.3647 -6.0173 0.32536
5.6078 -6.9123 -0.18404
6.7741 -7.2313 -1.229
6.7027 -7.1646 -1.6884
6.7932 -7.2408 -2.0931
6.8075 -7.7645 -1.2028
6.6028 -7.3408 -1.06
6.5409 -7.2789 -1.4932
6.5099 -8.2953 -1.9074
6.5861 -7.8288 -2.1859
6.9003 -7.7074 -2.3883
7.1907 -8.1906 -2.6858
7.1383 -8.6809 -2.9215
6.9646 -8.9761 -2.6453
6.6361 -6.5386 -0.74818
6.5266 -7.167 -0.57918
6.229 -7.0647 -0.31972
7.1003 -7.0909 0.33012
6.8217 -6.0197 0.18254
6.3195 -6.3006 -0.68153
7.6311 -7.6241 -2.3288
7.5454 -7.6383 -2.5811
7.474 -7.5003 -2.393
6.9765 -7.4146 -1.9836
7.3026 -7.2122 -1.9884
7.5406 -6.8647 -0.99098
7.7834 -6.5005 -1.5861
8.6713 -6.6005 -1.1576
8.5523 -6.3506 -1.2671
8.5118 -5.865 -1.1671
8.6594 -5.5269 -1.2861
8.8522 -5.5031 -1.4647
8.2214 -6.2363 0.034958
8.3952 -5.8269 -0.46254
8.6284 -5.3889 -1.2076
8.6594 -5.3222 -1.7575
8.4356 -5.9007 -1.6242
7.831 -6.8504 -1.4385
7.9191 -7.0432 -1.0576
7.2693 -6.8028 0.37059
7.2883 -6.3196 0.1516
7.2312 -6.2649 -0.30305
7.0931 -6.5767 -0.41731
6.9622 -6.7624 -0.53157
6.0053 -6.8885 2.2725
5.991 -7.0742 2.2201
6.0315 -7.0742 1.6869
6.1529 -7.0075 1.0323
6.2576 -7.0361 0.46342
6.3933 -7.1337 0.24205
5.8958 -7.3884 2.5629
6.767 -6.7124 1.9178
6.7622 -6.5386 2.5677
6.6884 -6.3148 2.7533
6.7146 -6.1911 2.8009
6.8122 -6.0602 2.8771
7.1312 -5.0128 2.1559
7.4454 -5.4198 2.163
7.8524 -5.6674 2.0345
8.2833 -5.9435 1.9178
8.607 -6.0816 1.7084
8.7927 -5.9792 1.6441
8.7237 -5.0223 1.4656
9.2759 -4.044 0.33012
9.3592 -4.0464 0.15636
9.3711 -4.0297 0.070663
9.4354 -3.9773 0.063522
9.5354 -3.8869 0.020676
9.9948 -3.5489 -0.42445
10.069 -3.4965 -0.5887
10.161 -3.4298 -0.79579
10.214 -3.3894 -0.93623
10.233 -3.3322 -0.97194
10.228 -3.3227 -1.11
10.407 -3.4013 -1.0124
9.9615 -2.9514 -0.65535
9.921 -2.8966 -0.43398
9.9067 -2.7133 -0.069778
9.9258 -2.5253 0.42058
10.04 -2.2016 1.1823
10.34 -1.5374 2.4129
9.5592 -1.7802 1.8488
9.5401 -1.5113 1.4822
9.5044 -1.4613 1.1633
9.502 -1.5279 0.85381
9.5687 -1.6707 0.66814
9.6758 -1.8921 0.42772
9.9019 -1.9588 -0.50539
9.8639 -2.1206 -0.70058
9.9019 -2.2492 -0.81483
9.9472 -2.242 -0.89815
10.028 -2.0397 -0.88387
10.052 -1.9016 -0.96242
9.633 -1.2875 0.11351
9.6758 -1.2732 0.22777
9.6996 -0.9971 0.54198
9.7782 -0.78049 0.44676
9.8448 -0.71146 0.45628
9.8853 -0.79239 0.40868
9.6806 -1.4827 0.030197
9.7425 -1.5708 0.0040131
9.7448 -1.685 -0.024551
9.7591 -1.7802 -0.11739
9.7353 -1.8778 -0.2126
9.7615 -1.9778 -0.16499
9.7639 -1.7755 -0.01741
9.8139 -1.6279 -0.045975
9.8305 -1.5684 -0.091202
9.8401 -1.5184 -0.01265
9.7829 -1.4756 -0.098343
9.7448 -1.4637 -0.098343
9.8067 -1.416 0.0016327
9.8139 -1.3827 0.0063934
9.7805 -1.4398 -0.026932
9.6711 -1.5113 -0.098343
9.683 -1.5303 -0.086441
9.6758 -1.5541 -0.10548
9.7329 -1.8778 0.027817
9.7782 -1.7112 -0.088821
9.7639 -1.6826 -0.024551
9.6806 -1.685 -0.11263
9.6806 -1.6684 -0.041214
9.6853 -1.6446 -0.048355
9.702 -1.7255 0.013535
