-1.2586 -3.7506 -1.9333
-0.92061 -3.9648 -4.1947
-1.0111 -4.479 -6.1727
-0.51357 -5.3764 -8.4079
-0.24696 -6.5951 -10.131
-0.55165 -7.8853 -11.326
-0.30647 -8.6232 -11.952
-0.2541 -9.3087 -13.411
0.060104 -11.42 -14.594
0.15532 -12.448 -15.673
-0.087479 -12.748 -15.582
-0.485 -12.563 -14.378
-0.74208 -11.239 -13.062
-1.6133 -9.6705 -11.862
-1.9275 -8.9588 -9.7385
-1.8537 -8.2804 -7.4224
-1.7371 -8.0686 -5.9799
-1.4038 -8.797 -4.9754
-1.2324 -9.5158 -4.3018
-1.0682 -9.573 -3.9447
-1.2562 -8.747 -3.0092
-1.63 -6.707 -1.7572
-2.2631 -5.1145 0.4066
-2.7916 -3.6077 2.7846
-2.882 -2.7222 5.0721
-2.8035 -1.8558 7.4025
-3.4129 -1.8439 9.1568
-3.6104 -1.0417 11.221
-3.9508 0.30321 12.623
-4.7435 0.72929 13.501
-4.9434 0.30559 13.475
-4.2388 0.31035 12.718
-3.8913 0.39366 11.58
-3.3819 -0.58229 10.149
-3.1867 -1.4535 7.6929
-3.5176 -3.4459 6.7503
-3.1867 -4.836 6.3909
-2.2965 -4.6599 7.2192
-2.1846 -3.3626 8.6236
-2.2679 -3.1174 8.7284
-2.8892 -2.5604 8.8688
-3.013 -2.6008 9.064
-2.5964 -4.0314 8.0166
-2.0346 -5.2692 6.4575
-1.8585 -6.1666 5.9552
-2.375 -5.862 5.8434
-2.5202 -4.5432 6.7098
-2.2227 -4.298 7.9476
-2.2012 -4.8693 8.6641
-2.2084 -5.5477 8.5308
-1.8156 -5.9691 8.5427
-1.6252 -6.4951 7.4668
-1.8156 -7.2473 6.7217
-2.0941 -5.862 6.467
-2.525 -3.8743 6.936
-3.0748 -3.4411 7.8072
-3.1225 -4.4528 8.5832
-2.7559 -4.5551 9.5329
-2.9439 -4.0267 9.9828
-3.251 -4.1267 9.1687
-2.9534 -4.6408 8.576
-2.4845 -5.4644 8.4046
-2.5892 -5.6787 8.7712
-2.9796 -5.2312 10.207
-2.882 -3.2483 10.583
-2.8225 -2.8198 11.187
-2.7202 -2.4985 10.873
-2.5726 -3.334 10.207
-2.5535 -3.2507 9.5567
-2.5892 -2.9127 9.2211
-2.3917 -3.0341 8.2832
-2.206 -3.8791 7.074
-2.3584 -4.4385 5.7529
-2.1965 -4.6837 3.613
-2.3465 -5.5311 1.5206
-1.9513 -6.3785 -0.66695
-1.6776 -6.676 -2.5427
-1.361 -6.9498 -4.0399
-1.1634 -6.7713 -5.1373
-1.042 -6.6284 -6.4774
-0.39931 -7.2949 -7.67
-0.92775 -7.9472 -8.7721
-0.56117 -8.9064 -9.779
-0.12556 -9.661 -10.543
0.23625 -9.9181 -11.25
0.5219 -10.189 -12.3
0.70995 -10.937 -12.888
0.5219 -10.711 -12.526
0.21245 -10.028 -12.793
0.32433 -10.439 -12.114
0.26006 -10.363 -11.607
-0.30885 -9.9538 -10.805
-0.4969 -9.2135 -9.1577
-0.64925 -8.5827 -7.1511
-1.2301 -8.1804 -5.58
-1.2872 -8.2114 -4.0685
-1.5014 -8.3375 -2.9616
-1.6181 -8.6303 -2.2189
-1.7109 -9.0564 -1.3215
-1.6966 -8.966 -0.55507
-1.9918 -8.0138 0.48515
-2.2155 -6.0405 2.0657
-2.4607 -5.0479 3.8629
-2.6059 -4.5718 5.234
-2.7297 -4.7765 7.155
-3.2415 -4.2742 7.9833
-3.5581 -4.1767 8.7617
-3.3343 -2.6651 8.9974
-3.5057 -1.2559 8.8664
-3.8842 0.33177 8.4213
-4.2412 0.64836 8.7498
-3.927 -0.1205 8.9259
-3.2462 -1.2726 9.1092
-2.8487 -1.9415 10.138
-2.5559 -2.1105 10.783
-3.1129 -1.3892 10.333
-3.3295 -1.1988 10.299
-3.1891 -1.6939 10.038
-3.0106 -2.2128 10.204
-3.3652 -2.0724 9.7186
-3.3224 -2.1391 8.7593
-2.863 -2.2224 8.4308
-2.4798 -2.8389 7.681
-2.1013 -3.7529 7.0264
-2.4036 -3.6958 6.8788
-2.7963 -2.9531 4.8222
-2.3155 -2.8984 2.8132
-2.2798 -3.5697 0.62083
-2.0251 -4.2528 -1.343
-1.6514 -4.5361 -3.1782
-1.1801 -4.5432 -5.242
-1.1229 -4.6123 -6.7512
-0.70161 -4.5408 -8.6055
-0.2541 -5.5692 -10.591
0.18864 -6.8593 -12.193
0.77422 -8.0376 -13.495
0.62663 -9.2468 -13.84
0.51237 -9.8491 -13.738
0.33147 -9.861 -13.666
0.088669 -9.7396 -13.195
-0.37312 -9.4373 -12.514
-0.94679 -9.1112 -12.062
-0.98964 -9.4135 -11.46
-0.92537 -9.3563 -10.976
-1.0325 -9.3206 -10.234
-0.80873 -9.8348 -9.6671
-0.9944 -10.411 -8.7626
-0.6183 -9.9324 -7.8914
-0.66829 -9.5944 -6.8107
-0.84682 -8.8089 -6.3108
-0.51118 -8.5494 -5.5967
-0.39693 -7.8329 -4.6184
-0.87062 -6.7117 -3.3282
-1.3538 -5.4644 -1.9
-1.8204 -4.8527 0.042404
-2.2798 -4.4004 2.2419
-2.7273 -3.6125 4.3485
-2.7487 -3.1912 5.8219
-2.6559 -2.189 7.3025
-3.0677 -1.7606 9.7186
-3.4367 -0.51326 11.792
-3.9865 0.87926 12.858
-4.177 0.52696 13.313
-4.0246 -0.67274 13.177
-3.7675 -0.4109 12.444
-2.9463 -1.7201 9.6853
-3.201 -3.5697 8.5356
-2.9796 -3.5982 8.5713
-2.6916 -1.7534 9.6115
-2.7202 -1.3535 9.9233
-2.7487 -2.3652 9.4877
-2.694 -3.3816 9.6067
-3.0034 -2.9579 9.3473
-3.101 -3.0745 9.4449
-3.0891 -2.8532 9.1687
-2.6511 -3.3269 8.4665
-2.3012 -3.3507 7.8833
-2.1417 -2.9317 9.0616
-2.4536 -1.9986 9.0235
-2.7654 -2.2152 7.5406
-3.0058 -3.7767 5.3816
-2.2584 -4.5147 3.8772
-1.9394 -4.5218 2.6489
-1.6942 -4.7789 0.82555
-1.28 -4.936 -0.78358
-0.91823 -4.6527 -2.9616
-0.71352 -4.5218 -4.8493
-0.30647 -4.5623 -7.3725
-0.37788 -5.7644 -9.7623
-0.22554 -7.2711 -11.336
0.49809 -7.9424 -12.581
0.59807 -8.6351 -13.742
0.65282 -9.8396 -14.057
0.58617 -9.6896 -14.314
0.60997 -9.5039 -14.495
0.45049 -9.135 -13.571
-0.19221 -8.4637 -12.628
-0.22316 -8.4804 -12.447
-0.56117 -8.6541 -11.967
-0.31123 -8.4661 -11.079
-0.35884 -8.7708 -10.005
-0.88966 -9.2968 -8.4936
-1.0539 -9.0778 -6.5203
-1.3205 -8.0686 -4.566
-1.5657 -7.214 -3.1425
-1.7633 -6.8379 -1.7976
-1.9061 -6.5546 -1.3001
-1.7014 -6.5142 -0.64314
-1.5538 -6.7141 0.57085
-1.9323 -6.5999 1.9324
-2.594 -5.7048 3.3868
-2.9344 -5.0264 4.6508
-2.7249 -4.7979 5.7267
-2.8059 -3.8601 6.4718
-3.3581 -3.1888 7.9524
-3.8294 -1.8082 8.8522
-4.0936 -1.2417 9.99
-4.4388 -0.30855 10.78
-4.5911 0.43413 11.668
-4.2841 0.15562 12.22
-4.1103 -0.63704 11.004
-3.201 -3.1293 9.5163
-3.7033 -3.8839 8.6236
-3.0844 -4.0553 8.4523
-2.6678 -2.9817 9.0973
-2.8511 -2.2795 10.049
-2.9534 -2.389 10.459
-3.1939 -2.9984 10.152
-3.1439 -3.4364 9.502
-3.2105 -2.9817 8.7903
-3.0415 -3.3435 7.9857
-2.9558 -3.6149 6.2409
-2.5155 -3.6292 4.8841
-2.5274 -3.3364 3.1012
-2.0965 -3.353 1.1707
-1.6466 -3.3745 -0.86452
-1.5157 -3.5149 -3.083
-1.1491 -3.9886 -5.7943
-0.17793 -5.2502 -8.5293
-0.11604 -7.0855 -10.346
0.46715 -8.2447 -11.56
0.60759 -8.7255 -12.021
0.75279 -8.6922 -13.376
0.84563 -9.1516 -14.083
1.0551 -8.8208 -14.671
0.75041 -9.0159 -14.321
-0.070816 -9.3111 -13.395
0.060104 -9.3064 -12.205
0.12914 -9.8038 -11.824
-0.4612 -10.58 -10.9
-0.61354 -10.787 -9.8409
-1.0991 -10.009 -8.0747
-1.4871 -8.209 -6.5941
-1.411 -7.2569 -5.2706
-1.142 -7.0831 -4.2208
-0.94441 -7.6544 -3.2687
-1.3753 -8.1685 -1.969
-1.6561 -6.876 -0.28133
-1.9585 -4.3576 1.8063
-2.356 -2.7556 3.9534
-2.525 -1.8201 6.1647
-2.7868 -2.0653 7.3978
-3.1677 -2.2343 9.5329
-3.5914 -0.64894 11.002
-4.4126 0.11992 12.796
-4.8958 0.24132 13.582
-4.7578 -0.42757 12.739
-5.2576 0.43889 11.525
-4.3364 1.2506 10.473
-3.539 -0.45851 7.781
-3.3176 -3.5101 7.1859
-3.051 -3.115 7.1502
-2.7511 -0.67751 8.0285
-3.013 0.33415 9.1307
-3.0963 0.49364 9.8591
-2.9296 1.0221 10.661
-2.4869 1.3006 10.714
-2.1275 0.42699 10.097
-2.156 -1.6011 9.3282
-2.4202 -2.508 9.2687
-2.6369 -1.2964 10.404
-2.7773 0.33177 10.945
-2.8106 -0.015762 9.8638
-1.9442 -2.3247 9.9638
-1.9918 -3.0531 9.0331
-2.1489 -2.4485 10.368
-2.3822 -1.9391 9.383
-2.525 -3.1626 7.5763
-2.9511 -4.4813 5.203
-2.3798 -5.1098 2.8584
-2.1156 -4.9122 1.3945
-1.7204 -4.6599 -0.66457
-1.5776 -5.2669 -2.4165
-1.1634 -5.8286 -3.9495
-0.79683 -6.1952 -5.7419
-0.41597 -7.1759 -8.0032
0.20293 -8.6018 -9.5576
0.44334 -9.9133 -10.772
1.0123 -11.004 -11.207
0.85991 -11.37 -11.341
0.56712 -11.146 -11.402
0.25529 -10.673 -11.56
0.17198 -9.88 -11.61
0.019638 -8.9088 -11
-0.12794 -8.6494 -10.236
-0.12556 -8.7065 -9.7719
0.064865 -9.392 -9.2268
0.043442 -9.742 -8.8887
-0.33266 -10.211 -8.1675
-0.31837 -9.7658 -7.4034
-0.13747 -9.0302 -6.2727
-0.51595 -8.1733 -4.9326
-1.0277 -6.9855 -3.7138
-1.3396 -5.9096 -1.6548
-1.9894 -4.9931 -0.17897
-2.5726 -5.9238 1.323
-2.9392 -6.0738 2.7013
-3.2796 -5.5882 4.0509
-2.9653 -4.698 4.696
-2.6583 -3.9458 5.8791
-2.8963 -2.4318 6.4408
-3.6866 -2.5461 7.8881
-4.0889 -1.6796 9.3687
-4.1722 -1.3035 9.9852
-4.3793 -1.1345 10.871
-4.8435 -1.175 11.371
-4.5816 -0.58229 11.035
-4.3769 0.38176 10.728
-3.9413 -0.56325 10.718
-3.6723 -0.42281 10.683
-3.6557 -0.58943 10.045
-3.5985 -0.73225 9.4068
-3.2891 -1.9796 8.5356
-3.0463 -4.0314 8.0857
-2.5488 -4.3052 7.5739
-2.4798 -3.353 8.6974
-2.8392 -1.3273 10.171
-2.7749 -1.3202 10.547
-2.6678 -3.2007 9.7591
-2.6059 -3.9553 9.8114
-2.9582 -2.9627 9.7734
-2.325 -1.5487 9.7734
-2.0489 -1.682 9.1854
-2.0584 -3.3554 7.2383
-2.1298 -3.7196 5.4911
-2.0156 -3.134 3.6225
-1.9561 -2.4247 1.2612
-1.6895 -2.5937 -1.7429
-1.2753 -3.0674 -4.6898
-0.99916 -3.8815 -7.2177
-0.34218 -4.7932 -9.8576
