-3.489 -0.50374 11.335
-3.5081 -0.056229 12.287
-4.0651 -0.06575 13.739
-4.1174 -0.78938 13.763
-4.9625 -0.7989 12.739
-4.4602 -0.85365 11.133
-3.5414 -1.0798 8.9355
-3.5652 -1.8225 7.9928
-3.6676 -1.3726 7.2978
-3.1391 0.15086 7.9167
-3.2724 1.61 9.0902
-3.3486 2.4217 10.014
-3.3772 2.2265 10.045
-2.5869 1.3196 10.985
-3.2581 1.2768 10.483
-3.2081 1.3387 10.421
-2.5464 2.3051 10.418
-2.8249 1.4934 10.599
-2.8082 0.8983 9.8281
-1.9227 -0.10622 9.3877
-0.72542 -1.832 8.4118
0.10771 -3.3102 6.6908
0.091049 -3.891 4.6222
0.73137 -7.1069 2.4133
2.1572 -11.299 2.6918
2.0596 -11.611 4.1866
0.52666 -8.4613 5.9148
-0.43739 -7.0236 6.9717
-0.83968 -6.6546 7.9143
-1.9656 -5.4525 9.0235
-2.9177 -5.3216 9.6091
-2.8773 -6.0214 9.6067
-2.9915 -5.0741 9.7234
-2.8892 -4.0172 9.8971
-2.9368 -4.0791 9.94
-2.6511 -4.3409 9.5806
-2.3488 -4.6146 9.84
-3.0368 -3.3864 10.383
-3.4367 -2.1319 10.904
-3.3724 -2.0272 10.633
-3.3176 -1.851 10.261
-3.4271 -0.47993 9.8805
-3.4295 0.42223 9.5758
-3.2677 0.35796 9.6591
-3.3748 0.2437 9.6186
-3.4486 1.5981 10.761
-3.0939 1.4767 11.985
-2.8416 -0.25142 11.818
-3.4295 -0.14192 9.5544
-2.7083 0.3889 10.385
-2.4083 0.78166 10.171
-2.4869 1.1411 11.323
-2.4869 0.66026 11.925
-2.0489 -0.22523 11.049
-1.8371 0.1104 9.571
-2.0299 -0.17763 9.1116
-2.0013 -1.0607 8.7284
-1.411 -1.6225 8.3689
-1.8085 -1.106 7.9714
-2.644 -0.97029 6.805
-3.0058 -1.6344 3.9486
-2.6345 -2.7722 0.57085
-2.0275 -4.4004 -1.7405
-1.0634 -4.4123 -2.0999
-1.3348 -4.7027 -2.9116
-0.88728 -4.5408 -4.2565
-0.39217 -5.2692 -7.1773
0.48619 -6.9498 -9.7623
-0.03035 -8.9517 -11.85
0.26006 -9.9086 -13.416
0.73613 -9.9729 -14.14
1.0075 -10.085 -14.099
1.305 -11.163 -14.454
0.84801 -12.501 -13.835
0.54094 -11.268 -11.959
0.16484 -9.8348 -10.277
-0.30409 -10.006 -9.8242
-0.44215 -10.666 -10.16
-0.17079 -11.051 -10.629
0.32671 -12.222 -10.017
-0.25172 -12.325 -8.9245
-0.61116 -10.756 -7.3439
-0.33266 -7.6996 -5.6705
-1.0063 -5.174 -3.4996
-1.4729 -3.8053 -1.312
-1.3657 -2.6413 0.83983
-1.818 -2.3866 3.225
-2.4488 -2.1224 5.8791
-2.913 -2.0462 8.0357
-2.7678 -1.7439 10.069
-3.1534 -2.3819 10.511
-3.3176 -1.8915 10.754
-3.6271 -1.2321 11.225
-3.8889 -1.3726 10.499
-3.7652 -1.8225 10.116
-2.9653 -1.7844 8.7593
-2.6678 -1.4297 7.6858
-2.6416 -1.4916 7.4906
-2.8059 -1.2083 7.7072
-2.7725 -0.35139 8.1809
-2.2441 -0.35378 9.1878
-2.763 0.65312 9.6186
-3.101 1.5934 9.2759
-3.1082 2.148 9.2402
-2.882 2.5241 9.6115
-2.406 2.2242 10.264
-1.9465 1.8933 10.147
-2.0418 2.129 10.511
-2.5631 2.1028 10.066
-2.2584 1.1816 11.002
-1.9323 0.71739 11.866
-2.0608 0.71025 11.08
-2.0584 -0.30855 8.5546
-2.0965 -1.0108 7.1169
-1.7775 -1.9558 7.4144
-0.91823 -1.8605 8.6617
-0.83015 -2.239 11.263
-1.8251 -1.5463 12.618
-2.106 -0.13716 13.684
-2.8487 1.2054 12.208
-3.32 1.929 8.4046
-2.5845 0.16753 4.6127
-1.6776 -1.1512 1.6849
-1.4752 -2.5866 0.11858
-1.818 -2.796 -2.5546
-1.0277 -4.0076 -4.5684
-0.066055 -4.7313 -8.1413
0.4005 -7.5044 -11.848
1.7073 -9.4301 -13.545
1.0813 -9.2802 -13.588
1.4645 -9.4325 -14.652
2.5047 -11.632 -16.016
2.9761 -13.731 -15.832
2.0715 -13.931 -14.73
1.524 -14.174 -13.131
0.73613 -13.665 -11.003
0.46715 -11.953 -9.4957
0.71947 -10.637 -8.6007
0.22435 -11.189 -6.825
-0.50166 -10.989 -5.6062
-0.53261 -9.2135 -5.1135
-0.22554 -7.6306 -3.6329
-0.48976 -5.5739 -1.95
-1.192 -3.7863 0.67796
-2.3107 -2.1676 3.263
-2.932 -1.0179 5.7601
-2.5559 -0.027664 8.4927
-2.5393 -0.56801 9.9043
-2.7202 -1.3678 11.194
-2.8892 -1.1084 11.92
-3.2034 -0.82033 12.232
-3.8104 -1.4345 11.994
-4.1246 -1.4416 11.694
-4.4364 -0.57515 10.918
-4.0532 -1.1322 9.3425
-3.8937 -1.6368 7.969
-4.3769 -0.18001 7.1669
-4.2698 1.541 7.2525
-3.8104 2.1647 7.6429
-3.439 2.7502 8.6379
-2.406 2.3837 9.4068
-2.1132 0.89354 10.733
-2.7035 0.048508 10.149
-1.849 -0.55135 9.183
-2.0441 -0.56325 9.1021
-2.4798 0.87926 9.5901
-2.5773 2.0885 9.4639
-2.3512 0.70787 9.2901
-2.425 1.4029 9.5853
-2.0251 3.1501 10.085
-2.8178 3.9023 10.909
-3.0653 3.9357 11.418
-2.6511 3.85 11.816
-2.275 3.0573 10.659
-1.8966 1.3363 8.8236
-1.749 -0.58467 7.2597
-1.2086 -1.8106 8.3237
-1.2348 -1.3012 9.9019
-2.4774 0.85069 11.223
-3.5105 3.9785 9.2402
-3.22 4.9711 6.0171
-1.7942 2.5931 1.5992
-0.74922 -0.22285 -1.6096
-1.0277 -1.7677 -6.4441
-0.31123 -2.9984 -9.5529
0.55284 -6.15 -12.071
1.0361 -9.2159 -14.673
0.41716 -10.401 -16.123
0.91704 -9.8848 -15.801
1.0718 -9.8848 -15.811
1.6573 -11.018 -14.911
1.9454 -11.125 -13.899
1.6216 -12.032 -13.135
1.6526 -13.82 -12.397
0.45049 -13.26 -11.833
-0.13271 -11.844 -11.324
0.081528 -11.12 -10.203
0.09581 -11.063 -8.1437
-0.6064 -10.561 -6.2632
-0.2303 -10.618 -4.9207
-0.13509 -10.104 -3.5424
-0.47548 -9.0445 -2.4189
-0.3755 -7.5687 -1.0716
-0.57307 -6.0857 0.52562
-1.6204 -4.5647 2.1895
-2.7797 -3.3959 3.2678
-2.9892 -2.8532 4.6627
-2.794 -1.801 5.8767
-2.4631 -1.0726 6.8027
-2.1417 -1.5297 7.0716
-2.0489 -2.8436 8.238
-2.4798 -1.7868 8.826
-3.0796 -0.12288 10.504
-3.7604 1.0364 11.761
-3.6366 2.1171 11.525
-3.6342 0.7888 10.504
-3.3367 1.2363 8.845
-3.22 2.4646 8.0333
-3.5224 3.3858 7.4763
-3.3986 2.9978 7.7477
-1.8656 1.1125 8.7784
-1.9751 1.5648 8.4166
-2.0489 1.8838 9.8543
-1.6323 1.1125 10.837
-1.8347 0.61504 10.537
-2.7559 2.2551 10.79
-3.2843 3.5024 10.806
-3.2938 3.2453 10.954
-2.8701 2.5812 10.93
-3.0653 1.6505 9.3854
-2.9939 0.46983 9.3211
-2.4036 -0.27046 9.6639
-1.7323 -1.3726 10.716
-1.4133 -2.3223 11.161
-1.58 -3.1888 11.425
-1.4752 -2.358 11.175
-1.9942 -0.62276 10.021
-1.9656 0.46745 8.7926
-1.8561 1.4482 6.3599
-1.4633 -0.12526 3.5892
-1.2586 -1.0036 1.0398
-1.9132 -1.025 -0.70503
-0.85158 -1.6558 -3.859
-0.71352 -3.1079 -7.6176
0.33623 -5.6287 -9.7076
0.17912 -6.3714 -12.09
0.88371 -8.1757 -13.473
1.1622 -9.6325 -14.606
0.9218 -10.975 -15.263
0.74803 -11.749 -15.304
0.45049 -11.918 -13.849
-0.25649 -11.715 -12.816
-0.72542 -12.251 -11.774
-0.69209 -12.798 -10.883
-0.60164 -12.979 -10.112
-0.56831 -13.034 -9.2482
-0.53023 -12.134 -8.8673
-0.53261 -11.08 -7.5153
-0.62782 -8.5661 -6.9416
-0.34456 -6.7284 -5.8324
-0.63734 -6.3595 -3.7019
-1.1777 -5.9024 -1.8928
-1.4586 -5.3026 -0.062332
-1.6942 -4.2362 2.2323
-1.8704 -1.563 4.0533
-1.918 -0.20619 5.7291
-2.4321 -0.10384 7.2906
-2.3298 0.36034 8.8879
-2.4893 2.0766 10.578
-3.5723 2.8788 12.137
-3.9008 2.4527 12.499
-4.653 2.8335 12.216
-3.8175 2.3313 11.559
-3.8746 2.2313 10.573
-3.7747 2.029 9.9757
-3.858 2.2789 8.9331
-2.6987 2.0956 8.8902
-2.9154 0.5341 8.6593
-2.2584 0.25798 8.7998
-1.8061 1.3887 9.3854
-1.9442 1.6124 9.8733
-1.4181 0.85783 9.9186
-1.8037 1.0911 9.5187
-2.3107 2.3408 9.7162
-2.9582 3.9476 9.1997
-3.6961 4.6569 9.7377
-3.4176 4.476 10.916
-3.0058 3.8857 9.9495
-2.3917 2.4408 10.078
-2.087 1.6695 10.495
-1.8204 0.77452 10.787
-1.6252 0.036606 10.423
-1.411 0.26274 9.94
-1.0777 1.1792 9.3758
-1.1134 0.4008 8.1071
-1.3657 -1.4392 5.7148
-0.94441 -3.4506 3.056
-0.85634 -3.5506 2.0348
-1.0968 -3.4245 1.6373
-1.0444 -4.5242 0.18047
-0.94203 -4.2195 -1.2763
-1.0253 -1.763 -1.1502
-0.48976 -2.1557 -4.0994
-0.006546 -5.6525 -7.6033
-0.13271 -7.8186 -10.317
0.72661 -9.6824 -12.017
1.2289 -10.573 -12.816
1.0123 -10.716 -12.507
-0.03035 -10.406 -11.805
-0.43977 -10.273 -10.355
-0.69209 -10.706 -9.7076
-0.48976 -11.903 -9.729
-0.13747 -13.432 -10.584
-0.14699 -14.393 -11.386
-0.44215 -14.16 -11.912
0.076767 -13.76 -11.645
0.52428 -13.082 -11.112
-0.14699 -11.699 -10.043
-1.3943 -10.351 -8.8078
-1.2872 -8.9969 -7.4462
-0.7278 -7.1212 -6.7916
-0.83492 -6.0048 -5.2944
-0.67781 -4.5789 -4.1923
-0.7397 -3.4459 -1.7524
-1.5847 -2.0748 0.13286
-1.7585 -0.62752 2.2942
-1.4729 1.7148 4.7627
-1.987 3.4334 7.4811
-2.0322 4.883 10.737
-2.1774 5.6733 12.785
-2.5845 4.3927 14.015
-2.444 2.4551 12.992
-2.594 0.53172 11.754
-2.4321 -0.19905 10.466
-2.3179 0.47697 9.5544
-2.3369 1.5743 9.8424
-2.5702 2.0218 8.8593
-2.9796 2.3884 7.6715
-3.0463 2.8097 7.7191
-2.7511 3.1335 8.4094
-2.5916 4.1404 9.1616
-2.0751 3.6381 9.1735
-1.887 3.1025 8.5118
-1.6276 4.3284 9.114
-1.0682 4.9949 9.7091
-0.873 5.0806 10.085
-0.86348 5.1401 10.628
-1.0777 5.6091 11.423
-1.9013 6.2827 11.754
-1.7466 4.4308 10.766
-1.2658 2.1432 8.9783
