-2.9558 -2.5318 6.3599
-2.4655 -4.4623 6.3028
-1.6204 -4.9622 6.5551
-1.2372 -5.2264 6.9859
-1.0015 -4.9979 7.5501
-1.4514 -3.9053 8.3213
-2.1727 -2.7318 8.7141
-2.0775 -1.8963 10.216
-2.3964 -0.86317 8.9617
-2.7345 -2.3747 7.6286
-2.9082 -3.2126 6.2385
-3.1225 -4.1314 4.7912
-2.4631 -4.129 3.8082
-2.2179 -3.1007 1.6611
-2.2608 -2.6318 -1.3192
-1.9323 -2.7508 -4.3422
-1.1967 -4.0957 -7.5843
-0.48262 -6.3166 -9.9337
0.33623 -8.1138 -11.524
-0.025589 -9.9443 -12.509
0.79802 -10.856 -13.14
1.3598 -10.758 -13.252
1.505 -10.735 -13.759
1.5431 -11.182 -14.197
1.7145 -11.427 -14.187
1.4098 -10.801 -13.152
0.81944 -10.175 -12
0.37193 -9.9038 -12.028
0.46001 -10.449 -11.205
0.42192 -9.9681 -10.317
0.45763 -9.98 -9.0482
-0.097 -9.9776 -7.4129
-0.52547 -9.5158 -5.8681
-0.61116 -9.0326 -4.0875
-0.43025 -8.7684 -2.6141
-0.66115 -7.752 -1.7476
-0.85396 -6.3547 -1.0526
-1.2063 -5.9762 0.22569
-2.0061 -5.4025 2.0181
-2.7416 -5.0526 3.7677
-3.0391 -4.6503 5.9743
-3.3081 -4.6004 7.0645
-2.9368 -5.0955 8.3499
-2.8154 -4.786 8.2047
-3.2081 -4.4028 8.4213
-3.708 -3.6387 7.8619
-3.8104 -3.6458 8.2904
-3.8913 -2.7603 8.7593
-4.1222 -2.2795 8.4451
-4.0413 -2.0557 8.5689
-3.9008 -0.77986 8.5737
-3.8794 0.16753 8.5332
-3.7961 1.103 8.9212
-2.9249 0.81737 9.233
-2.3631 0.086594 9.1878
-2.7916 -0.23 9.7615
-3.3129 -0.2419 10.39
-3.3938 0.14848 11.373
-3.3248 0.9221 10.79
-3.1653 1.3053 9.5782
-3.0582 1.2411 8.657
-2.5797 -0.63942 8.2118
-2.1798 -2.6842 7.2883
-1.7514 -4.0624 7.1669
-2.0751 -4.0434 5.5315
-1.2872 -4.3123 5.8934
-1.1515 -3.5197 5.6529
-1.6014 -3.991 4.0295
-1.3491 -5.2621 2.349
-1.1967 -5.6025 0.32329
-1.0801 -5.4287 -1.5358
-0.9825 -4.5694 -3.2116
-1.1182 -3.6744 -5.8109
-0.61354 -4.2623 -8.4912
-0.8492 -5.2978 -10.674
-0.3279 -6.3928 -12.457
0.33623 -7.6234 -13.376
0.86467 -8.8731 -14.216
0.92418 -10.68 -14.49
0.77422 -11.387 -15.366
0.42906 -11.703 -14.047
-0.66353 -11.406 -13.49
-1.1967 -11.068 -12.562
-1.1087 -10.125 -11.776
-1.0753 -9.5539 -11.536
-1.1325 -9.8586 -10.714
-1.2134 -10.378 -9.3315
-0.92299 -9.9871 -8.3674
-0.79683 -9.8467 -7.401
-0.8849 -9.4087 -6.0466
-1.1801 -8.1566 -4.2803
-1.7299 -6.6665 -2.6903
-2.0156 -5.7834 -1.3406
-2.106 -5.224 0.25188
-2.1989 -4.4504 1.5563
-2.1156 -3.891 3.3059
-2.0989 -2.508 5.5625
-2.5393 -2.0177 8.2118
-2.9415 -0.93935 10.104
-3.4105 -0.22523 12.066
-4.1174 -0.075272 13.182
-4.3293 -0.84651 13.058
-4.6411 -0.61086 12.054
-3.9556 -0.41805 10.426
-3.3176 -1.1036 8.9212
-3.1534 -1.7653 7.9048
-3.1653 -1.6892 7.4239
-2.6202 -2.0438 7.8572
-2.4012 -2.7699 8.6165
-2.8773 -2.5271 9.302
-2.9606 -1.6463 9.3211
-2.7583 -2.3128 10.209
-2.7487 -2.7532 9.8876
-2.9939 -2.1914 9.5901
-3.1939 -1.5654 9.6996
-3.0772 -1.1226 9.3544
-2.7702 -1.3512 9.5663
-2.3441 -1.9034 10.352
-2.3203 -1.5487 10.761
-2.0418 -1.682 10.906
-2.2869 -1.394 8.9997
-2.8701 -1.8082 6.1552
-3.3914 -1.7249 4.9436
-2.206 -1.4821 4.0819
-2.2084 -2.2486 1.6849
-3.3343 -3.0031 0.27568
-2.7702 -4.3695 -1.9619
-0.88252 -5.9238 -4.923
-0.36598 -6.4094 -7.6771
0.36955 -6.7974 -9.7695
0.32433 -7.6234 -10.869
0.31004 -8.7922 -10.829
0.41002 -8.8993 -11.243
0.40526 -9.4397 -10.812
0.27672 -9.7586 -10.469
0.055344 -9.5849 -10.607
-0.039871 -9.3492 -10.557
-0.46596 -9.4944 -10.941
-0.53261 -10.163 -11.198
-0.7516 -11.03 -11.312
-0.93965 -10.942 -11.441
-0.76588 -10.863 -10.893
-0.51357 -10.568 -10.367
-0.28505 -11.027 -9.5743
-0.28743 -10.147 -8.1556
-0.34456 -8.2828 -6.6607
-0.27315 -7.452 -5.3039
-0.57307 -7.7091 -3.6424
-1.2824 -7.5949 -2.2047
-1.9442 -7.5592 -0.62886
-2.2965 -6.8403 0.9398
-2.6226 -6.0952 2.5989
-3.101 -4.7955 3.8296
-3.2153 -3.6673 5.1245
-3.4224 -4.0743 5.7529
-3.27 -4.7218 6.9288
-3.2439 -3.7958 7.881
-3.2177 -3.9624 9.0593
-3.8699 -3.6387 9.8924
-4.4507 -3.0841 10.371
-4.903 -1.9224 9.9352
-4.9149 -1.3012 9.4401
-4.6387 -1.5797 8.7141
-4.196 -1.8415 7.9833
-3.8723 -2.3128 8.6141
-3.5581 -3.5935 9.0307
-3.0011 -4.1267 8.3713
-2.6702 -2.6389 8.6451
-2.8701 -0.92744 9.402
-2.9653 -0.14668 8.9593
-2.6488 -1.3297 7.8929
-2.3393 -1.8391 8.1
-2.3012 -0.33711 8.7141
-2.8535 1.0744 9.0473
-3.7556 1.3101 10.033
-4.3174 1.272 9.5806
-3.8818 0.92448 9.6067
-3.4105 0.81737 9.2092
-3.301 -0.3871 8.3071
-3.4628 -1.5249 8.8545
-3.2867 -1.3797 10.228
-3.3629 -0.61562 11.14
-3.7366 0.26036 12.299
-3.708 1.5291 12.984
-3.5152 0.9959 11.506
-3.132 -1.2393 9.6972
-1.9085 -2.965 8.4475
-2.1227 -3.2174 6.7217
-2.5393 -3.941 5.1269
-2.2917 -3.703 4.0438
-2.3822 -3.4054 2.8227
-1.9465 -3.165 1.3064
-1.5157 -2.8127 -0.15041
-0.86586 -3.2745 -1.6929
-0.93727 -3.2721 -3.9852
-0.43977 -1.9867 -6.2037
-0.80397 -2.0581 -8.6817
-0.10414 -3.1364 -11.312
-2.7106 -5.6334 -16.361
3.1451 -6.8474 -15.904
1.2931 -9.78 -16.573
2.3238 -11.344 -17.937
2.0953 -12.758 -17.061
0.84801 -12.227 -14.452
-0.092239 -11.111 -11.681
-0.80397 -10.292 -10.234
-1.3776 -10.149 -9.6076
-1.2015 -10.139 -9.2363
-0.6183 -9.7396 -10.431
-1.7561 -11.584 -10.136
0.081528 -12.382 -8.4912
-0.16603 -9.5182 -7.2296
-0.88728 -7.1331 -4.4946
-1.4014 -6.3118 -1.8143
-1.9727 -6.2142 0.099533
-2.5321 -6.1167 1.961
-3.1867 -4.8098 3.0322
-3.0368 -4.3076 4.5056
-2.7821 -3.8577 5.3792
-2.6559 -3.4816 6.5718
-2.8106 -2.9674 7.9286
-3.0439 -1.851 9.4068
-3.7652 -0.93221 10.785
-4.1912 -0.23714 11.616
-4.2674 -1.2345 11.87
-4.8363 -0.6418 11.352
-4.4507 -0.50136 10.718
-3.9937 0.00090027 9.1021
-3.996 -0.40376 8.0666
-3.8746 -0.73225 7.6691
-3.5414 -0.85127 8.2452
-3.5343 -0.50374 9.0402
-3.2319 0.098495 10.157
-2.3012 -0.41328 11.411
-2.8963 -0.89888 10.987
-2.1608 -1.3083 10.249
-1.8323 -1.7963 10.026
-1.6466 -1.8891 9.6829
-2.5916 -0.22762 9.4925
-3.4248 1.3149 10.166
-3.1843 1.2554 10.754
-2.6773 0.75072 10.387
-2.8178 -0.55135 10.623
-2.4036 -1.9367 9.7091
-2.2441 -3.3054 7.6786
-2.375 -4.0029 6.3885
-2.4107 -3.7934 7.005
-2.7797 -2.3604 8.3904
-3.3129 -0.98695 7.8905
-2.813 -0.28712 5.7077
-2.0465 -0.62514 3.0393
-1.7656 -2.5294 -1.0668
-1.0015 -4.2124 -5.5777
0.37907 -6.945 -7.9057
0.50761 -8.4827 -8.6864
-0.15413 -8.3804 -8.3555
0.30052 -7.3925 -8.5293
-0.4493 -7.2569 -8.5626
-0.29695 -7.164 -8.6626
-0.12556 -7.3164 -8.9316
0.17436 -8.259 -10.067
0.48857 -9.185 -10.65
0.17674 -9.2897 -10.334
-0.23506 -8.9707 -10.455
-0.40407 -9.9562 -11.583
-0.34694 -11.487 -11.433
-0.5945 -11.294 -11.007
-0.57545 -10.992 -10.912
-0.31599 -11.265 -10.341
-0.32314 -11.587 -9.8885
-0.66115 -11.177 -10.648
-0.62544 -11.432 -9.8718
-1.3491 -11.175 -8.7007
-1.9632 -10.458 -7.5486
-2.0346 -8.6232 -6.168
-1.7014 -7.0474 -4.7897
-1.2301 -6.5713 -3.5758
-1.0158 -6.826 -1.6334
-1.2919 -6.5047 -0.65028
-1.4729 -6.4809 0.56133
-1.6204 -5.2478 2.0491
-1.8347 -3.6196 3.7201
-1.8085 -2.001 5.1935
-2.0727 -0.87508 7.105
-2.1941 -0.6299 9.1592
-2.4869 0.42461 10.466
-2.9011 0.74834 10.973
-3.22 -0.58943 12.254
-3.3891 -1.2726 12.535
-3.301 -0.91554 12.287
-3.1605 -0.2538 11.085
-2.8416 0.26988 10.126
-2.7678 -0.33235 9.2068
-3.0677 -1.1583 7.8
-3.2153 -1.2131 6.4004
-3.1344 0.10326 7.9048
-3.082 1.1839 8.8426
-3.32 1.2577 8.6379
-3.3034 1.2934 8.2952
-3.0772 1.6624 8.9878
-2.8582 2.1313 10.09
-2.2012 1.1102 9.6924
-0.96107 -0.70369 10.454
-0.5088 -1.0845 9.3425
-0.65639 -1.413 9.8019
-1.3348 -0.1324 9.6186
-1.6204 1.3625 9.4639
-1.8632 1.948 9.3711
-2.3893 2.9192 9.1259
-3.3581 4.664 9.8043
-3.9104 5.7495 9.2854
-4.196 5.4305 9.1402
-3.739 4.1356 8.8117
-2.7059 2.805 8.4665
-1.9894 1.7933 8.6141
-1.8609 1.0197 9.2306
-1.9965 0.21513 9.8353
-2.0941 -0.41328 11.718
-1.8228 -0.0014801 12.873
-1.7061 0.60075 12.835
-2.1084 0.55553 11.694
-1.8513 -0.88222 10.916
-1.1158 -1.8844 8.9783
-1.6633 -1.4654 7.781
-1.8228 -1.6654 6.686
-1.6704 -1.6082 5.0983
-1.5109 -2.3652 3.2059
-1.1801 -2.5628 1.5635
-1.5086 -2.2747 -0.19325
-1.2658 -2.4509 -2.8855
-0.45882 -3.0793 -6.4512
-0.39931 -3.653 -9.422
0.0077362 -4.817 -12.233
0.057724 -7.3759 -14.042
0.57903 -8.7993 -15.511
1.1337 -11.689 -16.058
1.1694 -13.855 -16.254
0.97417 -14.488 -14.399
0.18626 -14.146 -11.686
-0.73256 -13.036 -10.326
-0.73732 -12.377 -9.153
-0.63972 -12.384 -8.0532
-0.46358 -12.132 -8.1056
-0.35884 -12.939 -6.8321
-1.311 -12.168 -5.6681
-1.2158 -9.8991 -5.3872
-1.0539 -7.7853 -4.1637
-1.0849 -5.4644 -3.1521
-1.5824 -3.9696 -1.0264
-1.8299 -1.7368 1.4444
-2.3036 0.53172 3.7201
