-3.8723 -3.5197 10.564
-3.9699 -3.1793 10.704
-4.1484 -3.7648 10.057
-3.8675 -4.01 9.3901
-3.4962 -3.2864 8.9902
-3.1415 -3.1888 8.9117
-3.1129 -3.1721 8.9712
-3.1701 -3.2031 8.8593
-3.1225 -3.0888 8.5594
-2.8416 -3.0745 8.4618
-2.6845 -3.3959 8.4451
-2.7844 -3.4459 8.6332
-2.8701 -3.6434 8.7617
-2.6964 -3.9148 8.5332
-2.6749 -3.772 7.5882
-2.3941 -4.8646 7.7524
-2.0989 -5.1788 6.9241
-1.749 -5.005 5.9862
-1.9513 -4.8265 5.4816
-2.1513 -4.3837 4.2438
-1.8728 -4.3409 2.8393
-1.6181 -4.617 1.1993
-1.8156 -4.9455 -0.93117
-1.8275 -5.862 -3.4163
-1.1325 -5.9548 -5.073
-1.0325 -5.9262 -7.1011
-0.8849 -6.5689 -9.0101
-0.50404 -7.5068 -10.262
-0.29219 -8.5327 -11.06
-0.22078 -9.5825 -11.907
0.20531 -10.311 -13.188
0.79326 -11.525 -13.74
0.70042 -11.365 -13.642
0.19341 -10.332 -12.383
-0.41597 -9.9633 -11.338
-0.85634 -9.6967 -10.06
-0.88728 -8.9279 -9.0649
-0.79921 -8.9064 -8.2627
-0.72542 -9.3611 -7.0511
-0.79445 -9.4016 -6.7512
-1.0468 -9.9919 -5.4205
-1.1277 -9.6325 -5.0302
-1.0515 -8.7351 -3.8281
-1.1515 -7.7877 -2.7188
-1.7252 -6.9807 -1.293
-1.9156 -5.9143 0.78746
-2.1346 -5.1407 2.7917
-2.5012 -5.3311 4.0176
-2.8868 -6.4713 5.3792
-2.6702 -7.0045 6.5194
-2.8916 -6.2428 6.9431
-3.1796 -5.4811 8.1071
-3.5057 -4.8527 8.9283
-3.7509 -4.1671 9.2997
-3.8342 -3.4911 9.1997
-3.9818 -3.1579 8.9117
-4.0056 -3.2316 8.5641
-3.8294 -3.4054 8.3475
-3.3629 -3.0317 8.3713
-2.9035 -3.0198 9.0712
-2.9106 -3.0722 8.9807
-2.8701 -3.7982 9.8019
-3.2296 -3.5197 9.521
-2.8392 -3.234 9.2045
-2.8939 -2.6199 8.3309
-2.7083 -2.577 7.6167
-2.6392 -2.8222 6.5956
-2.4536 -3.5149 5.1792
-2.0084 -4.279 3.3797
-1.7918 -4.9622 2.1681
-1.6085 -5.5263 0.54228
-1.7537 -5.6001 -2
-1.3919 -5.3883 -3.6091
-0.9944 -5.1645 -5.0206
-0.62306 -5.3573 -7.47
-0.31361 -6.8665 -9.3624
-0.25649 -8.697 -10.626
0.12199 -9.6206 -11.364
-0.12318 -9.7491 -11.895
0.017258 -9.9705 -12.014
-0.22792 -9.9514 -12.219
-0.31361 -9.7182 -12.764
-0.44215 -9.9657 -12.597
-0.68019 -9.8491 -11.683
-0.79921 -9.2468 -11.474
-0.65639 -9.3682 -11.274
-0.69685 -9.6206 -10.467
-0.9944 -9.4825 -10.029
-0.76112 -9.6682 -8.8602
-0.67781 -9.4635 -7.5486
-0.89204 -8.7303 -5.9966
-0.54213 -8.0947 -4.3779
-0.46596 -8.0971 -3.1283
-1.0539 -8.547 -1.9357
-1.5466 -8.6327 -0.76692
-1.5657 -6.9855 0.68272
-2.0679 -5.424 2.2514
-2.4369 -5.5501 3.8677
-2.6607 -5.6025 4.8484
-2.7225 -5.0145 6.4218
-3.151 -4.4171 7.9881
-3.6699 -3.7791 9.1783
-3.9127 -3.265 10.149
-4.0199 -2.8246 10.557
-3.9937 -2.746 10.33
-3.808 -3.3364 9.5877
-3.57 -3.5816 8.9259
-3.2558 -3.7172 8.7593
-3.0677 -3.8981 8.6355
-3.151 -4.0553 8.4832
-3.6985 -3.1221 8.7212
-3.0677 -2.0938 9.2449
-2.863 -2.339 9.3639
-2.8297 -3.3483 9.9995
-3.0391 -3.0388 10.142
-3.2296 -2.4533 10.29
-3.1367 -2.5961 9.2878
-2.7035 -3.6482 8.9402
-2.2251 -4.2076 7.9714
-2.3322 -4.4647 7.4216
-2.4179 -3.9172 6.6456
-2.5869 -3.353 5.5268
-2.8654 -3.2959 4.0295
-2.9011 -3.5649 2.4466
-2.7702 -3.9196 0.17809
-2.0013 -4.8836 -1.9238
-1.7799 -5.662 -4.0875
-1.2896 -6.3404 -6.0513
-0.75874 -6.7641 -7.7795
-0.22316 -7.0093 -8.9411
0.21483 -8.1519 -10.198
0.30052 -9.323 -11.536
0.68852 -11.484 -13.84
1.4264 -12.789 -15.366
1.5431 -13.446 -14.609
0.80278 -12.672 -13.671
0.10057 -11.806 -11.712
-0.44691 -10.142 -9.9671
-0.81111 -8.8112 -9.0054
-0.81587 -8.8065 -7.4796
-1.2063 -8.4232 -6.4893
-1.1467 -9.1231 -5.4563
-0.8968 -9.9776 -4.5374
-0.48738 -9.8062 -2.964
-0.88728 -7.8067 -1.5215
-1.4062 -6.6046 0.19951
-2.0156 -6.6832 1.454
-2.7797 -6.7189 2.4799
-3.3367 -6.4689 3.5892
-3.6723 -6.7879 4.7079
-3.3462 -6.419 6.0005
-3.3414 -5.6263 6.7955
-3.4914 -5.474 7.9072
-3.8842 -4.8074 8.7046
-4.0889 -4.1076 9.183
-4.2984 -3.4483 9.3877
-4.3317 -3.2626 8.3761
-3.9294 -3.315 7.8952
-3.4438 -3.2055 7.3835
-3.0606 -3.3245 7.3978
-2.7106 -3.4506 8.5951
-2.8773 -2.9746 9.0712
-2.8106 -2.6008 9.1545
-2.7702 -2.2914 9.5306
-2.9296 -2.4057 9.6781
-2.9582 -2.389 10.245
-3.2891 -1.7749 10.159
-3.439 -1.4654 10.302
-3.3772 -1.3416 9.8805
-3.0153 -1.5178 8.8498
-2.375 -2.5532 8.5618
-1.9537 -2.5271 7.5168
-2.0441 -3.4578 6.0981
-2.4012 -3.7863 4.7413
-2.5274 -3.9672 2.7584
-1.9632 -4.5289 0.916
-1.3491 -5.1098 -0.70979
-1.361 -5.6644 -2.8331
-1.38 -6.2857 -4.4708
-0.98012 -6.5975 -5.968
-0.63258 -7.0164 -7.4581
-0.43977 -8.0543 -8.8721
-0.18745 -9.1469 -10.634
0.32195 -10.109 -13.09
0.83611 -12.318 -14.787
1.0503 -13.039 -15.09
0.41954 -12.763 -14.204
-0.37074 -11.858 -12.859
-0.76588 -10.673 -11.433
-0.92775 -9.4087 -10.353
-1.023 -9.0755 -8.6793
-1.5133 -9.0017 -6.9487
-1.3824 -9.3064 -6.0014
-1.1729 -9.8372 -4.6541
-1.0158 -9.3397 -3.5448
-1.1063 -7.9567 -2.1904
-1.1872 -6.8093 -1.3454
-1.3443 -6.9117 0.80888
-2.256 -6.0333 2.4085
-2.7059 -5.4478 4.9722
-2.475 -4.5456 6.6479
-2.6916 -4.2076 7.5025
-2.9273 -5.2597 8.0119
-3.1201 -5.4263 8.3737
-3.3176 -4.2219 8.9307
-3.7485 -3.1102 9.721
-4.177 -2.8198 10.176
-4.2127 -2.8674 10.104
-3.7247 -3.2364 9.045
-4.0318 -3.3887 8.9259
-3.6937 -2.9198 9.0402
-3.5961 -2.5199 9.0878
-3.7723 -2.3152 8.9236
-3.8461 -1.9558 9.0378
-3.4843 -1.8582 9.5472
-2.9796 -2.6889 10.268
-3.201 -3.0317 10.409
-2.8892 -2.6508 10.659
-2.8892 -2.4223 10.295
-3.3557 -2.5437 9.7448
-3.2796 -2.2486 9.2068
-3.2343 -1.7606 7.3954
-3.0415 -2.3319 6.7551
-2.6083 -3.7125 6.4813
-2.4559 -4.8003 6.7003
-2.7535 -5.6906 6.8836
-2.9558 -4.8146 7.9548
-3.2605 -3.2673 6.8669
-3.7294 -2.5342 4.2818
-3.4914 -2.4414 1.404
-3.0225 -2.8913 -1.093
-2.0775 -4.31 -2.8878
-1.2681 -6.2333 -4.4017
-1.1467 -7.9424 -6.4679
-0.94917 -8.8779 -8.465
-0.11842 -9.1326 -9.9766
0.4124 -9.2564 -10.086
0.5576 -10.08 -10.307
0.49571 -10.918 -10.557
0.54332 -11.746 -10.805
0.54332 -12.258 -11.214
0.21721 -11.913 -11.881
-0.22792 -11.856 -11.46
-0.54213 -11.582 -11.295
-0.62068 -10.844 -10.336
-1.2562 -9.4611 -9.0958
-1.4633 -8.2852 -7.6629
-1.3729 -8.0352 -5.9061
-1.3991 -8.3375 -4.9992
-1.0015 -9.3587 -4.5136
-0.68733 -10.604 -3.6234
-0.73018 -10.435 -2.7926
-0.78493 -8.8731 -2.0856
-1.4324 -7.7424 -0.34084
-2.0608 -6.8665 1.0755
-2.9035 -6.0405 2.2681
-3.2796 -5.5811 3.8296
-3.1082 -5.931 4.9222
-2.9701 -5.8167 5.9933
-3.0891 -4.7122 6.8955
-3.3391 -4.4052 7.9405
-3.6937 -3.9053 8.3785
-3.7842 -3.6173 9.1283
-3.7628 -3.2174 9.0307
-3.9699 -3.0246 9.1164
-3.9104 -1.9082 8.1952
-3.5771 -1.0536 8.3666
-3.7556 -0.59657 7.9
-3.6199 -1.3464 8.1166
-3.2986 -1.6439 8.6213
-3.1582 -1.6106 9.4115
-2.7249 -1.9082 9.5306
-2.475 -2.0748 9.6615
-3.0368 -1.2536 10.078
-3.7294 -1.294 10.602
-3.8604 -1.3273 10.64
-3.5366 -0.65846 10.328
-3.2224 -0.27284 10.054
-3.1986 -0.94887 9.8472
-3.4105 -1.901 9.8662
-3.4414 -2.2486 9.7567
-2.8178 -2.101 9.7519
-2.325 -2.8198 9.1592
-2.037 -4.0386 8.2737
-1.9918 -4.1148 6.974
-2.1465 -4.0957 5.9195
-2.4464 -3.772 5.0912
-2.7154 -3.5506 3.92
-2.4131 -3.3269 2.687
-1.8061 -3.0269 0.45421
-1.6799 -3.7291 -1.8357
-1.6942 -4.6884 -3.7448
-1.2539 -5.5549 -6.3084
-0.55403 -6.4666 -8.1508
-0.20174 -7.3663 -10.012
-0.0017853 -8.7113 -11.99
0.33147 -10.442 -13.359
0.43382 -11.411 -14.74
0.36717 -11.751 -15.368
0.27672 -11.665 -14.633
-0.40883 -11.499 -12.843
-1.2372 -10.358 -10.974
-1.2348 -9.7372 -9.0268
-1.3158 -9.4658 -7.939
-1.2586 -9.6277 -6.8345
-1.4586 -10.016 -5.7157
-1.3634 -10.242 -5.0444
-1.4086 -10.228 -4.3875
-1.0896 -9.9467 -3.2925
-1.2824 -8.7374 -2.6069
-1.4276 -8.5589 -1.7334
-1.5895 -8.3518 -0.855
-1.5157 -7.6829 0.35661
-1.7942 -7.0331 1.9443
-2.5393 -5.8691 3.2321
-2.7678 -5.6453 4.3223
-2.5297 -5.9572 4.8389
-2.9653 -5.1526 5.7767
-3.5652 -4.2409 6.8979
-3.7652 -3.2531 8.8212
-4.1174 -2.3699 10.283
-4.4388 -1.9058 11.149
-4.5721 -2.0058 10.183
-3.5533 -1.9058 9.0973
-4.3507 -1.5344 8.3975
-3.9175 -1.5701 8.8545
-4.0651 -1.3726 8.9307
-4.265 -1.4345 8.995
-4.2317 -1.5916 9.1973
-3.9199 -1.9462 9.6186
-3.6652 -1.7677 9.5163
-3.3153 -1.9486 9.3687
-3.0986 -2.2152 9.1235
-3.0748 -1.8986 8.9974
-2.9035 -0.76082 8.9307
-2.9892 -0.49898 8.4094
-3.1605 -1.2202 8.8331
-3.0748 -1.7725 9.1116
-2.7535 -2.4675 8.9521
-2.7511 -3.9719 8.745
-2.9035 -4.3861 8.4594
-2.6107 -3.8125 8.6617
-2.913 -2.3604 7.7429
-3.1486 -1.2964 7.3406
-3.1915 -1.5916 5.8743
-2.9796 -2.1795 2.8322
-2.6892 -3.0722 -0.2361
-2.0132 -3.9957 -1.9952
-1.2586 -5.95 -3.4544
-0.78969 -8.1471 -4.923
-0.42787 -10.242 -6.4631
