-3.0296 -1.5725 9.3473
-3.1486 -2.9151 9.2473
-2.8416 -2.2152 9.552
-2.7225 -0.50612 9.8329
-3.0534 -0.49422 10.03
-3.2081 -1.2988 9.79
-2.5559 -2.4723 8.7879
-1.8656 -3.0841 8.219
-1.7299 -3.3197 7.5977
-1.8751 -3.0722 7.3954
-2.256 -3.1198 6.8693
-2.6678 -3.0103 6.1314
-2.8154 -2.6889 5.3578
-2.6916 -3.2316 3.6058
-2.306 -3.9981 2.1705
-2.0918 -4.6194 -0.059952
-1.7799 -4.9741 -1.5144
-0.92299 -4.4552 -3.2187
-0.96346 -3.822 -5.8014
-0.26601 -4.4671 -8.6079
-0.61592 -6.0833 -11.212
0.16008 -7.9924 -13.088
0.6671 -9.4516 -15.785
1.6645 -11.746 -16.682
2.0382 -13.158 -17.239
1.6954 -14.055 -16.254
0.86229 -13.113 -14.442
-0.011307 -11.756 -11.938
-0.53261 -9.9276 -10.419
-1.0515 -9.0969 -8.5864
-1.4205 -8.1971 -7.7105
-1.4514 -8.3875 -6.5869
-1.2753 -9.6229 -4.9111
-0.99916 -10.278 -4.3803
-0.87062 -10.142 -3.6781
-0.66829 -9.5349 -2.9878
-0.98726 -8.209 -1.5715
-1.6395 -6.4332 0.37566
-2.4012 -5.4263 2.5489
-2.7773 -4.7265 3.9296
-3.0891 -4.3076 5.6149
-3.0391 -3.8006 6.9859
-2.8297 -2.7865 8.4046
-2.6607 -2.8889 9.4139
-2.8654 -3.146 9.6258
-3.1296 -3.5839 9.9733
-3.7723 -3.653 9.9638
-4.3103 -2.9912 9.6163
-4.196 -3.0055 9.1473
-3.658 -3.2507 7.7619
-2.8892 -3.6625 7.4073
-2.6226 -3.3173 7.1073
-2.5583 -2.8079 7.2573
-2.8011 -2.8627 7.6001
-3.4747 -2.3223 8.0785
-3.9865 -1.3988 8.795
-3.2439 -1.4606 9.7853
-2.6892 -1.563 10.223
-2.4678 -0.96553 9.7139
-2.0584 -0.81081 10.48
-2.5464 -0.40138 10.845
-3.032 -0.22762 10.542
-3.1201 -0.76558 10.771
-2.932 -0.90364 10.304
-2.525 -1.4964 9.4568
-2.6083 -2.6532 9.3306
-2.694 -2.896 8.5975
-2.9558 -2.6961 7.3858
-2.4988 -2.7341 6.3575
-2.3822 -2.7222 5.4316
-2.9892 -3.0198 3.8558
-2.8844 -3.9505 2.0895
-2.0203 -4.2171 0.24712
-1.2539 -4.1552 -1.6524
-1.1634 -4.1409 -3.7805
-1.1158 -4.9146 -6.625
-0.34694 -6.7094 -9.1292
0.42192 -8.7422 -10.829
0.33147 -9.8253 -11.812
0.82658 -9.9776 -14.023
1.0194 -11.299 -14.495
0.96941 -10.954 -14.514
0.80992 -11.208 -14.356
0.39336 -11.768 -13.39
0.041061 -11.841 -11.702
-0.17079 -11.08 -10.522
-0.75636 -10.875 -9.1625
-1.3776 -10.723 -7.4534
-1.2872 -9.6991 -6.675
-0.84444 -9.1278 -6.2584
-0.91347 -8.8541 -5.6372
-0.75874 -8.1281 -5.1825
-0.62306 -7.2235 -3.6162
-1.0611 -6.1452 -1.3644
-1.9156 -4.8408 1.3945
-2.7059 -3.9981 3.5011
-2.6916 -3.7601 6.029
-2.4155 -2.8889 7.4739
-2.9677 -3.0936 8.457
-3.2153 -3.5459 9.8876
-3.251 -2.3723 11.432
-3.9722 -1.6154 12.185
-4.2674 -2.1319 11.947
-4.2888 -3.1579 10.835
-4.6411 -2.2057 10.099
-4.1889 -1.1893 9.4711
-4.0056 -1.0774 8.7022
-4.0936 -1.0417 7.9286
-3.827 -0.8727 7.6644
-3.5747 -0.87508 7.8334
-3.0225 -1.0774 8.1976
-2.713 -0.85365 9.1878
-2.9082 -1.0322 9.1473
-2.6464 -1.2274 9.283
-2.4964 -1.8082 9.9757
-2.3203 -1.7368 9.4663
-2.4536 -1.9177 9.5472
-2.9749 -0.84889 9.79
-3.2796 -0.072891 9.6662
-3.4224 -0.13002 9.602
-3.0463 -1.2726 9.7948
-2.6773 -2.2081 9.8852
-2.6892 -1.7368 10.335
-3.251 0.51744 11.066
-3.8175 1.8481 10.03
-3.8485 1.6338 6.786
-3.2772 0.098495 2.8465
-2.1513 -0.26332 -0.51698
-1.9823 -0.59895 -3.8162
-0.58498 -2.1367 -7.3082
0.22911 -4.7075 -10.705
1.048 -8.378 -13.035
0.59093 -10.647 -15.256
1.6145 -10.996 -15.747
1.5621 -11.263 -15.463
1.6407 -11.875 -14.752
1.5098 -11.994 -13.231
0.96227 -11.118 -11.129
0.29338 -9.9443 -9.4862
-0.44691 -9.5253 -8.0556
-1.0444 -9.5039 -7.8509
-0.99678 -9.492 -8.1532
-0.75398 -9.9729 -8.6436
-0.46834 -11.761 -7.9509
-0.061295 -12.089 -7.1892
-0.36598 -10.635 -6.1013
-0.30647 -8.9898 -4.4232
-0.48976 -7.2069 -2.7498
-0.9825 -6.1666 -0.80739
-1.6347 -5.8286 0.89696
-2.5631 -5.5097 2.5918
-3.1153 -5.1716 3.7867
-3.0201 -4.9527 5.3411
-3.1153 -4.9646 5.8957
-3.0844 -4.3219 6.8265
-3.37 -3.065 7.5572
-3.9342 -2.2224 9.0045
-4.315 -1.513 9.6615
-4.1389 -1.8629 10.054
-4.3364 -1.1821 9.8543
-3.9318 0.85783 9.3973
-3.7771 1.2768 9.3639
-3.6937 0.47459 9.1211
-3.3557 -1.0298 9.0116
-2.9749 -1.1607 8.4999
-2.5559 -0.85841 8.6879
-2.0822 -1.682 9.4353
-2.0965 -1.8248 8.2928
-2.5083 -2.3414 9.6686
-2.7725 -1.8867 9.7519
-2.8463 -2.0867 9.3235
-2.9415 -2.4747 9.2283
-3.0391 -2.2176 8.2261
-3.1486 -3.1079 6.2671
-3.1486 -4.6265 4.9103
-2.544 -5.2121 4.8508
-0.91109 -6.369 5.3387
-0.46358 -8.6922 5.8672
-1.9251 -9.3135 6.5503
-1.7585 -8.7351 8.438
-2.7749 -6.1143 9.7424
-2.8797 -4.6765 9.5925
-2.6035 -4.8122 10.173
-3.1677 -5.0669 10.759
-3.3962 -4.6004 10.904
-3.2558 -3.7315 11.23
-3.2558 -3.7887 10.452
-3.032 -3.9505 10.133
-3.1582 -3.4744 9.8876
-3.5057 -2.7699 9.99
-4.1127 -1.7534 11.863
-4.2674 -3.1317 11.806
-4.1889 -4.3028 11.116
-4.0913 -3.9267 10.478
-3.877 -2.965 9.2235
-3.5081 -1.7796 8.2952
-3.3105 -1.4725 8.7189
-3.4843 -2.1605 9.4592
-3.6723 -2.2581 9.9709
-3.8937 -2.1557 9.8138
-3.8746 -2.5366 9.214
-3.7294 -4.0767 8.0904
-3.8627 -3.6982 7.85
-3.8866 -1.5487 8.5879
-4.046 -0.63704 8.9498
-3.996 -0.3871 9.0116
-3.5557 1.0054 9.1545
-2.9177 0.8983 8.995
-1.8156 -2.6651 7.0145
-1.7656 -5.5668 6.7074
-1.7633 -3.6482 8.2904
-3.0249 0.67693 10.373
-3.5938 2.4313 10.906
-3.5771 1.3768 10.868
-3.4795 0.78404 10.088
-3.1463 1.0649 9.7329
-2.5773 1.1887 9.8043
-2.4536 0.64598 10.257
-2.7821 -0.31807 10.368
-2.625 -0.92744 10.421
-2.3726 -0.38472 10.033
-2.4107 -1.225 10.697
-2.2274 -1.3535 9.1592
-2.1513 -0.55373 6.786
-2.2727 -0.91078 4.2557
-2.3465 -2.2462 2.1728
-2.3822 -2.8103 0.14
-1.7609 -3.572 -1.005
-1.7014 -4.6932 -2.4475
-1.8275 -5.8596 -3.9519
-1.3729 -7.314 -6.2442
-0.53499 -8.8612 -8.0009
-0.14461 -10.175 -9.4981
-0.0089264 -11.368 -10.657
0.11723 -12.206 -12.531
0.43858 -13.122 -13.073
0.31242 -13.486 -13.19
-0.23506 -13.253 -12.602
-0.7516 -13.044 -10.607
-0.78493 -11.83 -9.3315
-0.68733 -11.446 -8.1294
-0.93965 -11.363 -7.2868
-1.3848 -10.963 -6.1418
-1.58 -10.456 -5.3872
-1.5752 -10.244 -5.1182
-1.2586 -10.156 -4.2089
-1.3753 -8.2685 -3.8257
-1.7704 -6.2428 -1.8595
-2.3107 -4.3576 -0.2123
-2.6868 -2.4414 1.5301
-2.5583 -1.0631 3.8224
-2.9582 0.17229 5.9029
-3.3224 0.036606 9.1473
-3.2772 0.765 11.44
-3.3938 1.2101 13.292
-3.7247 0.81023 13.73
-5.1291 -0.44899 13.461
-4.703 -0.63228 12.596
-4.365 -0.72749 11.183
-3.9627 -0.68227 9.2663
-3.6223 -0.39186 7.6977
-3.3391 -0.35139 7.0716
-3.2677 -0.18715 7.0074
-2.8749 -0.18715 7.243
-2.3274 -1.4821 8.4642
-2.3393 -1.0512 9.3282
-2.3226 0.30797 9.7115
-2.4631 0.37462 10.466
-2.8201 0.56981 9.0854
-2.5297 0.62694 8.438
-2.2869 1.222 8.5356
-2.2727 1.0816 9.4163
-2.3607 1.1887 9.8519
-2.3941 1.1411 10.561
-2.4702 1.2839 10.89
-2.6749 1.8838 11.911
-2.6178 2.1908 11.08
-2.0989 0.63884 10.299
-2.0394 -0.58705 8.4499
-1.9561 0.4127 7.0621
-2.1941 0.78404 5.2507
-2.9249 0.19371 2.3656
-2.5988 -1.4964 0.43279
-1.5062 -2.2795 -1.531
-0.98012 -3.9624 -4.497
-1.0301 -6.3595 -6.9035
-1.3776 -8.5089 -8.5888
-0.59212 -10.294 -9.8576
0.46477 -12.294 -10.512
0.69566 -13.841 -11.331
0.68614 -14.838 -11.4
0.44334 -14.431 -11.564
0.36955 -13.8 -10.757
0.36003 -12.934 -10.122
0.45049 -12.951 -9.2934
-0.03035 -12.948 -8.2913
-0.65163 -12.291 -7.939
-0.90633 -11.606 -8.0104
-0.68733 -11.732 -6.963
-0.39931 -11.246 -6.7178
-0.30885 -10.48 -5.6443
-0.37312 -9.0588 -5.0206
-0.10414 -7.364 -4.1256
0.064865 -6.2571 -2.814
-0.43977 -6.3023 -1.174
-1.2848 -6.4904 0.31377
-2.5202 -6.388 1.8848
-2.6416 -4.7146 3.4297
-2.8392 -3.1126 4.9912
-2.7464 -1.5939 5.6434
-2.6559 0.29607 6.6194
-3.4057 0.51744 8.2666
-3.7842 1.0411 9.502
-3.7199 0.55791 11.009
-3.8247 0.11278 11.647
-3.9556 0.046127 11.989
-4.4221 0.15562 11.449
-3.958 1.2482 10.645
-3.5604 2.2361 9.6877
-3.5319 2.2361 8.3356
-2.9677 1.5315 8.0285
-2.4702 0.51744 8.7736
-2.4202 -0.38948 10.373
-1.9585 -0.71321 10.604
-2.4131 -0.50374 10.147
-2.5892 -0.27998 10.495
-2.8439 1.0792 10.18
-2.6369 1.0506 9.9638
-2.4559 0.82213 8.457
-2.1679 0.56505 7.85
-2.6559 1.7481 7.9357
-3.4605 1.9266 9.5163
-4.1793 1.9933 9.0878
-2.9344 2.0932 9.1449
-2.1179 2.3241 9.2782
-1.9442 1.9623 10.13
-1.8228 1.6719 10.885
-2.0537 0.99828 11.071
-2.0679 0.47697 11.03
-1.9346 0.036606 11.116
-1.5443 -0.69655 11.559
-1.4491 -0.75844 11.085
-0.9706 -0.091934 10.288
-1.142 1.8243 8.7331
-0.96346 2.6288 6.8931
-1.2848 1.0483 4.727
-2.0346 -1.7296 3.0893
-1.768 -2.5913 0.57085
-0.94679 -2.8103 -1.3263
-0.5826 -3.8053 -2.9926
-0.51357 -5.9476 -4.8969
