-3.4176 -2.6151 9.6353
-3.3295 -1.5844 10.464
-3.4581 -1.1417 10.692
-3.5057 -1.1845 10.83
-3.8151 -1.782 10.621
-3.5176 -2.4652 9.9376
-3.051 -2.6127 9.6424
-2.6416 -3.4173 9.0497
-2.6226 -3.7982 8.6855
-2.7511 -3.7006 7.8191
-2.7297 -3.9696 6.9859
-2.7606 -4.1576 5.8862
-2.9772 -4.3076 4.0629
-2.5821 -4.9169 2.5894
-2.1941 -5.4501 1.0731
-1.7561 -6.0857 -0.57411
-1.3824 -6.6261 -1.6572
-0.92299 -5.9715 -2.9688
-1.3348 -5.6858 -4.8136
-1.1777 -6.8617 -6.5393
-0.88966 -8.0043 -8.1056
-0.67067 -9.0683 -9.4957
-0.52785 -10.408 -11.281
-0.40169 -11.361 -12.4
-0.18745 -11.818 -13.023
-0.30647 -12.022 -12.676
-0.74922 -11.758 -12.176
-0.7397 -11.484 -11.036
-1.2943 -10.432 -9.8885
-1.3943 -9.4539 -8.5007
-1.8061 -8.8422 -6.9035
-1.9656 -8.8255 -5.3301
-1.8894 -8.4875 -4.1566
-1.242 -8.3042 -3.452
-1.242 -8.2614 -2.3856
-1.9037 -8.2876 -1.3168
-2.3036 -7.4282 0.38042
-2.4655 -5.8334 2.7703
-2.9844 -4.2385 4.3699
-3.0558 -4.3028 5.6077
-3.2558 -4.3147 6.467
-3.9699 -3.7577 8.0095
-4.2174 -2.051 9.79
-4.484 -0.17287 11.221
-5.2434 -0.070511 12.258
-5.2719 0.16277 12.354
-4.9125 0.31511 11.509
-4.4436 0.51506 10.618
-4.0698 0.96019 9.8662
-3.3891 0.69597 9.3187
-3.0986 -0.94173 8.7807
-3.0939 -2.727 7.7905
-3.082 -3.3507 8.169
-2.7725 -1.8677 9.0426
-3.0963 -0.26332 9.7424
-2.9154 -0.27046 10.218
-2.4107 -1.0726 11.087
-2.6964 -1.2321 10.868
-2.8916 -1.494 10.428
-2.7487 -1.2131 10.554
-2.5155 -0.71321 10.421
-2.8892 -0.78938 9.2925
-2.8487 -1.5463 9.2806
-2.9273 -1.8748 8.826
-2.475 -2.0724 7.8667
-2.325 -2.6651 7.2216
-2.4226 -3.3031 5.8767
-2.4988 -3.9719 4.4509
-2.4369 -5.1621 2.6822
-2.0656 -6.4309 1.5111
-1.6466 -7.1497 -0.0028229
-1.3562 -7.7115 -1.531
-1.142 -8.009 -2.8545
-0.7159 -8.3756 -4.2899
-0.40645 -8.4732 -5.8347
-0.19221 -9.1611 -6.7512
0.09581 -9.999 -8.7126
0.29814 -11.72 -9.7385
0.59331 -12.872 -11.907
0.9575 -14.3 -13.15
0.58379 -14.45 -12.838
0.29338 -13.679 -11.59
-0.10414 -12.129 -10.355
-0.042252 -10.261 -8.6126
-0.89442 -8.7017 -5.8062
-1.53 -7.89 -3.2425
-1.9727 -7.802 -2.1666
-2.1703 -8.1947 -1.0978
-2.0846 -8.378 -0.60506
-1.9227 -7.9162 -0.069473
-2.0418 -7.1188 0.79222
-2.3512 -5.7382 2.368
-2.763 -4.3742 4.22
-2.8368 -3.1174 6.229
-3.0701 -1.5392 7.8381
-3.3129 -1.8367 9.4687
-3.1843 -2.2605 10.13
-2.9653 -2.189 10.437
-3.1915 -2.1843 9.9186
-3.6271 -2.1486 9.4996
-3.6509 -3.2221 8.6332
-3.5247 -3.2031 9.1687
-3.5152 -1.3488 9.7424
-3.8199 -0.20381 10.092
-3.6866 -0.091934 10.042
-3.3629 -0.77748 9.8138
-3.3224 -1.8986 9.8186
-3.4795 -1.9343 9.6805
-3.539 -1.7701 9.9328
-3.5795 -1.5083 10.383
-3.789 -1.0084 10.223
-3.7247 -0.89174 10.402
-3.6557 -0.85127 10.411
-3.5581 -1.0155 10.238
-3.489 -1.5035 9.9614
-3.2319 -2.1938 9.7043
-3.1962 -3.2007 9.6496
-2.6392 -3.672 8.7593
-2.494 -4.0291 8.2618
-2.3393 -4.3956 7.4525
-2.425 -4.3552 7.2478
-2.2227 -4.8051 6.3742
-2.2703 -5.7453 5.5482
-2.2774 -6.6594 4.7317
-2.2108 -6.9569 3.732
-2.2727 -7.4568 2.8869
-1.9561 -7.5853 2.1824
-1.9489 -7.8377 0.98265
-1.6157 -7.8139 -0.21706
-1.3657 -7.9091 -1.1383
-1.1801 -7.8948 -2.3761
-0.99916 -8.4518 -3.3568
-0.70876 -8.9493 -4.5612
-0.15651 -9.5587 -7.0773
0.27672 -12.115 -9.0697
0.77422 -13.136 -11.202
1.0408 -13.941 -11.441
0.55998 -13.546 -10.829
0.6671 -11.708 -9.3077
0.55522 -9.8538 -7.501
-0.68019 -9.5515 -5.6467
-0.50166 -9.6801 -3.8947
-1.3538 -9.2611 -2.9521
-1.7347 -9.8443 -1.3073
-1.937 -9.4754 -0.30037
-1.8466 -8.2757 0.83269
-1.63 -6.7117 1.761
-1.8109 -6.288 2.7941
-1.7775 -6.5832 2.9798
-1.6918 -5.9667 4.7198
-2.8463 -3.9696 6.6384
-3.8318 -1.8629 9.0759
-3.9056 -0.18239 11.685
-4.4245 0.50078 12.937
-5.1862 -0.3871 13.203
-5.122 -1.2464 11.559
-4.8173 -1.8605 10.214
-4.7744 -1.1607 9.133
-4.3269 -0.86794 8.0405
-3.9246 -0.65608 7.9072
-3.8651 -0.051468 8.4618
-2.7511 -1.1726 9.2235
-3.9413 -0.087173 9.6686
-3.8294 -0.17287 10.288
-3.4152 -1.0179 10.038
-3.082 -2.8222 9.9852
-2.5821 -2.9936 9.3687
-2.4893 -2.3533 9.0307
-2.5107 -2.0676 8.2618
-2.6654 -2.439 9.0212
-2.8416 -3.1959 8.8141
-2.6654 -3.9291 8.1285
-2.2417 -4.4599 7.5049
-2.1822 -5.3335 6.6122
-2.1037 -5.8858 5.2483
-2.0679 -6.4856 3.7177
-2.2227 -6.6522 1.6254
-1.8204 -7.1521 0.35185
-1.2681 -7.6091 -0.41463
-1.3967 -8.6517 -2.0452
-1.3919 -9.8134 -3.3163
-1.2515 -10.611 -4.2684
-1.0611 -11.125 -5.1658
-1.1325 -11.637 -6.556
-1.0515 -12.587 -7.3463
-0.93013 -14.008 -8.9483
-0.4493 -15.486 -9.3339
-0.90157 -12.77 -8.7197
-1.33 -9.1492 -8.6555
-1.2967 -9.5706 -7.5795
-0.86586 -10.794 -6.5917
-1.0111 -10.749 -5.1492
-0.96346 -9.4468 -3.7686
-0.97536 -9.0588 -2.3023
-1.211 -9.3135 -0.77644
-1.3824 -9.1778 -0.036148
-1.4705 -9.2135 0.34233
-1.6323 -9.3968 0.50896
-1.7371 -8.8565 0.79698
-1.9013 -7.4211 1.5397
-2.2846 -6.4904 2.787
-2.5393 -5.6096 4.1914
-2.7821 -3.7315 5.4673
-3.4152 -2.8936 6.3313
-3.8985 -3.1174 7.8762
-3.8294 -1.7392 9.1211
-3.6652 -1.1226 10.016
-4.0889 -0.92744 10.809
-4.5007 -0.31331 11.209
-4.3436 -0.43471 11.387
-4.2984 -1.513 10.968
-4.465 -2.8008 9.8757
-4.4174 -2.4199 9.8186
-4.4007 -1.7487 9.602
-4.2269 -2.0581 9.0759
-3.9175 -2.8151 8.2118
-3.8508 -4.0814 7.7977
-3.7533 -4.4932 7.8476
-3.589 -3.7672 8.3951
-3.8175 -3.0936 8.7855
-3.6319 -3.0769 9.2449
-3.2343 -3.4411 9.314
-2.8939 -3.9838 9.0807
-2.8916 -4.348 9.1354
-3.2605 -3.8529 8.5832
-2.9344 -3.3721 8.3094
-2.8511 -3.2673 7.1764
-2.8106 -4.1719 5.8267
-2.5559 -4.7789 4.6913
-2.4083 -5.0669 3.3464
-1.9846 -5.5739 1.9443
-1.6942 -5.7977 0.58989
-1.6228 -6.0381 -1.1359
-1.6538 -6.1904 -3.0783
-1.5633 -6.8855 -4.6803
-1.1039 -7.7091 -6.3489
-0.67305 -8.7303 -7.77
-0.4731 -9.492 -9.1173
-0.48976 -10.882 -10.788
-0.13985 -11.894 -12.233
0.062485 -12.439 -12.669
-0.15651 -12.177 -12.112
-0.69923 -11.477 -10.895
-0.97774 -10.12 -9.7314
-0.78017 -9.6944 -8.834
-0.77303 -10.404 -8.0461
-0.92537 -10.604 -7.7652
-1.0515 -10.87 -7.0154
-1.3467 -10.885 -5.8633
-1.4681 -9.1302 -4.6231
-1.261 -6.6403 -2.9688
-1.3062 -5.8905 -0.52888
-1.668 -6.2904 1.4563
-2.056 -6.9593 2.0372
-2.3298 -7.6258 3.582
-2.5131 -6.4213 4.7008
-2.9558 -3.991 6.0624
-3.9127 -2.7841 7.6215
-4.465 -2.0034 9.0235
-4.0698 -1.2845 10.878
-4.534 -0.36806 11.102
-4.7982 -0.40138 11.73
-4.5197 -0.68703 11.016
-4.4031 -1.2797 9.8543
-4.4459 -1.5392 9.0235
-4.0127 -1.5987 8.457
-3.2915 -2.0319 8.6474
-3.5033 -1.6011 8.7807
-3.3557 -1.2797 9.3996
-3.5247 -0.51564 10.023
-3.6628 -0.39424 10.221
-3.6509 -0.53468 9.4853
-3.3176 -1.3559 9.0402
-3.1724 -1.7891 8.3523
-3.0249 -1.8844 8.5308
-2.5131 -1.6773 9.2901
-2.6773 -1.7249 9.6091
-2.6226 -2.189 9.3711
-2.4798 -2.9293 9.771
-2.4774 -3.5363 9.1116
-2.056 -3.7101 9.3282
-2.1536 -3.6411 8.5927
-2.4988 -3.7529 7.581
-2.8987 -4.5123 6.0362
-2.8844 -5.1359 4.0605
-2.3584 -5.9119 2.5561
-1.937 -6.4142 0.72795
-1.6918 -7.1093 -0.82167
-1.3753 -7.9472 -2.3689
-0.74684 -8.9874 -3.3853
-0.38264 -9.5515 -4.6898
-0.65401 -10.506 -5.7633
-0.68971 -11.042 -6.6726
-0.16841 -11.037 -7.3582
0.12437 -10.863 -8.834
0.18388 -12.415 -9.9147
0.51476 -12.953 -11.007
0.6909 -13.008 -10.626
0.16722 -12.034 -9.9052
-0.30171 -10.98 -8.2508
-0.88252 -9.5158 -6.6512
-1.0301 -8.8446 -5.1444
-1.0849 -8.6279 -4.1351
-1.1682 -9.2349 -3.3639
-1.023 -9.9205 -2.8021
-1.0206 -9.4635 -2.0999
-1.4014 -8.7351 -1.4382
-1.7228 -8.0638 -0.80501
-1.9132 -7.6925 0.58989
-2.1132 -6.4809 2.011
-2.3203 -5.3668 3.0964
-2.6488 -5.4121 4.1105
-2.7773 -4.8313 5.5411
-3.0653 -3.5792 6.7979
-3.5414 -3.4649 8.0047
-3.7937 -2.458 9.5853
-3.8128 -2.0034 10.852
-4.1532 -1.375 11.392
-4.5031 -1.1488 11.294
-4.2222 -1.5606 10.861
-4.077 -2.9317 8.6213
-4.0389 -2.9293 8.1857
-3.7604 -2.2843 8.2261
-3.5604 -1.025 8.4689
-3.4248 -0.33235 8.7784
-3.401 -0.87508 9.0735
-3.3057 -1.5749 9.3711
-3.2748 -1.7011 9.6401
-3.301 -1.563 9.6282
-3.4676 -1.156 9.7424
-3.5033 -0.77748 9.6996
-3.5604 -0.43471 9.8233
-3.7342 -0.38472 9.6829
-3.7818 -0.51802 9.6781
-3.9603 -0.32997 10.159
-3.8723 -0.21571 10.609
-3.6033 -0.58943 10.199
-3.4605 -1.2869 10.019
-3.2629 -2.2343 9.5877
-2.9963 -2.8532 9.3068
-2.9011 -3.3054 8.707
-2.9487 -4.1767 8.5641
-2.9653 -4.6337 8.4285
-2.6607 -4.9836 8.0047
-2.6749 -5.2883 8.0857
-2.7416 -5.4359 8.0952
-2.5797 -5.1312 7.4073
-2.7059 -5.1359 6.498
-2.6868 -5.3978 5.3982
-2.4702 -5.8096 4.6127
-2.1751 -6.3904 3.8343
