-2.7963 -4.0719 8.8593
-2.6535 -3.8958 8.1
-2.4464 -3.8672 7.8976
-2.5178 -3.7982 7.2287
-2.5131 -4.2885 6.586
-2.5512 -4.4361 5.2411
-2.5393 -4.7694 4.1414
-2.7059 -5.5835 2.6489
-2.6583 -6.0191 1.1112
-2.2084 -6.269 -0.40987
-1.6228 -6.2976 -1.9904
-0.90633 -6.5356 -3.7995
-0.58974 -6.7165 -5.5253
-0.68257 -7.2949 -6.9511
-0.61354 -8.0519 -8.3936
-0.5826 -8.7589 -9.3696
-0.41359 -9.6705 -10.124
-0.30409 -10.27 -11.281
-0.063675 -11.299 -12.083
0.055344 -11.746 -13.097
0.026779 -12.082 -13.207
-0.43739 -12.513 -12.871
-0.62544 -12.453 -11.643
-1.0206 -10.516 -10.972
-1.2277 -9.7515 -9.4196
-1.6204 -9.1897 -7.789
-2.1132 -8.109 -6.1394
-2.2417 -7.4949 -4.7326
-1.9275 -7.4854 -3.7495
-1.3967 -8.0924 -2.8974
-1.4371 -8.8303 -1.4501
-1.8609 -7.5139 -0.54555
-1.9846 -5.5692 1.1231
-2.3298 -4.7813 2.6918
-2.5345 -4.3837 4.02
-2.6083 -4.1005 5.7553
-3.2938 -3.0055 7.5453
-3.9056 -1.3059 9.4234
-4.0246 -0.78224 11.249
-4.4102 -0.06337 12.094
-4.6411 -0.40614 12.608
-3.8175 -1.3892 12.135
-4.3698 -1.6416 11.413
-4.365 -2.1176 10.178
-3.8247 -2.3152 9.1211
-3.7318 -2.1152 8.5737
-3.4462 -1.8272 8.3761
-3.3129 -1.6035 8.3951
-3.1248 -2.5747 8.4808
-3.1034 -3.4506 8.4308
-3.0225 -2.9341 8.5903
-3.1962 -2.1462 8.8117
-3.2653 -2.1676 9.1069
-2.9558 -2.3557 9.5425
-2.6511 -1.9486 9.8805
-2.494 -1.882 9.8876
-2.4726 -1.6773 9.8114
-2.8225 -1.9105 8.6546
-2.8487 -2.6485 8.5641
-2.7178 -2.5842 7.9548
-2.5226 -2.7389 7.2978
-2.8416 -3.3792 6.0552
-2.9201 -3.5839 4.577
-2.3488 -4.0957 3.2868
-1.8371 -4.5194 1.3183
-1.6871 -5.055 -0.45509
-1.48 -5.681 -2.7474
-0.81111 -6.6499 -4.7897
-0.16841 -7.8924 -6.7393
0.083908 -8.8136 -8.3389
0.23387 -9.4254 -9.5291
0.33147 -10.113 -11.255
0.32433 -12.268 -12.307
0.55998 -13.37 -14.226
1.1432 -14.762 -14.43
0.69566 -14.541 -13.383
-0.14699 -12.827 -11.957
-0.67543 -10.601 -10.369
-0.92061 -8.7612 -7.9913
-1.1991 -7.6758 -6.6179
-0.93489 -8.2518 -5.4301
-0.81349 -9.4611 -4.1304
-0.97774 -9.7967 -2.964
-1.3895 -9.5444 -1.9762
-1.6942 -9.0897 -0.855
-2.1322 -7.6091 0.28758
-2.3964 -5.9262 2.0562
-2.9487 -4.298 3.5439
-3.5224 -4.2885 4.8912
-3.5247 -3.8934 5.622
-3.47 -3.9267 6.3932
-3.4914 -4.4004 7.4525
-3.758 -4.0814 8.4189
-3.7794 -3.015 9.8591
-3.9699 -2.1248 11.304
-4.3198 -1.3131 11.44
-4.4793 -1.0465 11.154
-4.1008 -1.1441 9.4282
-3.808 -3.0864 8.1428
-3.6414 -3.9362 7.4596
-3.2177 -3.1079 8.1071
-2.8916 -1.7201 8.4808
-2.6987 -1.6249 9.1116
-2.5892 -2.2605 9.402
-2.6916 -2.8127 9.7496
-2.8225 -2.5461 10.085
-3.3319 -1.7177 10.238
-3.5985 -1.1179 10.487
-3.6104 -0.89412 9.9924
-3.2605 -1.4821 10.049
-3.0225 -2.051 9.2521
-2.7083 -2.6413 8.8284
-2.7083 -2.6842 7.3763
-2.4131 -3.2816 6.8288
-2.3203 -4.0195 5.4887
-2.5274 -5.0764 4.2557
-2.3155 -5.931 2.7894
-1.7609 -6.1857 1.7491
-1.5824 -6.269 -0.18373
-1.5466 -6.807 -1.462
-1.1444 -6.9307 -3.0426
-0.69923 -7.6734 -4.6945
-0.71352 -8.7755 -6.1585
-0.54213 -9.8157 -7.3558
-0.13747 -10.166 -9.5314
0.11485 -12.118 -10.31
0.17674 -12.565 -10.769
-0.0089264 -11.689 -11.681
-0.17079 -12.096 -11.136
-0.5826 -11.882 -10.353
-0.57069 -11.301 -9.798
-0.46358 -10.537 -9.5124
-0.64687 -10.189 -9.1149
-0.873 -10.592 -7.6486
-1.4014 -10.244 -6.2275
-1.4895 -8.9231 -4.5089
-1.0682 -7.6353 -3.164
-0.4969 -7.3997 -2.0119
-1.0301 -7.3759 -0.52888
-1.6228 -7.1307 0.49229
-2.1989 -5.7882 2.2181
-2.8582 -4.5266 3.9367
-2.8344 -3.5459 6.0005
-3.3057 -3.2697 7.8143
-4.0151 -3.503 8.9259
-3.808 -2.8722 10.502
-4.4269 -1.5011 11.497
-5.1743 -1.3369 12.489
-5.1101 -1.9296 11.804
-4.5245 -2.6627 10.78
-4.8958 -2.1486 9.652
-4.4626 -1.4583 8.745
-4.0627 -1.7915 8.0738
-3.8389 -1.9177 8.0952
-3.758 -1.6297 8.5379
-3.8651 -0.93697 9.2116
-3.9437 -0.45137 9.7638
-3.4462 -0.056229 10.314
-3.2177 -0.31569 10.945
-3.4605 -1.3273 10.173
-3.1653 -1.9272 9.3306
-3.1034 -1.1798 9.4972
-3.2819 -0.71797 9.702
-3.1272 -0.95363 9.1235
-2.7678 -1.8558 9.1283
-2.6654 -2.3723 8.4999
-2.6178 -3.1531 8.7855
-2.644 -3.384 7.6072
-2.5559 -3.5101 7.393
-2.7154 -3.5839 6.298
-2.7225 -4.9574 5.9291
-2.4202 -5.3359 5.6363
-2.7011 -5.4811 5.065
-2.6202 -5.7453 4.3794
-2.425 -5.6929 3.094
-1.9418 -6.1381 1.6706
-1.6252 -6.9307 0.011459
-1.311 -7.7543 -1.8524
-0.78969 -8.5018 -3.5067
-0.54451 -8.9136 -4.735
-0.14461 -9.2254 -6.0871
0.055344 -9.7967 -7.1011
0.38622 -10.304 -8.765
0.58141 -12.375 -11.524
1.1527 -14.745 -12.474
1.267 -15.35 -12.562
0.75993 -14.407 -11.848
0.20293 -12.855 -10.615
-0.51357 -10.806 -8.7554
-0.93727 -9.0921 -6.9392
-1.0611 -8.3828 -5.2753
-0.86348 -8.4494 -4.0137
-1.1801 -8.8517 -2.7283
-1.0039 -9.4587 -1.6024
-1.2919 -9.6801 -0.5265
-1.7418 -8.7589 0.71129
-2.3584 -6.7546 1.6301
-2.7345 -4.6265 3.1416
-3.0701 -4.3147 4.5342
-3.2486 -4.3861 5.741
-3.3795 -3.7458 6.9978
-3.5343 -3.7529 7.7001
-3.6723 -4.3599 8.5165
-3.4533 -3.672 9.383
-3.589 -2.8722 10.29
-3.9627 -1.7868 10.511
-4.2008 -0.98933 10.652
-4.2603 -0.7394 9.7781
-4.127 -1.7296 8.9069
-3.9199 -2.6223 8.3428
-3.6414 -2.3319 8.1214
-3.3319 -1.3035 8.338
-3.1486 -0.88222 9.0164
-2.813 -1.1036 9.4234
-2.4464 -1.7701 9.6496
-2.3941 -2.0081 9.8519
-2.3845 -1.6987 9.9447
-2.4678 -1.5678 10.166
-2.8439 -1.0584 10.299
-3.2629 -0.5442 10.328
-3.4866 -0.4109 9.6615
-3.3819 -1.3012 9.0235
-3.1605 -2.2081 8.7236
-3.032 -2.7318 8.7236
-3.032 -2.7818 9.5734
-2.9558 -2.1057 10.111
-2.913 -1.7915 10.223
-3.0011 -1.6511 10.395
-3.1724 -1.9367 9.3996
-3.1891 -2.2271 8.2904
-3.0867 -2.8579 6.9717
-2.6083 -3.5101 6.6503
-2.4345 -4.0267 5.2887
-2.5892 -5.4097 3.8629
-2.1774 -6.3095 2.6799
-1.5133 -6.8998 1.1564
-1.1824 -7.3616 -0.29561
-1.2777 -7.8115 -1.5548
-1.3396 -7.9567 -3.133
-1.0158 -8.0233 -4.5779
-0.63972 -8.1923 -5.9442
-0.36836 -8.7517 -7.2344
-0.14937 -9.8991 -7.9366
-0.14699 -10.77 -8.6364
-0.073196 -11.211 -10.741
0.23149 -12.77 -11.148
-0.12794 -13.06 -10.65
-0.71114 -12.199 -9.8004
-0.83015 -11.637 -9.5767
-0.43025 -11.658 -8.5222
-0.69209 -11.058 -7.5415
-1.0825 -10.647 -7.2106
-1.0206 -10.539 -6.2275
-1.2372 -9.3611 -5.4396
-1.4038 -8.2447 -3.8519
-1.2015 -7.6306 -2.1404
-1.2634 -7.0878 -0.50032
-1.968 -6.3666 1.6587
-2.6392 -5.155 3.1535
-2.4821 -4.5337 5.1578
-2.625 -4.3219 6.5265
-3.3819 -4.5218 7.4001
-3.7509 -4.1219 8.3761
-3.7604 -3.3388 9.602
-4.2246 -2.1295 10.552
-4.5888 -2.5866 10.968
-4.6245 -2.5675 10.747
-4.4888 -2.7865 10.449
-5.1053 -2.5937 9.602
-4.2674 -2.4937 9.3497
-4.2365 -1.9486 9.2235
-4.1413 -0.97743 8.8426
-4.0984 -0.63942 8.6617
-3.8508 -0.71083 8.6665
-3.8294 -0.56325 9.1045
-3.9889 -0.33473 9.3949
-4.008 -0.34187 8.9617
-3.6366 -1.4487 9.0354
-3.9651 -1.194 9.1426
-3.908 -0.70607 9.3877
-3.3724 -0.17287 9.821
-3.1772 -0.060989 9.5068
-2.9701 -0.68465 9.2711
-2.7654 -1.0679 8.9974
-2.4536 -1.125 9.3116
-2.4488 -1.0298 9.84
-2.5726 -1.4868 9.9543
-2.8178 -1.5678 10.352
-3.0748 -0.72749 10.142
-3.1582 -0.44899 9.8829
-3.4248 -0.1443 9.3544
-3.9841 -0.070511 8.7331
-3.9699 -0.54897 8.0643
-3.8699 -1.4892 7.5072
-3.4414 -2.7603 7.4596
-3.0296 -2.996 8.4332
-2.6702 -2.7341 9.4853
-2.6749 -1.6749 9.2211
-2.9058 -1.8248 9.9424
-3.3891 -1.8844 8.0476
-3.2272 -2.7246 7.4216
-2.9487 -2.9293 6.2671
-2.5964 -3.4292 5.9505
-2.6178 -4.0338 4.3128
-2.5773 -5.7525 3.2392
-1.8894 -7.4639 2.8489
-1.3229 -7.8638 1.8562
-0.90633 -7.9115 1.3587
-0.70638 -7.1997 -0.35274
-0.28267 -6.8546 -2.5094
-0.18507 -7.9424 -4.7445
-0.23268 -9.4325 -6.8345
0.026779 -11.244 -8.4746
0.36241 -12.298 -9.8195
0.24101 -13.179 -10.431
0.010117 -13.205 -11.674
0.31242 -13.553 -12.176
0.26482 -13.401 -13.2
0.36955 -12.765 -12.997
0.47429 -12.46 -11.707
0.47667 -11.408 -10.217
-0.56355 -10.063 -8.1532
-1.2491 -8.4447 -6.2965
-1.2943 -7.652 -4.8612
-0.79207 -8.0281 -3.7114
-0.22554 -8.8231 -2.9354
-1.2205 -9.4277 -2.595
-1.2491 -8.6446 -2.5736
-0.95631 -6.6499 -1.0097
-1.5895 -4.7218 1.0969
-2.5393 -3.9362 2.7417
-3.151 -3.6339 4.6318
-3.5009 -3.6196 5.4744
-3.1225 -3.6196 6.9812
-3.1891 -3.522 7.5311
-3.5271 -3.9434 7.9119
-3.6461 -2.8817 8.7498
-3.6723 -1.7392 10.157
-4.2436 -0.66084 10.671
-4.4888 -0.36568 11.499
-4.0365 -1.0203 10.416
-3.8913 -1.3892 9.4282
-3.977 -1.4249 8.6546
-4.1365 -1.4035 8.4808
-3.8985 -0.90126 8.6213
-3.439 -0.19667 9.2045
-2.8225 -0.13478 9.2378
-2.4131 -0.43709 9.4211
-2.0203 -1.1964 9.6639
-1.8156 -2.3676 10.418
-2.3155 -2.7318 10.664
