-3.0272 -0.018143 8.8284
-2.4893 0.079453 7.5287
-2.2584 -0.68465 5.3816
-2.5202 -2.5342 4.5627
-2.2298 -3.4744 2.856
-1.4538 -4.517 0.79698
-0.79207 -5.2193 -2.0428
-0.58498 -6.3928 -4.6945
0.00059509 -7.8781 -6.1727
0.11009 -9.5587 -7.5819
-0.016068 -10.785 -8.3365
0.19817 -10.739 -8.246
0.088669 -10.544 -8.9649
-0.037491 -11.868 -10.058
0.024399 -13.572 -11.931
0.46953 -13.781 -12.031
0.11961 -12.815 -10.624
-0.33028 -11.37 -9.4862
-0.44691 -10.542 -7.6033
-0.80873 -9.6872 -5.8514
-0.91823 -9.223 -5.2325
-0.58022 -9.7967 -4.8921
-0.11842 -10.77 -3.9685
-0.23268 -11.399 -3.2449
-0.58974 -11.389 -2.864
-0.55641 -10.313 -2.2951
-0.81587 -8.1733 -1.3501
-1.4776 -6.7974 0.66606
-1.9156 -5.9857 2.5823
-2.1156 -5.3264 3.9653
-2.1489 -6.0619 5.6291
-2.0822 -6.0571 6.3028
-2.4417 -5.3978 6.7979
-3.1439 -4.5456 7.9119
-3.4105 -2.658 8.9807
-3.3438 -1.3369 9.8067
-3.5628 -1.0369 9.8638
-3.9223 -0.81557 9.621
-3.7628 -1.582 9.2973
-3.5819 -2.5199 9.1211
-3.6057 -2.1057 9.233
-3.3176 -1.194 9.4853
-3.2129 -0.87032 9.8757
-2.7368 -2.3533 9.7519
-3.1248 -1.6987 9.383
-3.4129 -0.97267 10.34
-3.5842 -0.32521 10.69
-3.32 -0.85127 10.314
-2.8892 -2.0843 9.2901
-2.7725 -2.1986 8.0262
-2.7868 -3.3911 6.9502
-2.594 -3.7791 6.7146
-2.2512 -3.6387 7.3049
-1.9799 -3.8006 9.1497
-2.3274 -3.9957 10.661
-2.7106 -4.2409 11.033
-2.913 -3.534 9.9686
-2.5678 -2.7841 10.038
-2.3036 -1.6844 9.7781
-2.2465 -2.0795 8.4784
-2.2417 -3.6149 6.7146
-1.9013 -4.2647 5.1078
-1.649 -4.767 3.6225
-1.6704 -4.9408 2.0967
-1.6252 -5.2502 1.0398
-1.5324 -5.4716 -1.1216
-1.4395 -6.419 -2.4736
-1.3348 -6.5237 -4.3684
-1.211 -7.4282 -6.1632
-1.0111 -8.8208 -7.7462
-0.91585 -10.33 -8.7031
-0.78731 -11.237 -9.022
-0.78017 -11.434 -9.4362
-1.2324 -11.544 -10.172
-1.4419 -12.029 -10.705
-1.3062 -11.696 -10.905
-1.3895 -11.382 -10.857
-1.6561 -11.489 -10.776
-1.818 -11.782 -9.8123
-1.9704 -10.915 -9.7647
-2.1941 -10.218 -9.9361
-1.9489 -10.635 -8.6079
-1.699 -9.9348 -8.0366
-1.5276 -8.9231 -7.2034
-1.2396 -7.433 -6.018
-1.4586 -6.5713 -3.8685
-1.6633 -6.6332 -2.2618
-1.8799 -7.0426 -0.47176
-2.0656 -6.7213 0.72557
-2.375 -5.8953 1.4206
-2.9177 -5.393 2.7132
-2.7987 -4.7503 4.3628
-2.5845 -3.4126 6.1457
-3.0225 -2.001 7.8691
-3.7794 -2.0034 9.452
-3.3795 -1.2655 10.602
-3.6366 -0.82985 11.959
-4.0127 -0.58229 12.582
-3.8913 -1.1107 11.997
-4.4793 -1.4368 11.573
-3.52 -1.1131 10.666
-3.2915 -1.5368 9.7067
-3.2319 -1.6487 8.9498
-3.2367 -0.7513 8.964
-3.2439 -0.018143 9.3544
-3.3986 -1.0703 9.5187
-3.4081 -1.5368 9.2687
-3.47 -1.6511 9.0497
-3.5343 -1.4226 8.4546
-3.7175 -0.99886 8.6617
-3.758 -0.50374 8.8902
-3.4628 -0.31569 9.0878
-3.3772 0.29369 9.1902
-3.0272 0.95543 9.6377
-2.9653 1.3791 10.364
-3.0177 0.73167 11.144
-3.3557 0.89592 11.385
-3.4271 1.4386 11.147
-3.1843 1.0578 10.183
-3.2081 -0.42995 9.2544
-3.0368 -1.0203 8.7022
-2.9677 -0.73463 7.4263
-2.7083 -1.3773 6.7146
-2.8797 -1.9986 4.6722
-2.763 -3.5459 3.1655
-2.2727 -5.1288 1.7944
-1.6133 -6.338 0.69463
-1.0944 -7.3854 -0.009964
-0.93251 -8.0519 -1.1264
-0.82539 -8.8898 -1.6881
-0.69209 -8.935 -2.8855
-0.23506 -9.4849 -4.0161
0.043442 -10.025 -4.6993
-0.17317 -10.561 -5.63
-0.31123 -11.065 -6.3227
-0.34694 -11.563 -7.7866
-0.29219 -12.867 -9.8147
0.09819 -15.081 -9.8338
0.46477 -16.39 -9.5981
0.41478 -16.238 -9.2791
-0.025589 -14.724 -8.0604
-0.71828 -11.572 -6.9416
-1.0396 -9.98 -5.1849
-1.3181 -9.1207 -4.0042
-1.3919 -8.747 -2.3237
-1.161 -8.9826 -1.0764
-1.0849 -8.747 0.47801
-1.3467 -7.8615 1.1659
-1.5395 -6.5546 2.1443
-2.1132 -4.7908 3.0202
-2.4845 -2.6246 4.6794
-2.8797 0.00090027 6.498
-3.539 0.55553 8.5451
-3.7128 1.8266 10.378
-3.8342 2.248 11.228
-3.7437 1.7624 12.461
-4.0175 1.2077 12.685
-4.2936 0.97923 12.12
-4.1151 1.541 11.313
-3.7842 1.5386 10.416
-3.5604 0.95067 9.4734
-3.2058 0.14372 9.2283
-2.5131 -0.6656 9.3092
-1.6419 -1.325 9.2092
-1.5728 -1.7534 9.383
-2.3036 -0.80367 9.9447
-3.0296 0.017563 10.787
-2.9606 -0.47755 10.433
-3.0106 -0.44423 9.8781
-3.2058 0.40556 9.7757
-2.982 0.60551 10.535
-2.9892 1.3387 9.9947
-2.8535 1.1363 9.7067
-2.6488 0.70787 10.333
-2.3465 -0.22285 10.49
-2.1394 -0.66322 9.7472
-1.8323 -1.8367 9.7472
-1.7323 -2.577 8.7498
-1.3776 -2.5651 8.5808
-1.5133 -2.1462 7.1502
-1.4562 -2.4152 6.9193
-1.4729 -2.2676 5.1364
-1.4491 -3.3126 3.7082
-1.2896 -5.2621 2.18
-1.0491 -7.1378 0.91362
-0.99916 -7.9424 -0.6122
-0.95631 -8.6422 -1.1954
-1.0349 -8.2685 -1.9571
-1.2086 -8.1114 -3.014
-1.0872 -8.3375 -4.1637
-0.91347 -8.6756 -5.5681
-0.82301 -9.7562 -6.3489
-0.83015 -10.677 -7.3058
-0.81111 -11.668 -7.5343
-1.0468 -11.658 -7.8057
-1.3657 -11.32 -8.6936
-1.2705 -11.982 -8.6698
-1.1229 -12.089 -8.3746
-0.93489 -12.051 -7.8461
-0.99202 -12.375 -7.0701
-1.1206 -12.272 -7.082
-1.0491 -11.684 -7.4343
-0.67781 -11.482 -6.9535
-0.45406 -11.513 -5.9038
-0.98012 -10.458 -5.2135
-0.94917 -9.5515 -3.3068
-0.85872 -8.7636 -1.6643
-1.1944 -7.4497 -0.0028229
-1.5562 -6.9284 1.5087
-1.7561 -6.8879 2.7179
-1.8466 -6.2238 3.8201
-2.1655 -5.2692 5.2459
-2.4607 -4.1719 6.1219
-2.6107 -3.2531 7.4787
-3.1082 -3.215 8.557
-3.3629 -2.5604 9.6734
-3.2867 -1.5606 10.533
-3.877 -1.0488 11.094
-3.8627 -0.45137 11.799
-4.6078 -0.099075 11.635
-3.8627 0.78404 10.647
-3.9794 0.91258 9.9471
-3.9127 0.67693 9.3425
-3.6795 0.70549 8.6879
-3.42 0.765 8.9569
-2.8368 0.038986 9.3949
-2.6678 -0.76558 9.064
-2.5512 -0.35139 8.8617
-2.3631 0.78404 9.114
-2.6583 0.50316 9.5329
-2.5726 0.26512 9.3616
-2.5321 1.1102 8.9379
-2.5559 0.80785 7.9905
-2.0965 -0.091934 7.1907
-1.987 -0.60847 7.3716
-2.2489 -0.89888 8.1333
-2.3512 -0.3752 9.2211
-2.3536 0.88878 10.557
-2.4274 1.4958 11.387
-2.4274 2.2337 11.778
-2.3345 2.8692 12.001
-2.237 2.5955 11.254
-2.1703 1.541 10.523
-1.8704 0.74358 10.057
-1.768 -0.60847 9.2473
-1.9299 -2.0415 8.5189
-1.5895 -3.184 8.3332
-1.5062 -2.5271 8.0119
-1.7704 -1.6701 8.1499
-1.9013 -1.8391 7.1169
-2.0322 -2.9151 5.2292
-2.0775 -3.3792 3.5749
-1.8942 -3.5578 1.6801
-1.6419 -4.6123 0.25664
-1.6538 -6.1119 -1.6215
-1.718 -7.8829 -2.9521
-1.6395 -8.9779 -4.3589
-1.242 -10.018 -5.5205
-0.74446 -10.692 -6.7536
-0.51118 -11.237 -7.7152
-0.41835 -11.715 -8.8292
-0.37312 -12.736 -10.605
-0.36836 -14.719 -11.7
-0.12318 -16.631 -11.957
0.47191 -17.185 -11.212
0.60759 -15.848 -9.1149
0.2791 -13.37 -7.0606
-0.40169 -11.482 -5.1897
-1.0539 -10.142 -3.7376
-1.5371 -10.068 -2.7831
-1.092 -10.487 -3.1616
-0.69209 -11.468 -2.0095
-0.60878 -11.073 -3.202
-0.99678 -10.52 -2.4522
-1.2515 -8.4328 -1.4906
-1.4967 -6.0476 0.70891
-2.1132 -4.9074 3.3035
-2.4012 -4.3171 4.9388
-2.6488 -4.8884 5.6863
-2.7392 -5.2692 5.8696
-2.5678 -5.1978 6.3599
-2.913 -4.31 6.0243
-2.7606 -3.5768 6.6598
-2.7154 -2.5818 7.1835
-3.0153 -1.9677 7.3382
-2.8059 -1.244 8.1166
-3.0487 -0.78938 9.283
-3.2153 -1.0417 10.085
-3.1653 -0.92268 10.825
-3.3176 -0.099075 11.851
-3.4747 -0.06813 11.509
-2.9058 -0.33711 10.135
-3.2867 -0.50612 9.1806
-2.6702 -0.98695 7.8952
-2.7154 -2.1057 7.4477
-2.5131 -1.9581 7.7405
-2.6345 -0.6299 8.5641
-2.6797 0.081833 9.5115
-2.6464 0.32939 9.8995
-2.7249 0.66502 9.9376
-2.6345 0.54362 9.9209
-2.7606 0.48888 9.7995
-2.8535 0.27226 9.621
-3.0558 0.44127 9.4211
-3.101 0.83879 9.6377
-3.1748 0.98637 9.6686
-3.2677 1.66 9.4544
-3.2248 2.5955 9.7305
-2.8178 2.8074 10.54
-2.3941 1.591 10.309
-2.2893 1.0007 10.411
-2.3941 0.95543 9.8257
-2.2655 0.86974 9.3996
-2.5131 0.67931 9.6091
-2.5464 1.2625 9.483
-2.3417 0.765 9.2687
-2.7154 0.49602 9.2449
-3.0677 2.4503 9.8924
-3.0225 3.769 10.266
-3.201 2.9573 10.047
-3.6509 2.6883 10.049
-3.6676 3.3191 10.314
-3.5152 3.1692 9.5329
-3.2558 1.6814 8.8522
-3.1248 0.58409 9.3639
-3.0891 0.058029 9.9471
-2.7249 -0.018143 10.254
-2.3941 -0.23 9.5567
-2.2227 -0.92268 9.552
-1.9346 -1.5487 8.5332
-1.3419 -2.0772 8.7165
-1.9204 -1.9915 8.3785
-1.8894 -2.2985 7.7048
-1.768 -3.1864 6.8431
-1.7561 -3.9529 5.9719
-1.7299 -4.1076 4.2818
-1.2991 -4.7218 2.9845
-0.87538 -5.6549 1.8301
-0.87538 -6.776 0.4185
-0.88966 -7.4497 -0.3694
-0.75398 -7.2949 -1.5858
-0.77303 -7.8067 -2.7593
-0.72542 -8.8922 -4.5827
-0.29457 -10.006 -6.268
-0.09938 -11.277 -9.3196
0.3029 -13.681 -10.95
0.58379 -15.167 -11.5
0.60997 -15.507 -10.369
0.072006 -15.233 -8.5055
-0.49452 -13.912 -6.775
-0.48024 -12.522 -5.7895
