-3.689 -1.2583 8.1595
-3.6842 -3.703 7.0002
-3.7628 -5.3906 5.7791
-3.013 -6.0048 7.193
-3.0034 -3.6625 7.5215
-3.1915 -4.2266 7.7834
-3.8175 -4.9336 7.1645
-3.4962 -5.2407 7.1335
-3.0891 -5.0693 6.9883
-3.3629 -5.0003 6.7408
-3.7913 -5.0645 6.3171
-3.2034 -5.543 5.8148
-2.794 -5.9334 5.1126
-2.6297 -5.6287 4.2461
-2.7083 -5.543 3.1274
-2.4774 -5.0836 1.6396
-2.2489 -4.4361 -0.18373
-1.9561 -3.5578 -2.4189
-2.1156 -3.4435 -4.5112
-1.9846 -3.2721 -6.437
-1.0825 -4.1505 -8.7888
-1.7276 -5.2169 -11.141
-0.67543 -6.557 -12.65
0.21245 -7.4449 -14.021
0.17198 -8.5708 -14.911
0.32671 -9.1897 -14.994
0.17436 -9.0564 -14.449
-0.063675 -8.1947 -13.947
-0.46834 -7.2497 -13.147
-1.1301 -7.4616 -11.531
-1.9751 -7.2069 -10.698
-2.1013 -7.314 -10.5
-1.7347 -8.1995 -10.51
-1.3895 -8.6803 -10.691
-1.2324 -8.9493 -10.786
-1.3943 -9.423 -9.9123
-1.3372 -8.4542 -9.0482
-0.89919 -6.7879 -7.7843
-1.0706 -5.8762 -6.4251
-1.3443 -6.069 -4.6422
-1.4491 -6.1357 -3.6043
-1.5395 -6.7451 -1.7857
-2.0941 -7.1521 -0.34798
-2.6916 -7.2711 0.61607
-2.7963 -7.7853 2.1038
-2.9249 -6.9188 3.194
-3.1225 -6.1547 4.608
-3.2319 -5.8143 5.1864
-3.4486 -6.3618 6.198
-3.8175 -5.3478 6.9479
-4.0389 -4.6551 8.2404
-3.9722 -3.8172 8.8117
-4.2865 -3.3221 8.7522
-4.5792 -3.4625 8.4903
-4.6935 -4.4409 8.0762
-4.2865 -5.0931 7.8857
-3.6628 -4.6718 7.0859
-3.032 -5.3597 8.0024
-3.22 -4.3266 8.457
-4.146 -2.6865 9.3639
-4.3745 -2.6508 9.4496
-3.808 -2.827 9.064
-3.0629 -3.3768 9.6282
-3.6604 -3.8696 8.2166
-3.7104 -4.3195 6.7955
-3.439 -4.6123 5.6791
-3.2153 -5.2169 4.5508
-3.0487 -5.6073 4.1485
-2.9487 -5.4406 3.5011
-2.2608 -5.2169 2.6632
-2.2798 -5.9119 0.57799
-2.2655 -6.8593 -0.93593
-2.0822 -6.657 -2.2761
-1.937 -6.0262 -3.8923
-1.0277 -5.343 -6.0632
-0.71352 -5.9238 -7.8985
-0.62544 -6.5404 -9.1244
-0.8968 -6.4475 -10.015
-0.84206 -5.9953 -11.295
-0.77303 -5.9976 -12.314
-0.65877 -6.3356 -12.697
-0.67305 -6.3714 -12.371
-0.80397 -5.7429 -12.583
-1.073 -6.1309 -11.79
-1.3895 -6.2 -11.381
-1.6657 -6.945 -12.128
-1.3943 -8.0662 -12.321
-1.3657 -8.4827 -12.433
-1.2967 -9.1778 -12.124
-1.3158 -9.9729 -12.564
-1.8799 -10.851 -10.869
-2.2822 -8.8517 -10.193
-1.4157 -6.9093 -8.6269
-1.042 -6.1714 -6.8369
-1.3491 -6.507 -5.8871
-1.3396 -7.2164 -5.3872
-1.2705 -7.6877 -4.535
-1.5609 -7.5877 -2.6903
-1.7537 -6.6903 -1.1216
-1.8609 -5.3073 1.3921
-2.794 -3.8101 3.5749
-3.2843 -2.9936 5.5934
-4.1484 -2.6865 7.5953
-4.603 -2.27 9.8472
-4.7054 -1.6344 11.592
-5.1362 -1.1964 11.747
-5.26 -2.1629 11.171
-4.5911 -3.8291 9.9566
-3.4438 -3.9148 9.0069
-3.1248 -2.6651 9.2116
-3.8508 -2.7675 9.2235
-3.4771 -4.0267 8.2761
-2.7178 -4.9027 8.2809
-3.1534 -4.9431 8.6689
-3.2724 -4.617 8.9283
-3.4271 -3.5792 10.069
-3.3533 -1.7177 9.6282
-2.9392 -0.76558 9.3782
-3.0106 -0.8846 8.7236
-3.1391 -2.677 8.0024
-2.3726 -3.7839 8.4713
-2.0203 -4.0719 7.5715
-3.0653 -4.1124 7.1002
-3.22 -2.2605 6.9645
-3.52 -0.89174 5.5863
-3.9913 -0.27998 3.8082
-3.132 -0.4847 1.4563
-2.3465 -1.2678 -1.8571
-1.1063 -3.0317 -4.9111
-1.1944 -4.0981 -7.7438
0.15056 -5.1359 -10.029
-0.097 -5.981 -11.686
1.1717 -6.557 -13.104
1.2789 -7.7353 -14.118
1.5597 -8.9493 -14.633
1.455 -10.418 -15.989
1.9025 -13.263 -16.049
1.2122 -13.462 -15.47
0.42192 -11.841 -14.023
-0.57307 -9.8705 -12.119
-1.2491 -8.4899 -11.314
-1.3086 -8.9564 -10.872
-1.0753 -9.0897 -10.505
-1.111 -9.2706 -8.8864
-1.28 -9.4325 -7.2177
-1.4133 -9.004 -5.78
-1.2562 -8.2019 -4.7469
-1.242 -7.2878 -3.4329
-1.8109 -6.1976 -1.7286
-2.6035 -5.4501 -0.040909
-3.2605 -5.3526 1.1993
-3.2962 -5.643 2.2633
-3.1153 -5.1693 4.3247
-3.401 -5.0193 6.0362
-3.1248 -4.5385 7.1573
-3.4795 -4.6956 7.7596
-3.6937 -5.7215 8.3261
-3.7652 -5.9762 8.9331
-4.2984 -5.0288 9.2187
-4.5697 -3.4007 9.3782
-4.5816 -2.1343 9.1211
-4.6411 -1.6344 8.9236
-4.2269 -1.1488 8.1285
-3.6009 -0.77272 7.5144
-2.5821 -1.8844 7.1883
-1.9727 -2.8579 8.0619
-2.2155 -1.563 9.3211
-2.6035 -0.51564 11.706
-2.863 -0.013382 11.18
-2.8059 -0.18953 10.528
-2.4107 -0.66322 10.133
-2.4464 -1.3702 8.4784
-2.8773 -3.0388 7.1907
-2.1298 -3.7291 6.8669
-1.6014 -3.2697 7.2525
-2.3393 -2.4985 6.3147
-2.7083 -1.5416 5.9838
-3.32 -0.80843 2.4823
-2.8392 -1.9177 -0.18373
-2.1774 -3.5554 -2.8664
-1.5895 -4.817 -4.2066
-1.2991 -4.5932 -6.0466
-0.97536 -4.3195 -8.4817
-0.24934 -5.3859 -11.117
-0.41597 -7.0807 -13.04
0.15056 -8.109 -14.521
0.68376 -10.311 -15.975
1.3574 -12.072 -17.015
1.6573 -14.01 -16.892
0.72185 -13.424 -16.268
-0.31361 -11.903 -14.202
-0.84206 -9.3992 -13.014
-0.85396 -9.1112 -12.221
-1.6847 -9.4087 -11.538
-1.849 -9.3397 -10.324
-1.6204 -8.9541 -8.853
-1.3586 -8.528 -8.4103
-1.3848 -8.7589 -6.4941
-1.6776 -7.6496 -5.3015
-1.6538 -7.0569 -3.5353
-2.1727 -6.2714 -2.2547
-2.9439 -5.1835 -1.3335
-3.1415 -3.4411 0.2495
-2.713 -1.8772 2.7275
-3.1439 -1.1084 4.965
-3.4081 -0.787 7.9048
-2.8963 0.64598 10.43
-2.9725 0.46983 12.566
-4.2746 -0.24904 13.82
-5.3148 -1.0179 13.772
-4.853 -1.4107 12.516
-4.7578 -1.3202 10.928
-4.6054 -0.2538 8.4285
-3.8485 -0.53468 6.8217
-3.1082 -2.3676 6.6598
-2.575 -3.2412 7.4216
-2.7916 -2.2581 7.9857
-3.2248 -1.2655 7.8881
-3.0796 -1.1298 8.7093
-3.3034 -1.0774 8.8736
-3.3319 -1.2559 8.7688
-3.1248 -1.613 8.5213
-2.9035 -0.97743 6.686
-2.7797 -1.851 6.5908
-2.7559 -2.1962 6.905
-1.9204 -1.3726 8.8236
-1.4491 -0.058609 10.535
-1.937 1.1125 12.406
-2.3893 2.0385 14.198
-2.8987 3.3786 14.513
-3.4914 3.8928 12.623
-3.22 1.6029 11.266
-2.8344 1.0054 8.1285
-2.6154 0.6198 6.3599
-3.3057 -0.47279 4.558
-2.7963 -1.2869 1.6015
-1.9704 -2.6604 -0.45985
-1.799 -4.2028 -3.3496
-1.192 -5.2002 -6.2013
-0.48024 -5.9786 -8.8649
0.21959 -7.7496 -11.614
0.012497 -9.4825 -13.228
1.3217 -10.116 -14.254
1.624 -11.058 -15.073
1.9953 -13.072 -16.406
2.0096 -14.512 -15.997
1.3574 -12.963 -14.228
0.53142 -11.308 -11.779
-0.097 -10.406 -9.9028
-0.13747 -9.8586 -8.2199
-0.81587 -9.3778 -6.7607
-0.83015 -8.9469 -5.9633
-1.3396 -8.7446 -5.6681
-1.0991 -9.0969 -5.8847
-1.1705 -9.4873 -5.2896
-1.3467 -8.0257 -4.3756
-1.5062 -6.1238 -2.6688
-2.2893 -4.4028 -0.57173
-2.9273 -3.2697 1.9443
-3.3914 -2.0557 3.8819
-3.3938 -1.3369 6.2361
-3.2224 -0.57039 8.2118
-3.4319 -2.1129 10.292
-2.9677 -1.9486 10.683
-2.625 -2.5461 11.935
-3.1796 -2.5366 10.99
-3.6604 -2.1081 10.407
-4.5293 -2.2724 9.6829
-4.7768 -0.52278 8.9331
-4.2769 0.69597 8.9355
-3.9556 0.45079 8.5641
-3.7675 -1.344 7.5477
-3.4819 -1.7106 8.4356
-2.6511 -1.6915 9.4306
-1.7799 -2.4247 10.704
-1.6252 -3.1936 9.3116
-2.2869 -2.9365 9.671
-3.2248 -0.87984 10.949
-3.3986 0.46269 11.34
-3.2319 1.103 10.985
-3.1463 1.2149 11.092
-3.3676 1.0863 10.68
-3.0677 0.56029 10.021
-2.4798 -0.56801 9.2782
-1.818 -2.4699 9.521
-1.5395 -3.3507 8.6403
-1.2491 -2.9317 9.3663
-1.7656 -1.4725 8.6046
-2.1013 -0.72511 6.8074
-2.3203 -1.1583 4.4461
-2.2965 -2.151 1.1612
-1.9251 -3.315 -1.3739
-1.6466 -3.9838 -3.6376
-1.1467 -4.7932 -5.5991
-0.61116 -5.3549 -7.8081
-0.43977 -6.4618 -9.6481
0.064865 -7.9662 -10.872
-0.0041656 -9.5301 -11.733
0.68138 -10.649 -13.364
1.0908 -12.894 -13.904
0.9456 -13.948 -14.53
0.5219 -13.577 -14.39
-0.45406 -12.391 -13.121
-1.3015 -11.244 -11.381
-1.3419 -10.132 -10.205
-1.142 -9.8134 -9.2196
-1.1348 -10.113 -8.6698
-0.78017 -10.737 -7.6605
-0.53737 -10.792 -7.2725
-0.48976 -10.163 -7.0701
-0.57784 -9.3421 -5.7157
-0.47548 -7.5377 -4.8493
-0.65877 -6.0857 -4.3184
-1.0944 -5.4287 -2.6379
-1.9323 -3.4435 -1.0097
-2.4536 -0.63942 1.6682
-2.594 1.0863 4.7555
-3.0629 0.98875 7.5144
-2.8439 0.8983 10.309
-3.0915 1.2744 12.489
-3.5533 0.82451 14.289
-4.5959 -0.16811 13.858
-4.9815 -0.78224 13.051
-4.7435 -0.43709 11.69
-4.734 0.50554 10.461
-4.4412 1.353 8.7308
-3.9223 0.49364 7.1835
-3.4866 -0.54897 6.6122
-3.1962 -0.5204 7.3692
-2.8844 0.33653 9.3116
-2.8201 0.041367 10.752
-3.5961 0.30559 10.897
-2.9225 0.93639 10.345
-2.306 -0.34187 9.6734
-1.7799 -2.4771 8.7403
-1.9251 -0.77986 8.1285
-2.406 1.5124 7.0098
-2.7249 0.70549 6.7646
-2.4607 -1.6201 7.1073
-2.1679 -1.4654 7.6001
-2.6154 -0.060989 8.0547
-3.4843 0.1342 8.5022
-3.1653 -0.70845 8.4832
-2.4012 -0.28236 8.7974
-2.6845 0.29131 10.69
-3.4557 1.4839 11.98
-3.8675 2.2837 14.406
-3.5961 3.5262 14.268
-2.4988 1.9195 12.447
-1.7799 -0.44423 10.207
-1.6062 -0.52754 8.2356
