-1.5252 -7.7877 0.70415
-1.4443 -8.1019 -1.0216
-1.1729 -8.5423 -2.1142
-0.79683 -9.0921 -3.0925
-0.63496 -9.6015 -4.1447
-0.65639 -10.325 -5.2396
-0.63734 -10.587 -5.918
-0.80873 -10.328 -6.556
-0.94203 -10.308 -7.4748
-1.1753 -10.642 -8.2151
-1.3253 -10.718 -8.6817
-1.1848 -9.7301 -9.103
-1.2586 -8.9374 -10.272
-0.82063 -10.416 -9.9956
-0.54689 -11.168 -10.117
-0.31837 -11.344 -9.3696
-0.55165 -10.447 -8.9173
-0.64449 -9.8967 -7.9628
-0.69685 -9.6039 -6.7155
-0.89442 -9.5039 -5.511
-1.0182 -9.8348 -4.6469
-1.1967 -10.406 -3.4901
-1.0753 -10.011 -3.0521
-1.1586 -9.6063 -1.7905
-1.7514 -7.8757 -0.82405
-2.0822 -6.6499 0.78508
-2.1632 -6.7165 2.1205
-2.2227 -6.6308 3.0869
-2.3536 -6.5332 4.2247
-2.4155 -5.1716 5.722
-3.0677 -3.841 6.9122
-3.301 -2.9793 8.2523
-3.2343 -1.9367 9.352
-3.6199 -1.7891 9.6329
-3.789 -1.9629 9.6496
-3.539 -2.0272 9.6639
-3.7794 -1.9153 8.8498
-3.539 -1.4368 9.1878
-3.4795 -1.0607 9.602
-3.4866 -1.0393 9.7162
-3.6247 -0.7394 9.2901
-3.6795 0.24132 9.0307
-3.5771 0.3532 9.2473
-3.2391 -0.20143 9.2521
-3.5485 -0.59895 9.6448
-3.7723 -0.96791 9.5639
-3.2391 -1.6749 9.3901
-3.1248 -3.0817 8.2904
-2.7678 -4.3885 7.3573
-2.6464 -4.2195 7.3406
-2.744 -3.2769 8.0571
-3.1891 -2.4295 8.9045
-3.5247 -1.6082 10.211
-3.5295 -1.5344 11.801
-3.6533 -1.0393 11.809
-3.6033 -0.83223 11.235
-3.351 -0.98457 10.235
-2.8582 -2.1367 9.3378
-2.6131 -2.965 8.2214
-2.1251 -4.1409 7.8905
-1.4014 -3.9362 7.005
-1.1206 -4.5051 6.3694
-1.0539 -5.0431 5.3982
-0.93013 -5.5144 4.5603
-1.1658 -6.3214 2.9941
-1.649 -7.383 1.3183
-1.6895 -7.9448 -0.20277
-1.5704 -8.3923 -1.2954
-1.5966 -8.5399 -2.9093
-1.5324 -8.9898 -3.9114
-1.6133 -9.085 -4.9611
-1.6799 -9.2516 -5.899
-1.5776 -9.6872 -6.7202
-1.3443 -10.123 -7.3939
-1.2491 -10.716 -8.784
-1.2039 -12.118 -10.107
-0.7635 -12.953 -11.067
-0.78255 -13.124 -10.834
-1.2324 -12.196 -10.672
-1.1444 -11.192 -10.131
-1.023 -10.28 -9.6171
-1.1682 -9.6658 -8.4008
-1.2253 -9.4277 -6.6798
-1.6252 -9.2421 -5.3158
-1.887 -8.7874 -4.4041
-1.8085 -8.6494 -3.1997
-1.5514 -8.6018 -2.3594
-1.5728 -8.209 -1.2168
-1.937 -7.233 0.19475
-2.7892 -6.0786 2.0586
-2.9296 -4.9169 3.1845
-2.6345 -4.5766 5.1102
-2.6083 -4.4337 5.9148
-3.0534 -4.6503 8.1571
-3.5842 -3.065 9.9447
-3.5819 -1.7915 11.187
-4.0794 -1.6035 11.256
-4.1984 -2.1081 11.294
-3.9937 -2.7579 10.273
-3.5033 -2.7746 10.057
-3.827 -1.882 9.5948
-3.4581 -2.2057 9.4092
-3.4462 -2.8008 9.1402
-3.5128 -2.4033 9.0378
-3.5438 -1.5463 8.9926
-3.5819 -1.4416 9.0712
-4.0175 -1.0726 9.0116
-3.858 -0.49422 9.0902
-3.4319 -0.1086 9.4901
-3.1177 -0.61086 9.9614
-3.1367 -0.86079 9.9186
-3.1415 -0.13002 10.199
-3.1105 0.57219 10.076
-3.0034 0.29131 9.7615
-2.6607 -0.58229 9.4972
-2.4702 -0.79652 9.0331
-2.1203 -1.5202 8.7022
-2.3084 -1.682 7.7477
-2.4988 -2.3795 6.9169
-2.4131 -2.3842 6.6741
-2.4393 -2.3247 5.2411
-2.106 -3.1555 3.6201
-1.4705 -4.1647 1.3921
-1.3324 -4.8908 -0.7812
-1.042 -5.5763 -2.7331
-0.66115 -6.5261 -4.7802
-0.3636 -7.8115 -6.3441
0.12199 -9.3397 -7.5153
0.23387 -10.637 -11.924
1.0599 -14.388 -12.797
1.8287 -16.421 -14.911
2.2667 -18.754 -13.678
1.2884 -18.285 -12.628
0.083908 -14.688 -11.721
-0.49452 -11.268 -9.6719
-0.80159 -8.8969 -6.913
-1.4229 -7.3045 -4.7469
-1.7228 -7.4711 -3.1044
-1.6609 -8.3566 -1.0407
-2.0299 -8.3423 0.090012
-2.2298 -7.921 1.5063
-2.087 -6.1167 2.4156
-1.9775 -4.4885 3.6844
-2.1822 -3.4578 4.9103
-2.494 -3.0841 6.3028
-3.0034 -2.6913 7.543
-3.1439 -2.3795 9.5639
-3.2105 -1.375 10.868
-3.4962 -1.2369 11.385
-3.539 -1.0369 12.377
-3.7437 -0.53468 11.875
-3.589 -0.63228 10.856
-3.1986 -0.93221 9.1449
-3.2248 -2.2366 8.4523
-3.5676 -2.2247 8.4237
-3.6747 -0.96553 8.945
-3.608 -0.32283 9.6115
-3.3843 -0.65132 10.23
-3.1843 -1.0155 9.8924
-2.9177 -1.0179 9.3806
-2.9082 -0.65846 9.1497
-2.713 -0.64418 8.7141
-2.4964 -0.73463 8.5832
-2.4393 -0.68465 8.6236
-2.5131 -0.62514 8.7593
-2.4774 -1.0631 9.602
-2.2893 -1.7511 9.8376
-2.2917 -2.0534 10.202
-2.6916 -2.3223 10.123
-2.8392 -2.2962 9.7162
-3.1391 -1.7987 9.3044
-3.5152 -1.7225 9.3806
-3.6533 -1.6225 9.4449
-4.1174 -1.2678 10.564
-1.9537 -0.98457 10.437
-3.3748 -2.4104 9.8472
-3.0653 -5.5692 8.5141
-1.6776 -4.4766 8.3047
-2.6535 -4.698 7.85
-2.1584 -5.7168 7.2073
-1.9561 -5.9643 7.1621
-1.9656 -5.7144 6.5622
-1.28 -6.3023 6.2409
-1.8728 -6.6022 4.2176
-1.5371 -7.0545 2.856
-0.9944 -7.7282 1.3587
-0.81111 -8.3375 -0.05043
-0.3636 -8.6422 -0.97877
-0.3755 -8.8588 -1.8428
-0.20888 -9.1707 -2.8902
0.21245 -9.9752 -3.7091
0.34337 -10.175 -4.7302
0.70757 -10.751 -6.3679
0.8123 -12.26 -7.2677
1.1717 -12.61 -8.6388
1.1122 -13.236 -8.5269
0.83134 -13.234 -7.5819
1.0218 -12.263 -6.9749
0.51952 -11.622 -6.3608
0.25529 -11.794 -5.7847
0.14342 -11.508 -4.6493
-0.82301 -10.494 -4.1566
-0.5088 -10.073 -3.0473
-0.2065 -8.9898 -2.5308
-0.34932 -7.6234 -0.6241
-1.2182 -6.2214 1.0802
-1.849 -5.4478 3.3583
-2.3774 -4.3409 5.2578
-2.6131 -2.5699 6.7074
-2.9035 -2.4485 8.0238
-3.051 -2.8175 9.433
-3.2938 -1.9058 10.564
-3.6295 -0.86317 10.814
-4.0579 -0.41328 11.842
-4.3579 -0.97981 11.668
-4.2341 -1.2964 11.599
-4.1984 -1.3988 11.061
-4.4126 -1.5178 10.085
-4.2674 -1.2369 9.302
-4.2293 -0.4966 8.7879
-4.1008 0.06041 8.7331
-3.9651 0.56029 8.7831
-3.8937 0.77452 9.1449
-3.4057 0.48412 9.7948
-2.8273 -0.77272 9.6591
-3.8866 -1.4606 9.6377
-2.6511 -0.93697 9.571
-3.3319 -0.80128 9.7281
-3.2891 -0.50374 9.8353
-2.6916 -0.51326 9.8019
-2.7678 -0.93221 9.909
-2.6416 -0.99409 9.9733
-2.3917 -0.63704 9.9186
-2.2679 -2.1033 9.0902
-1.8751 -3.165 8.2809
-1.9561 -3.5958 8.1738
-2.0584 -4.1695 8.1095
-2.0346 -3.8862 8.7117
-1.9561 -2.5651 9.7186
-1.6918 -2.0986 9.7972
-1.7871 -2.9341 8.8474
-1.8918 -4.5789 7.4644
-2.2512 -4.8479 6.7693
-2.6964 -5.543 5.9814
-2.5297 -6.5166 5.4816
-2.187 -6.726 5.2435
-1.7752 -6.5713 4.1105
-2.0584 -6.7236 3.6749
-2.187 -7.0498 2.2276
-2.0584 -7.3449 0.97313
-1.6633 -7.2592 -0.45747
-1.3848 -7.1331 -1.9714
-0.92537 -7.4473 -3.5686
-0.66115 -7.9519 -5.2111
-0.4969 -8.2637 -6.6345
-0.65639 -8.9683 -8.1223
-0.28505 -9.7015 -11.341
0.51237 -12.308 -12.757
1.0765 -13.977 -14.118
1.5693 -14.798 -13.976
1.2431 -13.843 -13.102
0.90038 -11.972 -11.207
0.63377 -10.249 -9.3601
0.23863 -9.8205 -7.8342
-0.22554 -9.0683 -6.4298
-0.63972 -8.6827 -5.1944
-0.73494 -8.5922 -4.0209
-0.80159 -8.2019 -3.5401
-0.74446 -8.3137 -2.4522
-0.86824 -7.5187 -1.0145
-1.2777 -5.8691 0.35185
-2.0275 -4.5218 2.3537
-2.4131 -2.5985 4.1557
-2.6702 -1.2893 6.1909
-3.2605 -0.27284 7.4097
-3.32 -0.55373 9.6305
-2.9915 1.2649 11.368
-3.5033 1.1625 12.506
-3.8247 0.66026 13.113
-4.2365 0.06517 12.199
-4.0603 -0.49898 11.149
-3.6414 -1.0274 9.7424
-3.3224 -1.4321 8.6355
-3.0272 -0.93221 7.7858
-2.9796 -0.30141 7.8143
-3.4081 0.29845 8.1785
-3.4319 1.1935 9.0545
-2.8749 1.1221 10.178
-2.1227 -0.57039 11.271
-1.9632 -0.6418 11.428
-1.6823 -0.022903 11.363
-1.9656 -0.787 11.297
-2.3369 -0.49898 11.178
-2.5797 0.30559 11.19
-2.256 0.58409 10.742
-2.3155 -0.35616 9.99
-2.5369 -1.3654 9.0473
-2.2869 -2.0843 9.8876
-2.6416 -2.1105 9.4687
-2.4512 -2.3557 9.9447
-2.5155 -1.6392 9.5853
-2.4988 -1.7582 7.9595
-2.1298 -2.8056 5.6315
-1.3657 -4.2219 3.8558
-1.3991 -5.4763 2.4585
-0.92061 -6.2 1.7706
-0.84206 -6.9022 0.80888
-0.80397 -7.6829 -0.071854
-0.80635 -7.802 -1.3144
-0.45882 -8.0448 -2.845
-0.38264 -8.9326 -3.9661
0.0053558 -9.5301 -5.104
0.057724 -10.192 -6.4155
0.19102 -10.923 -7.082
0.58617 -10.985 -8.1937
0.76231 -12.046 -9.9932
0.98131 -12.858 -11.138
1.1479 -13.158 -11.217
1.0503 -13.082 -10.805
0.97417 -12.732 -9.1982
0.16246 -11.358 -7.5867
-0.080338 -10.294 -6.3679
-0.30885 -10.044 -5.9823
-0.64211 -10.22 -5.8538
-0.58736 -9.861 -5.1658
-0.18983 -8.5446 -5.3658
0.067245 -7.9495 -4.0423
-0.76588 -5.5692 -2.138
-1.7823 -2.6556 1.5135
-2.8868 -0.30617 4.7889
-3.201 -0.096695 7.105
-3.877 -0.87508 8.7046
-4.0556 -1.3631 10.84
-3.6033 -0.79652 12.635
-4.4674 -0.84413 13.246
-4.5673 -0.47279 12.832
-4.415 -0.36092 11.778
-4.3031 0.25798 10.426
-3.9032 -0.35854 9.2925
-3.6152 -0.75368 8.6094
-3.5771 -0.44899 8.2737
-3.6366 0.1461 8.8117
-3.5961 0.036606 9.2045
-3.3843 0.019943 9.5758
-3.2486 0.53172 9.5401
-3.3462 1.0935 9.3354
-3.2367 1.1578 9.4734
-3.0582 1.3006 9.671
-2.6202 0.67455 9.5639
-1.9442 -0.044327 10.392
-2.5345 0.97923 10.459
