-5.4362 -2.9389 11.756
-4.953 -2.9032 10.202
-4.3293 -2.3461 8.6427
-3.7866 -4.2647 6.7289
-3.5771 -6.419 5.8505
-3.1415 -5.6525 6.0409
-2.913 -3.384 7.024
-3.201 -1.7272 8.2404
-3.8294 -1.5202 8.3023
-3.9056 -1.444 8.895
-3.4295 -0.67036 10.126
-3.7509 -0.42043 10.692
-3.7485 -1.3226 10.821
-3.4319 -1.9058 10.549
-3.3557 -2.0534 10.195
-3.1867 -1.4606 9.94
-3.2772 -1.0203 9.8019
-3.3319 -1.6654 9.6258
-3.0391 -2.7889 8.8188
-2.5535 -3.3673 8.5689
-2.4226 -3.3435 7.5644
-2.7106 -3.6958 5.8505
-2.9582 -4.1267 4.2842
-3.0296 -4.8741 2.2704
-2.8582 -5.7548 0.49944
-2.475 -5.9381 -0.7693
-2.3655 -6.269 -2.3522
-2.2036 -6.3499 -3.79
-1.5371 -6.7784 -4.9516
-1.111 -7.7734 -6.437
-0.68495 -9.3468 -7.6248
-0.45882 -9.9014 -8.5531
-0.18031 -9.88 -9.7861
0.26482 -11.32 -12.271
0.75993 -12.667 -13.397
0.52666 -12.81 -13.257
0.11009 -11.513 -13.016
-0.29695 -9.6063 -11.186
-0.81111 -7.583 -8.9149
-1.361 -7.2354 -6.7512
-1.0658 -8.1114 -5.3753
-1.2896 -9.4539 -3.9376
-1.9823 -10.192 -3.6829
-1.9632 -10.987 -2.8212
-2.2727 -10.416 -2.1142
-2.4345 -8.9136 -1.4096
-2.5964 -8.0138 -0.45271
-2.7225 -7.6829 0.17809
-3.0606 -7.6996 1.0493
-3.6866 -7.3783 1.8824
-3.7913 -6.0833 3.5535
-3.8366 -5.0312 4.9103
-3.8461 -4.2933 5.8957
-4.265 -4.4599 6.7074
-4.4769 -4.1457 7.5263
-4.4816 -2.1438 8.3856
-4.077 -0.57991 10.102
-3.9437 0.32463 11.004
-4.3602 -0.61562 11.035
-4.4555 -2.2033 10.835
-4.7316 -1.9391 10.702
-4.8149 -0.61324 10.945
-4.3769 -1.8867 10.021
-4.1293 -3.2554 9.3163
-3.4605 -3.6292 8.9569
-3.2248 -3.772 8.1928
-3.0487 -5.3335 7.562
-3.3057 -5.9738 5.841
-3.0725 -5.7691 4.8817
-3.351 -5.5382 4.2223
-3.1558 -5.5977 2.9607
-2.8749 -5.8691 1.8372
-2.5369 -5.8405 0.40184
-2.1608 -5.8834 -1.6024
-1.6823 -5.8334 -3.4639
-1.4919 -6.1262 -4.8992
-1.3919 -6.5832 -6.1156
-1.0849 -6.826 -7.5462
-0.79445 -7.5544 -8.4817
-0.58022 -8.2971 -9.2434
-0.46834 -9.2111 -9.6624
-0.51833 -9.5277 -10.574
-0.43263 -10.539 -11.198
-0.47548 -10.494 -11.914
-0.83253 -10.865 -11.862
-1.2824 -11.054 -11.874
-1.499 -10.782 -10.981
-1.8394 -9.9324 -10.507
-2.0418 -9.9324 -9.7195
-2.1298 -10.011 -9.0292
-1.7609 -10.111 -7.989
-1.6942 -9.661 -7.2106
-1.2015 -9.1016 -5.9871
-1.0325 -8.2304 -4.3351
-1.3229 -7.6068 -3.0283
-1.6085 -7.3783 -1.3477
-2.2465 -6.4094 0.46135
-2.9344 -4.6622 2.5394
-3.1939 -2.6151 4.8317
-3.6104 -2.2366 6.9621
-4.1103 -1.8248 9.0212
-4.1127 -0.88936 11.368
-4.5412 0.029465 12.199
-4.9387 -0.091934 13.089
-5.6528 -0.056229 12.887
-5.0696 -0.30379 12.073
-4.8268 -1.4845 10.585
-4.8839 -2.2271 9.4377
-4.7078 -2.1557 8.4285
-4.4079 -2.0034 7.8833
-3.4509 -2.1081 8.2642
-4.3174 -1.8296 8.5784
-4.1603 -1.1774 8.3618
-4.0865 -1.0655 8.6474
-4.0365 -1.2274 8.676
-3.6937 -1.6963 8.5379
-3.7437 -2.5461 8.1642
-3.5914 -2.4271 8.7093
-3.27 -1.056 9.1307
-3.4509 -0.17049 9.2949
-3.6652 -0.69893 9.0593
-3.1344 -2.0867 8.438
-2.6535 -2.8079 8.0476
-2.7154 -2.6627 7.0288
-3.2677 -2.6889 6.2052
-3.6652 -2.6937 5.1364
-3.7556 -2.3652 2.9131
-2.8916 -3.1817 1.8372
-2.1536 -3.6863 -0.89784
-2.1727 -4.9788 -3.7138
-1.3562 -6.1857 -5.8443
-0.4969 -6.7594 -7.432
-0.044632 -7.3806 -8.4412
0.09581 -8.7493 -9.46
0.36003 -10.116 -10.793
0.62187 -11.592 -13.497
1.1717 -13.629 -14.09
1.1313 -13.686 -15.137
0.8123 -13.482 -14.902
-0.054153 -12.213 -13.107
-0.81825 -9.9205 -11.145
-1.38 -8.5042 -9.3077
-1.5395 -8.5518 -7.6629
-1.9108 -8.8327 -6.7369
-2.0156 -9.4682 -6.6036
-1.3991 -10.801 -5.0659
-0.61116 -10.37 -4.7969
-0.90157 -9.3064 -3.74
-1.1015 -8.4542 -1.8905
-1.8442 -7.1902 -0.23848
-2.406 -6.438 1.2564
-2.5869 -6.0619 2.6037
-2.9296 -6.2523 3.782
-3.182 -6.5094 5.1769
-3.1748 -5.8429 5.3078
-2.8773 -4.5361 6.6456
-3.4866 -3.0936 7.9476
-4.1293 -1.5273 9.1116
-4.4864 -0.69893 10.461
-4.7268 -0.35139 11.104
-4.8173 -0.40614 11.704
-4.5864 -2.0843 10.709
-4.0532 -3.3007 9.1997
-3.6366 -3.5673 7.7548
-3.401 -2.9793 7.9333
-3.1177 -1.6582 8.1357
-2.7963 -1.6987 8.0381
-2.7106 -2.9603 7.9952
-2.6131 -3.184 8.0762
-2.5892 -3.2435 8.2095
-2.832 -3.315 8.7093
-2.7202 -2.8222 8.8902
-2.5107 -2.5104 8.8117
-2.5488 -2.3176 9.0473
-2.5964 -1.6606 9.3949
-2.4869 -1.7915 9.352
-2.5178 -3.4578 9.1854
-2.4893 -3.5006 8.9902
-2.1179 -2.458 9.233
-2.1394 -1.9891 9.3187
-2.6702 -2.0819 9.5639
-2.9915 -1.6892 9.7662
-3.1962 -1.0512 9.9352
-3.3343 -1.1702 9.6972
-3.4438 -2.0605 9.1711
-3.5938 -1.832 8.7165
-3.52 -1.3202 8.5808
-3.6223 -1.2512 8.9426
-3.7937 -1.6106 9.0402
-3.8723 -1.8986 9.3044
-3.8604 -1.7939 8.6665
-3.9223 -1.4059 8.4999
-4.0032 -0.16096 8.8403
-3.8699 0.98875 9.9138
-3.1748 0.61504 10.452
-2.5178 0.26036 10.459
-2.5916 -0.5323 10.611
-2.8582 -0.62752 10.485
-3.2938 -0.68227 10.737
-3.4962 -0.19905 10.637
-3.5152 -0.013382 10.733
-3.7652 0.22942 11.425
-3.5009 0.1342 11.954
-3.1391 0.053268 11.687
-2.7821 -0.73701 10.038
-2.2869 -2.4652 9.4139
-2.0513 -2.9436 8.0881
-2.0299 -3.1912 7.0954
-2.2822 -3.5387 5.6053
-2.4869 -3.9005 4.4889
-2.7083 -4.2243 3.1202
-2.7963 -5.1455 1.0136
-2.0346 -6.3047 -0.33131
-1.6823 -6.8379 -1.7762
-1.4014 -7.5663 -3.0402
-1.3015 -8.3613 -4.2589
-1.0444 -8.7922 -5.3111
-0.96107 -9.0826 -6.3156
-0.79921 -9.3016 -9.272
0.069626 -11.325 -11.064
0.16008 -12.922 -11.493
-0.20888 -12.972 -12.733
-0.55165 -13.47 -11.152
-1.2443 -13.117 -9.9504
-1.4919 -11.98 -8.4769
-1.768 -10.932 -7.0582
-1.7157 -10.168 -6.1228
-1.699 -9.7753 -4.7755
-1.7752 -9.3611 -3.9566
-1.3705 -9.7372 -2.307
-1.58 -9.8181 -2.0547
-1.7466 -10.101 -1.9523
-1.7418 -9.4301 -1.4168
-2.2774 -6.8593 0.50182
-2.7392 -4.6051 2.1086
-3.0891 -3.9362 3.5392
-3.0844 -2.6794 4.6365
-3.4843 -2.7056 6.5004
-3.6652 -0.25142 7.7453
-3.2867 1.1268 10.092
-3.4605 2.6241 13.253
-4.2174 1.272 13.408
-4.8101 -0.40852 12.349
-4.1889 -0.5442 11.24
-4.0746 -0.97267 10.483
-4.008 -1.613 9.702
-3.7199 -1.9677 8.9807
-3.8151 -1.2845 8.7498
-3.8104 -0.90602 8.8831
-3.7437 -0.66084 9.0759
-3.9556 -0.69179 9.302
-4.146 -0.45375 9.2187
-4.1008 -0.46565 9.0545
-3.9175 -0.94649 8.9188
-3.5676 -1.3607 9.064
-3.2034 -1.4654 8.5046
-3.0939 -1.1655 9.1069
-3.1439 -0.16335 9.2878
-3.1105 0.42937 10.019
-3.5985 0.70549 10.307
-4.4769 0.94115 9.5972
-3.8985 -1.1012 10.764
-3.32 -3.0674 9.1449
-3.5414 -2.8746 8.4213
-3.5081 -2.0319 9.095
-3.6152 -2.2438 8.238
-3.0748 -2.7794 9.452
-3.4367 -1.5368 8.6736
-3.5557 -1.1464 7.8738
-3.1201 -2.4176 5.8148
-2.356 -4.3528 3.7272
-2.2465 -6.6808 1.5111
-1.38 -8.0995 1.0255
-1.2491 -8.2376 0.62798
-1.3277 -7.9662 0.2971
-0.93251 -7.7591 -0.92403
-0.59688 -8.1376 -2.3856
-0.82777 -8.2852 -3.8352
-0.11366 -8.6732 -5.3372
-0.080338 -9.2397 -6.6631
-0.17793 -9.811 -7.8604
0.22435 -10.244 -8.3484
0.10057 -10.761 -9.0625
0.83611 -11.613 -11.079
1.4145 -13.658 -12.086
1.2908 -13.815 -11.981
0.56236 -13.189 -10.8
0.045822 -11.801 -9.0149
-1.1039 -9.7586 -7.1463
-1.2896 -8.4589 -6.0466
-0.92775 -9.173 -4.8136
-1.1229 -10.428 -4.4017
-0.9706 -11.691 -3.8685
-0.42073 -11.151 -3.3806
-0.50642 -8.9731 -2.5974
-1.0349 -6.8784 -1.3834
-1.6157 -5.2169 -0.20277
-2.2393 -4.6456 1.8182
-2.8463 -3.6863 3.7058
-3.2224 -2.6366 5.6672
-3.2486 -2.4604 7.3002
-3.0201 -3.1102 9.1307
-3.0225 -3.3364 10.123
-3.2224 -3.2269 10.787
-3.739 -2.0605 11.613
-4.4483 -1.0441 11.899
-4.584 0.06517 11.463
-4.2269 -0.68465 10.814
-3.3986 -2.2676 9.3806
-2.5773 -4.1767 7.7953
-2.2774 -4.6242 7.3739
-2.7249 -2.8674 8.3642
-3.3938 -1.0774 9.1045
-3.7271 -1.0607 9.4639
-3.8604 -1.1107 8.9474
-4.0698 -0.022903 9.1854
-4.2888 0.60075 8.7284
-4.4412 0.56267 8.8093
-3.9984 0.30083 9.0497
-3.3224 -0.056229 9.9781
-2.7225 -0.59419 9.9043
-2.2179 -1.3845 9.8971
-2.1774 -1.6844 10.085
-2.5131 -0.96077 10.095
-2.9106 -0.23476 9.5544
-3.3795 -0.4847 9.433
-3.7628 0.11278 9.9519
-3.8389 1.7171 10.635
-4.1698 2.417 10.352
-4.5935 0.78404 9.4425
-4.0841 -0.88222 8.8641
-3.2177 -1.8558 8.945
-2.9106 -1.8915 9.2164
-3.1177 -2.1391 9.7995
-3.0534 -2.2438 9.6662
-2.9606 -2.0629 8.5737
-2.5916 -2.4866 8.0119
-2.5654 -2.7127 6.3004
-2.863 -3.5911 5.4173
-2.5607 -4.3909 4.2033
-2.5892 -5.4097 3.2845
-2.1417 -6.7522 1.9753
-1.5681 -7.5734 1.1802
-1.3348 -6.7022 -0.026627
-1.4276 -7.1854 -1.3192
-1.0063 -8.259 -3.4187
-0.54927 -9.5991 -5.1492
-0.56355 -10.078 -6.5203
-0.18983 -9.8515 -9.3434
0.40526 -12.66 -10.762
0.52428 -14.298 -12.743
