-3.5438 -1.9248 7.9881
-3.3153 -2.0319 8.7831
-3.401 -1.8129 9.4282
-3.8651 -1.6273 9.9947
-4.3126 -1.4487 10.295
-4.0579 -1.244 10.123
-3.5723 -1.5154 9.7591
-3.0463 -1.8582 9.383
-2.8868 -1.6154 9.5234
-3.3105 -2.9127 9.0973
-2.6226 -4.3195 8.6855
-2.4464 -4.3885 8.1999
-2.9677 -4.6789 7.2192
-2.813 -4.8527 6.8146
-2.7345 -4.8598 6.0243
-2.8773 -5.2716 5.1983
-3.0796 -6.1357 3.851
-2.5416 -6.7308 2.5942
-2.1893 -7.0617 1.323
-2.087 -7.1426 0.25426
-1.6371 -7.2188 -1.2811
-0.8611 -7.6806 -3.8067
-0.30171 -9.93 -6.0609
-0.14223 -11.677 -7.8176
-0.39693 -13.146 -9.71
0.045822 -14.717 -10.622
-0.2422 -15.231 -9.9218
-0.73732 -13.634 -8.8887
-0.64449 -11.603 -7.4129
-1.1372 -10.527 -6.0847
-1.0658 -10.337 -4.7064
-1.5871 -9.861 -3.6472
-2.2941 -9.1183 -1.8286
-2.4726 -7.7663 -0.90974
-2.087 -7.6472 0.74461
-2.3512 -6.3975 1.7206
-2.206 -5.1716 3.5415
-2.306 -3.922 5.6077
-3.1486 -3.7553 7.95
-3.5557 -3.1483 9.3877
-3.8746 -3.0626 10.399
-4.3531 -2.9412 11.044
-5.1124 -2.7603 10.911
-5.2124 -2.439 10.966
-4.7768 -1.7772 10.449
-4.6697 -2.1843 9.8138
-4.6697 -1.6725 9.402
-4.2436 -1.1036 8.7212
-4.346 -1.194 8.2333
-4.3745 -0.87032 8.288
-4.4364 -0.40138 8.6546
-4.2746 -0.15144 9.1759
-3.8675 0.072311 9.7424
-3.5866 -0.33473 10.568
-2.8178 -1.4035 10.045
-3.6152 -1.7201 9.9471
-3.2058 -2.6651 9.5472
-2.9415 -2.2152 9.502
-2.9749 -2.5413 9.571
-3.1439 -2.1105 9.4282
-3.251 -1.6297 8.9498
-3.2748 -1.8796 8.6736
-3.101 -2.0748 8.4499
-2.7297 -3.2864 8.457
-2.3036 -3.9505 9.6781
-2.694 -3.2959 8.7569
-2.8273 -3.5197 8.7308
-2.7773 -4.1481 7.9667
-2.6321 -4.4385 6.0528
-2.3322 -5.1764 4.4437
-2.2917 -5.9691 3.2583
-1.6752 -6.6975 2.0681
-1.4681 -7.2854 0.70415
-1.6514 -8.3851 -1.1954
-1.2705 -8.8398 -2.5665
-0.94203 -9.5182 -4.1804
-0.63496 -10.611 -5.8847
-0.054153 -11.263 -7.3058
0.069626 -11.791 -10.855
0.68138 -14.386 -12.064
0.84087 -15.724 -11.588
0.37669 -15.236 -10.798
0.072006 -13.174 -9.0125
-0.55879 -10.87 -7.2011
-0.84682 -9.4349 -5.2158
-1.3967 -7.5187 -3.0783
-2.1179 -6.9593 -1.3287
-2.3845 -7.414 -0.34084
-2.5107 -7.7972 0.57323
-2.7321 -7.9257 1.6254
-2.5178 -7.7758 2.3966
-2.1941 -7.1688 2.5275
-2.0727 -6.8808 2.9679
-2.4083 -5.7263 4.2223
-3.1296 -3.6839 5.1602
-3.3605 -3.3697 6.8598
-3.6914 -2.0462 8.0238
-3.8461 -0.9084 9.4663
-4.3436 0.2437 9.8495
-4.6745 0.63408 10.795
-4.5126 1.3196 10.19
-4.3174 0.35558 9.9519
-3.9008 -0.32759 10.228
-3.6461 -2.4271 9.7305
-3.5485 -3.5935 9.2568
-3.5343 -3.1769 9.79
-3.5128 -2.3081 10.478
-3.6652 -2.2176 10.756
-3.7771 -2.2319 11.068
-4.0817 -1.6535 10.79
-4.4293 -0.67751 11.056
-4.1198 0.8983 11.449
-3.6795 1.3696 11.052
-3.4176 0.18181 10.226
-3.3938 -1.1726 9.7734
-3.0177 -2.0296 9.5853
-2.8082 -2.5985 8.8117
-2.2084 -3.0603 8.3785
-2.2084 -2.5247 7.543
-2.3488 -2.6437 6.0267
-2.5345 -3.2697 4.7651
-2.475 -3.7387 3.6844
-2.3845 -4.3599 2.28
-2.0846 -4.9622 1.0303
-1.7323 -5.4906 -0.64314
-1.2848 -6.2785 -2.3094
-0.7516 -7.0759 -3.8376
-0.20888 -8.3256 -6.7012
0.20055 -11.396 -9.6933
0.83373 -14.215 -11.719
0.93608 -16.221 -12.69
1.1527 -17.138 -11.971
0.72423 -16.105 -10.872
0.21483 -13.396 -9.9337
-0.26839 -11.565 -7.7414
-1.0491 -9.5872 -5.3325
-1.3229 -7.8805 -3.5686
-1.4038 -7.9686 -1.4858
-1.6133 -8.8446 0.037643
-2.0465 -9.0159 1.8824
-1.9442 -7.8186 3.1512
-2.0251 -5.593 3.9415
-2.3964 -4.7146 5.0959
-2.8106 -3.5792 5.5101
-3.1129 -3.1436 6.5384
-3.6128 -2.4509 8.0571
-3.9508 -1.2464 9.4496
-4.2079 0.034225 11.047
-4.5792 0.72453 12.604
-4.5959 -0.30855 13.087
-5.4028 -1.0417 12.823
-4.9887 -1.0703 11.623
-4.8673 -1.4559 10.295
-4.8197 -1.2726 9.0902
-4.3721 -0.96315 8.338
-4.0199 -1.2226 8.6546
-3.7175 -1.1464 8.8474
-3.4081 -1.2155 9.2045
-3.3295 -1.2821 9.402
-3.3272 -0.46803 9.4687
-3.0701 -0.049088 9.0521
-3.2224 -0.95601 8.4784
-3.0915 -1.7534 7.2573
-2.8582 -1.6225 7.8119
-3.2343 0.077072 7.9405
-3.8318 0.64598 8.5689
-3.8913 -0.46565 8.3808
-3.0796 -2.2819 9.1592
-3.0106 -2.3414 9.4568
-3.0844 -1.9558 10.783
-3.2938 -0.46565 11.794
-3.0582 0.53886 11.742
-2.9273 0.005661 10.102
-3.3438 -1.3678 9.7162
-3.4295 -2.2271 8.3761
-2.863 -1.6915 7.6096
-2.3274 -2.3819 6.6503
-2.2441 -3.6815 5.2435
-2.0584 -5.2216 3.651
-1.6633 -6.457 1.9848
-1.3467 -7.1259 0.38042
-1.1158 -7.5496 -1.2644
-0.76112 -8.2399 -2.6569
-0.45882 -9.1921 -4.4708
0.09819 -11.708 -8.008
1.267 -14.479 -11.581
2.3905 -17.83 -14.159
2.7761 -19.809 -13.254
1.7621 -18.278 -11.338
0.36241 -13.189 -8.2651
-0.95631 -9.0517 -4.3565
-1.1658 -6.7713 -1.3953
-1.1824 -6.776 0.57799
-2.0275 -8.3494 1.4325
-2.1798 -9.6301 1.8015
-2.1084 -8.9207 1.8872
-2.2703 -7.2188 2.6299
-2.5393 -4.5837 3.6534
-2.7345 -2.7389 4.7698
-2.9106 -1.4083 6.7384
-3.3986 -0.50374 8.6855
-3.7652 -0.5204 9.5068
-3.6485 -0.37758 10.447
-3.5295 -1.4273 10.483
-3.6366 -2.3247 10.202
-3.8485 -1.9772 10.545
-4.1079 -0.16096 11.04
-4.0151 0.93401 11.13
-3.9008 0.46269 9.8186
-3.7604 -1.1869 8.4427
-3.4129 -1.7772 8.0405
-2.9558 -1.0798 8.0285
-2.5036 -0.54182 8.8093
-2.1084 -1.1536 9.2473
-1.6228 -2.001 9.7139
-1.3681 -2.1105 9.9543
-1.6062 -1.713 10.152
-2.2251 -1.6487 9.9995
-2.4488 -1.5249 9.5068
-2.5512 -1.6796 9.1759
-2.644 -1.7749 9.4139
-2.8392 -1.5487 9.8971
-3.1153 -1.5392 10.159
-3.4176 -1.2178 10.573
-3.6818 -0.54182 11.166
-3.9104 -0.19905 11.768
-3.808 -0.63466 11.704
-3.658 -1.3654 10.673
-2.8582 -1.4083 10.278
-2.7535 -1.5368 10.04
-3.1201 -2.3295 8.6403
-2.4678 -3.0484 8.707
-2.0989 -3.0531 7.712
-1.9989 -3.4982 7.362
-1.7942 -4.1243 5.9481
-1.4633 -5.0431 4.8746
-1.261 -5.5525 3.3892
-1.2396 -5.8286 1.6611
-0.8611 -6.338 0.12334
-0.85872 -6.9641 -1.8762
-0.42787 -7.7543 -3.8019
-0.32076 -8.5423 -5.6514
-0.1089 -9.323 -7.1939
-0.054153 -9.93 -8.4865
0.34337 -11.649 -10.357
1.3122 -13.37 -11.769
1.3193 -14.427 -12.159
0.55522 -13.886 -11.252
-0.047012 -12.487 -9.5672
0.28148 -10.397 -7.6248
-0.4612 -8.7827 -6.3703
-0.9706 -9.2326 -4.7897
-1.1801 -9.3397 -4.0994
-1.2919 -9.1707 -3.1901
-1.311 -8.8493 -2.207
-1.1491 -7.8876 -2.2856
-1.0801 -7.8091 -1.4882
-1.5728 -7.2759 0.34709
-1.9751 -5.562 2.5513
-2.6464 -4.5218 4.5913
-2.7225 -4.5289 6.9526
-2.6488 -4.5766 7.8881
-2.8535 -5.474 8.726
-3.4866 -5.4192 9.3211
-3.5533 -4.4409 9.8519
-3.8247 -3.7053 10.333
-4.2626 -3.3221 10.302
-4.3626 -3.4126 9.7091
-4.3126 -2.7294 9.5901
-3.7247 -2.4318 9.5282
-4.1865 -1.4559 9.7115
-4.1627 -1.2559 9.3544
-3.9913 0.12468 8.8688
-4.1841 0.5222 9.0331
-4.2174 0.17467 9.1021
-4.265 0.58885 9.4711
-4.3817 1.1363 9.5948
-3.0439 -0.0086212 10.183
-3.4628 0.11992 10.775
-2.4274 -0.37044 10.495
-2.6416 -1.0774 10.383
-3.1367 -1.4345 10.423
-3.1439 -0.71083 9.721
-3.52 -0.65846 9.6972
-3.5628 -0.18715 9.7543
-3.3605 -0.29189 9.6567
-3.7556 -0.96553 9.4639
-3.1034 -2.239 9.671
-2.663 -3.1793 8.6284
-2.406 -3.9648 8.3666
-3.0177 -3.8244 8.3547
-2.7892 -3.4578 8.9736
-2.5036 -2.927 8.7736
-2.8249 -2.6032 8.1618
-2.7987 -2.6485 6.2171
-2.544 -3.3649 4.4794
-2.237 -4.4218 2.5513
-2.0894 -5.812 0.70177
-1.8323 -7.3568 -0.63124
-1.311 -8.278 -1.6239
-0.68257 -8.5304 -2.6379
-0.42311 -9.0231 -3.6234
-0.30171 -9.7991 -4.7064
-0.24934 -10.716 -5.9085
0.038681 -11.62 -6.9559
0.26958 -12.401 -10.069
0.84087 -15.117 -11.721
1.3955 -16.74 -12.364
1.4241 -16.414 -11.505
0.72661 -14.684 -9.034
-0.45882 -11.187 -7.0725
-1.1301 -9.1635 -5.0325
-0.80873 -8.5994 -3.3663
-0.17793 -8.6922 -2.595
0.13628 -9.6087 -1.6429
-0.78017 -9.6229 -1.3192
-1.0753 -9.2944 -0.62172
-1.6204 -7.602 -0.17897
-1.9965 -5.5954 0.98741
-2.3869 -3.791 2.6965
-2.9606 -2.3628 4.3937
-3.5295 -0.96791 5.7767
-3.7723 -0.76558 7.7429
-3.9913 -0.85603 9.1926
-3.8437 -0.55611 10.178
-3.8937 -0.1205 10.547
-4.3007 -0.75844 11.423
-4.2317 -0.61562 11.671
-4.3055 -0.399 11.213
-4.4364 -0.45851 10.333
-4.1032 -0.31807 9.7972
-3.7199 -1.1322 8.9545
-3.27 -2.0462 8.2594
-2.7725 -2.8056 7.6929
-2.4988 -2.7532 8.3285
-2.425 -2.0296 8.8593
-2.7249 -1.0988 9.045
-2.982 -0.67989 9.2449
-2.8106 -1.1726 9.3449
-2.7249 -1.0798 9.79
-2.8797 -0.22523 10.292
-3.1296 0.64598 9.7615
-3.4914 0.78642 9.5996
-3.789 0.90544 9.6853
-3.927 0.62932 9.621
-4.1103 0.39366 9.6139
-4.1912 -0.077652 9.8638
-4.1674 -0.34663 9.9519
-3.8985 -0.1443 10.126
-3.7461 0.16515 10.199
-4.0222 0.25322 10.328
