-2.8297 -0.33235 9.6781
-2.9701 -0.87032 10.166
-2.6202 -0.82985 11.111
-2.475 -0.81319 11.701
-2.7392 0.57457 11.382
-2.8797 1.3101 10.954
-3.0415 1.6553 10.74
-2.9225 1.5267 9.5044
-2.3798 0.43889 9.4925
-2.2465 -0.30141 8.5975
-1.9394 -0.44185 8.3309
-2.256 -1.0965 6.6146
-2.4845 -1.9391 5.0578
-2.3869 -3.215 3.4035
-2.0918 -4.0981 1.8801
-1.58 -3.9672 0.29948
-1.499 -3.5292 -1.3549
-1.2063 -3.5101 -3.2258
-0.88966 -3.7601 -5.4729
-0.45168 -5.0526 -7.7843
0.069626 -6.8403 -9.9623
-0.12318 -8.6517 -11.686
0.65044 -10.347 -13.238
1.4931 -12.246 -14.118
1.3407 -14.191 -15.211
1.2574 -14.474 -15.811
0.90276 -13.286 -14.856
0.1577 -11.684 -13.14
-0.48024 -9.7943 -11.093
-1.0539 -8.5256 -9.2767
-1.3205 -8.0686 -7.7176
-0.94917 -8.2447 -6.356
-0.94679 -9.254 -5.1206
-0.73018 -10.025 -3.9947
-0.7397 -9.7824 -2.5712
-1.3586 -8.6113 -0.8907
-2.0941 -7.0783 0.42564
-2.3607 -6.3833 1.7158
-2.7321 -6.6737 2.8108
-2.9058 -7.3973 4.2009
-2.8225 -6.7546 5.2007
-2.6726 -6.2452 6.4194
-2.8654 -5.7739 6.9574
-3.2248 -4.5551 7.443
-3.5485 -3.8743 8.3666
-3.3295 -3.5578 8.8902
-3.3391 -2.4104 9.6662
-3.7771 -1.5154 9.7234
-4.0151 -1.2036 9.3996
-4.1246 -0.88698 9.264
-3.4509 -1.3535 8.9045
-3.1629 -2.4556 9.8781
-3.5771 -1.7463 10.309
-3.4438 -0.74654 10.38
-3.2224 -0.72035 10.564
-2.9273 -2.3295 9.5544
-2.7773 -3.4887 8.964
-2.2417 -3.2888 8.4427
-2.1322 -2.9484 7.662
-2.1203 -3.2602 7.2883
-2.2869 -3.3554 5.8315
-2.0632 -3.9386 4.2747
-1.8918 -4.3076 2.5037
-1.8418 -4.4409 0.47563
-1.7514 -4.8194 -1.2549
-1.7656 -5.2716 -2.7736
-1.4657 -5.5811 -4.3018
-1.2039 -6.0286 -5.9085
-0.78017 -6.2761 -7.7914
-0.79921 -6.8546 -9.0697
-0.80635 -7.9948 -10.403
-0.4612 -9.0517 -12.078
-0.32076 -11.134 -13.335
-0.16365 -11.989 -13.607
-0.3398 -11.725 -13.038
-0.71114 -11.025 -12.338
-1.1348 -10.394 -11.721
-1.1634 -10.261 -10.824
-1.2872 -9.7348 -10.21
-1.8275 -9.8157 -9.2934
-1.599 -9.7301 -8.1032
-1.4443 -9.5944 -6.8892
-1.3467 -9.3468 -6.1751
-1.2253 -9.4777 -5.6443
-0.99916 -9.3492 -4.3256
-1.1158 -8.3042 -3.2187
-1.1467 -7.4068 -1.8357
-1.2063 -7.6068 0.30901
-1.9608 -7.1759 1.4444
-2.3036 -7.5711 3.394
-2.5892 -6.2738 4.4628
-2.6369 -5.612 6.1266
-2.9392 -4.7218 6.5051
-3.5009 -4.3195 7.2764
-3.6937 -3.6411 8.5141
-3.7152 -2.0772 9.8805
-4.1055 -0.4966 10.909
-4.1413 0.31749 11.518
-3.996 0.11754 12.044
-3.7247 -0.92982 11.78
-3.3248 -2.4509 10.652
-3.47 -3.3911 9.3901
-3.051 -3.2007 8.3499
-2.7511 -2.6246 8.2166
-2.5916 -3.1674 7.8548
-2.4798 -4.2005 7.2478
-2.6392 -4.867 7.3906
-2.9439 -4.617 7.581
-2.8773 -4.7051 7.8643
-2.8225 -4.8955 8.0166
-2.7559 -4.3933 7.8
-2.8701 -3.7577 7.9928
-3.0748 -3.1079 7.2264
-2.9725 -3.0055 6.6741
-2.9296 -4.0624 5.979
-3.0106 -5.6525 4.846
-2.7606 -5.4906 4.6865
-2.6892 -4.598 4.3604
-2.2988 -2.6984 3.463
-2.2465 -1.275 1.0636
-1.937 -1.4345 -2.476
-1.3848 -3.4078 -6.0204
-0.19936 -5.6953 -8.9935
-0.31361 -7.3378 -10.964
0.1458 -8.5065 -12.569
0.83849 -9.1326 -13.552
0.80278 -10.125 -14.314
0.78374 -11.051 -14.425
0.5219 -10.67 -13.864
0.10771 -10.123 -12.688
-0.49214 -9.135 -11.895
-1.1182 -8.1019 -11.386
-1.2253 -8.2947 -10.814
-1.2158 -8.3471 -10.565
-1.3372 -8.3756 -10.569
-0.93727 -9.1207 -10.824
-1.1491 -10.318 -10.036
-1.3943 -9.9871 -8.6388
-1.2205 -8.5708 -7.1749
-0.93251 -7.2449 -5.8157
-0.88014 -7.1664 -4.2494
-1.1348 -7.94 -2.8236
-1.7299 -8.2399 -1.7643
-2.2108 -8.2328 -0.22182
-2.4488 -7.5235 1.135
-2.5797 -6.8617 2.487
-2.8582 -6.826 3.6629
-3.0606 -6.5975 4.089
-3.0891 -6.5903 5.0959
-3.0058 -5.7858 5.3982
-3.1105 -5.3121 6.4385
-3.52 -4.1124 6.9383
-3.7937 -4.1505 8.2475
-3.6152 -3.6673 8.9117
-3.2867 -3.6339 9.3354
-3.2034 -3.6553 8.995
-3.1843 -4.0576 8.269
-3.2177 -3.6625 7.9119
-2.9701 -3.5363 8.0166
-2.3941 -3.0864 8.0166
-2.0679 -2.8698 7.7239
-1.987 -3.5673 7.9167
-2.1037 -4.0624 8.1928
-2.0918 -4.4504 9.0593
-2.1465 -5.105 9.1568
-1.9799 -4.9646 9.1997
-2.2346 -3.8886 9.1211
-2.4298 -2.8651 8.7403
-2.5845 -2.6175 8.5403
-2.9082 -2.3152 8.7308
-3.0963 -2.9865 8.8093
-3.0272 -3.5435 8.5546
-3.1558 -3.6673 8.6451
-3.2319 -3.4673 8.9379
-3.3795 -3.1388 9.1211
-3.7818 -2.8651 8.5927
-3.9008 -2.6246 8.8331
-3.9365 -2.6556 8.9331
-3.8794 -2.3009 9.402
-3.6818 -1.7177 9.9114
-3.6199 -1.175 10.076
-3.1153 -1.8558 10.364
-2.8892 -1.6249 10.873
-2.9939 -1.4202 11.306
-3.251 -1.1679 11.199
-3.4676 -0.99409 11.352
-3.3533 -0.75606 10.928
-3.2129 -1.3226 9.84
-3.3224 -2.5818 8.7712
-2.9915 -3.4387 8.1095
-2.763 -3.6173 6.9407
-2.4988 -4.4242 6.11
-2.3869 -4.5075 4.8365
-2.4964 -4.667 3.3487
-2.5321 -4.9503 2.13
-2.1346 -4.6456 0.43279
-2.1108 -4.7503 -0.99782
-1.9394 -4.6884 -2.7474
-1.4729 -4.9027 -4.6469
-1.0063 -5.3407 -6.8178
-0.81111 -6.119 -8.815
-0.81587 -6.9664 -10.355
-0.4493 -7.552 -12.907
0.30766 -9.7182 -14.44
0.66234 -10.951 -15.728
0.56712 -11.106 -15.639
0.16008 -10.511 -14.297
-0.78017 -9.692 -12.44
-1.3038 -9.1492 -11.131
-1.4133 -8.9826 -10.231
-1.5038 -9.2421 -9.3125
-1.7799 -9.0826 -8.4769
-1.6062 -9.0921 -7.0249
-1.4657 -8.6422 -6.2489
-1.2872 -8.4685 -5.4015
-1.2467 -8.6256 -4.2327
-1.1872 -8.4351 -2.8188
-1.2134 -8.1423 -1.4001
-1.3586 -8.2637 -0.44081
-1.6847 -8.3566 1.0826
-2.0822 -7.9329 2.1728
-2.4964 -7.0236 3.5844
-2.8201 -6.3856 4.827
-2.9677 -5.9691 5.7267
-3.0225 -5.3121 6.5075
-3.4628 -4.5647 7.3025
-3.7628 -4.0291 8.2856
-3.7033 -3.1817 9.1878
-3.927 -2.4485 10.245
-4.1413 -1.8177 10.616
-3.7961 -1.8605 10.126
-3.2439 -2.2438 9.6734
-2.8559 -2.2105 9.0997
-3.3391 -1.8844 8.3047
-3.2843 -2.6984 7.95
-3.4605 -3.0579 7.8619
-3.4343 -2.8127 8.1047
-3.5842 -2.3747 8.6832
-3.37 -1.8415 9.1045
-3.1486 -1.9296 9.5234
-3.401 -2.2747 10.142
-3.2177 -2.1986 9.5258
-3.2891 -2.2557 9.7567
-3.5961 -1.6439 9.4615
-3.401 -1.4273 9.4544
-3.2058 -1.8272 9.2425
-3.182 -1.8605 9.1783
-3.0748 -1.6297 8.6379
-3.1582 -2.2795 8.9926
-3.4509 -3.3292 8.5689
-3.2819 -3.8101 8.8046
-3.2796 -3.403 8.7331
-3.3438 -3.2078 7.6905
-2.9749 -3.146 6.0195
-3.0748 -3.4649 3.8296
-2.8892 -3.7625 2.6537
-2.5202 -3.6958 0.9279
-2.3107 -3.9743 -0.5146
-1.7942 -4.041 -2.1666
-1.1444 -4.7003 -4.5898
-0.65639 -5.9286 -7.301
-0.080338 -7.5139 -9.9742
-0.027969 -8.6089 -12.293
0.4362 -10.168 -14.29
1.048 -10.685 -15.982
1.1717 -11.653 -15.982
0.98369 -11.82 -15.021
0.29338 -10.654 -13.323
-0.57545 -9.3897 -10.829
-0.97536 -8.2542 -8.6102
-1.1848 -8.0209 -7.6081
-1.3015 -8.6756 -7.0654
-1.599 -8.8112 -7.1892
-1.3729 -9.2302 -6.5893
-0.79207 -9.4563 -6.2799
-0.56831 -9.4825 -5.3991
-0.69923 -9.5039 -4.2684
-0.91347 -9.2802 -3.0592
-1.2824 -9.1564 -1.4715
-1.9846 -7.9376 0.092392
-2.4107 -6.8236 1.573
-2.6821 -6.3404 3.144
-3.0582 -5.9119 4.0295
-3.3057 -5.8739 5.0507
-3.0772 -5.931 5.5482
-2.9177 -5.9096 6.1052
-2.8606 -5.7334 6.6694
-3.1034 -5.4549 7.5834
-3.6057 -5.1526 8.3547
-3.7675 -4.7003 9.2354
-3.9032 -3.9458 9.7805
-4.0294 -3.0864 9.571
-4.1079 -2.7222 9.0164
-3.9746 -3.1721 8.457
-3.5604 -3.3626 7.8215
-3.3081 -3.0817 7.7929
-3.4367 -3.1555 8.1571
-3.8794 -2.8532 8.5546
-3.7247 -2.0224 8.8355
-3.5271 -1.6416 9.1616
-3.3819 -1.3797 9.4139
-3.1415 -2.5009 9.7329
-3.3462 -3.9124 9.1806
-3.4605 -4.0219 9.3544
-3.7009 -2.8674 9.3568
-3.7271 -2.677 8.6784
-3.5723 -2.8222 8.4903
-3.6961 -2.4723 9.2116
-3.8818 -1.6011 9.6758
-4.146 -1.4107 10.107
-4.2579 -1.2059 10.347
-4.0889 -1.225 10.516
-3.5414 -1.8963 9.3235
-3.0867 -2.7627 8.6736
-2.9987 -3.096 7.8024
-2.6559 -3.6577 6.9764
-2.7106 -3.6054 6.3599
-2.4464 -3.234 4.0152
-1.8989 -3.6173 2.3395
-1.5776 -3.9743 -0.031387
-1.5252 -4.6599 -2.1023
-1.242 -5.2645 -3.9876
-0.94203 -5.9976 -5.5919
-0.71352 -6.3071 -7.4581
-0.68733 -6.5903 -8.8768
-0.92775 -6.7546 -10.134
-0.84682 -7.1973 -11.381
-0.54213 -7.971 -12.316
-0.21126 -8.6303 -13.135
-0.19936 -9.185 -14.583
-0.15651 -10.173 -14.464
-0.64449 -10.018 -14.197
-1.3753 -10.013 -12.876
-1.6704 -9.6753 -11.49
-1.63 -9.2373 -11.043
-1.7918 -9.3135 -10.724
-1.311 -10.318 -9.8409
-1.3038 -10.827 -8.953
-1.2015 -9.1921 -9.0197
-0.86586 -7.7972 -7.3915
-1.0396 -7.0569 -6.1061
-0.96822 -6.7046 -3.8709
-1.4943 -6.1167 -1.9547
-1.968 -6 0.040024
-2.1132 -5.9905 1.7015
-2.5797 -5.6406 3.2059
-2.8535 -4.8955 4.8722
-2.8249 -4.0243 6.5384
-3.201 -3.265 7.4025
-3.6247 -3.6149 8.9355
-3.6699 -2.6366 9.6543
