-2.8559 -3.0603 9.5091
-2.9558 -2.7008 9.5329
-2.9868 -2.5651 8.0285
-3.0653 -3.6625 7.0574
-3.013 -4.2885 6.3599
-2.9225 -4.4861 5.8219
-2.7392 -4.4671 6.2385
-2.6821 -4.5742 6.8217
-2.5036 -4.6027 7.1526
-2.8297 -4.9098 6.6503
-2.8535 -4.0886 6.2409
-2.9344 -2.2271 5.1578
-2.8106 -1.7963 3.1321
-2.4869 -1.9724 -1.0764
-1.599 -3.0603 -4.2399
-0.80159 -3.8101 -7.351
-0.44691 -5.4168 -9.3291
0.069626 -6.607 -11.548
0.062485 -7.7972 -13.092
0.73137 -8.7351 -14.245
0.80754 -9.9086 -14.54
0.61235 -10.904 -14.047
0.30052 -11.087 -13.73
0.014877 -11.104 -13.461
0.036301 -10.727 -12.747
-0.78255 -10.806 -12.614
-1.1967 -10.899 -13.109
-0.96346 -10.185 -12.207
-0.81349 -8.2447 -11.774
-1.2205 -7.4259 -9.6981
-1.4967 -7.5401 -7.7081
-0.65163 -8.5494 -5.4777
-0.92537 -8.19 -4.1923
-1.3776 -8.4589 -3.0568
-1.5776 -8.5851 -2.3475
-1.9608 -7.7496 -1.2573
-2.6012 -6.1405 -0.58839
-2.7963 -5.3692 1.2659
-2.7416 -3.6792 2.6799
-2.6178 -2.7579 4.308
-2.6726 -2.5413 6.2266
-3.1677 -2.3128 7.9167
-3.5676 -2.1343 9.6805
-3.589 -1.8772 11.09
-3.7009 -1.9796 11.735
-4.3317 -2.1295 11.666
-4.3769 -1.2559 10.514
-3.9556 -1.5487 10.13
-3.9199 -1.6915 8.7022
-3.5938 -1.6582 7.7548
-3.1463 -1.7106 7.0764
-2.9558 -1.0346 7.3335
-1.699 -2.2533 9.0259
-1.7276 -2.6342 9.5115
-2.6535 -2.3485 10.768
-2.6678 -1.7725 11.273
-2.5464 -1.4154 11.685
-2.3845 -0.43233 10.297
-2.2846 0.56029 8.9736
-2.4559 -0.041946 8.6403
-2.3774 -2.4223 6.9931
-1.9513 -3.5554 6.6146
-1.5871 -3.1055 6.5956
-1.7109 -2.1176 5.8886
-1.9894 -1.7772 4.4104
-2.3345 -1.7582 1.1064
-1.9965 -2.5675 -1.5048
-1.9465 -2.9722 -3.6662
-1.5395 -3.6339 -5.9847
-0.41835 -4.8313 -9.0911
-0.03511 -6.8712 -11.738
0.067245 -8.2233 -13.673
0.54808 -8.916 -16.408
1.1836 -10.732 -17.196
1.2836 -11.046 -17.841
1.117 -11.613 -16.327
0.29576 -11.299 -14.847
-0.42549 -11.456 -13.609
-0.5945 -11.613 -12.619
-0.94203 -11.703 -10.945
-1.4633 -11.47 -9.1839
-1.7585 -10.525 -7.3677
-1.2134 -9.8062 -6.018
-1.4371 -8.1614 -5.2135
-1.48 -6.2666 -4.6564
-2.1132 -6.0619 -3.2139
-2.7654 -5.7334 -1.5096
-3.0439 -4.0362 0.53038
-3.1248 -2.1557 3.2226
-3.1153 -0.30379 5.0793
-3.2558 -0.49898 7.8929
-3.1177 -0.44185 9.7615
-2.9463 -0.60371 11.382
-3.1701 -0.67751 12.873
-4.2674 -0.42995 13.72
-4.5888 -0.35139 13.218
-3.8937 -0.76082 12.237
-3.5795 -0.99648 10.775
-3.3367 -1.5487 8.5641
-3.2962 -1.9462 7.2168
-2.9844 -2.101 6.7741
-2.7606 -3.4078 6.7836
-2.9011 -5.0598 7.631
-3.0249 -4.1933 8.895
-3.1153 -2.1867 9.3449
-3.1986 -1.932 9.89
-3.1248 -1.9748 9.9971
-3.051 -1.6416 9.2425
-3.0201 -1.2298 8
-3.0653 -0.63704 8.745
-2.8559 0.56743 8.8902
-2.475 1.0173 8.7784
-2.4726 0.050888 8.5332
-2.7249 -1.0227 7.7429
-2.7963 -2.8365 7.8905
-2.8916 -3.3364 8.288
-1.8466 -1.3035 10.533
-2.9249 0.58885 9.9709
-2.6535 2.1742 7.2859
-4.465 0.70073 3.6344
-2.9201 -1.3107 0.23759
-1.1229 -3.0222 -2.7379
-1.1301 -4.5123 -5.6372
-0.037491 -5.6477 -8.9364
0.11961 -7.5711 -12.359
1.2027 -9.0993 -13.497
1.2455 -10.18 -14.802
1.6883 -10.832 -15.332
1.6264 -11.682 -14.442
1.3407 -12.07 -14.228
0.86229 -12.31 -12.516
-0.2303 -11.234 -11.041
-0.75636 -10.27 -10.348
-0.83492 -10.497 -10.305
-0.81111 -10.87 -10.772
-0.8968 -11.33 -10.524
-0.82301 -11.387 -9.4553
-0.92061 -10.278 -7.7224
-0.7397 -8.2566 -6.7893
-0.32314 -6.7355 -5.7538
-0.59926 -6.1428 -4.0018
-1.0515 -5.812 -2.4284
-1.3729 -5.1764 -0.69313
-1.968 -4.8693 1.5016
-2.256 -3.4459 3.6772
-2.6107 -2.3081 5.4577
-2.9844 -0.37996 6.5384
-3.0082 0.081833 8.9117
-2.644 1.0816 9.8233
-2.9796 -0.21095 10.737
-3.5152 -1.4987 11.64
-4.2769 -1.0417 12.449
-4.5507 -0.087173 12.934
-4.3222 0.15086 12.42
-3.908 -0.48708 10.395
-3.2367 -2.8532 8.9236
-2.9701 -3.7958 7.6453
-2.9701 -3.0126 8
-2.9225 -1.5606 8.6308
-2.9844 -1.4702 8.5618
-2.8606 -2.1224 9.114
-3.051 -1.2869 9.3092
-2.5416 -0.73225 9.8257
-2.1608 -0.43471 9.5686
-2.2822 -1.1536 8.8403
-2.4631 -1.0893 8.8331
-2.4893 -1.4749 9.3044
-2.4155 -0.77748 9.095
-3.4271 0.8983 10.078
-4.0508 2.1766 10.311
-3.9389 1.8766 10.999
-3.6557 1.2125 10.004
-3.1891 1.3291 9.8638
-3.251 1.3458 9.5996
-3.0463 0.4865 9.5377
-2.5226 -0.22047 10.119
-2.3679 -1.6297 10.64
-1.9227 -2.3628 12.163
-1.4657 -1.056 12.075
-1.818 1.2601 10.035
-1.6776 0.74358 7.412
-1.38 -0.79414 4.2295
-1.1015 -2.5604 1.4111
-1.0015 -3.4935 -1.2787
-0.5945 -3.8434 -4.147
0.043442 -4.6622 -6.9226
0.15294 -5.3097 -9.7909
1.0051 -5.9453 -12.795
1.6835 -8.7708 -16.123
3.395 -11.62 -18.355
3.7687 -13.865 -17.839
3.0284 -14.072 -15.513
1.4312 -14.091 -11.464
0.19102 -12.203 -9.1673
-0.15651 -11.244 -7.3772
-0.025589 -10.228 -6.8321
-0.31123 -10.299 -6.3584
-0.45644 -11.223 -5.999
-0.99202 -11.501 -4.8778
-1.1515 -9.6658 -4.0685
-0.54213 -6.2523 -3.2568
-0.84206 -4.0862 -0.30751
-2.1941 -2.4628 2.1776
-3.2153 -1.7749 4.458
-2.8439 -0.88936 6.8384
-2.8439 -0.64656 8.5927
-2.8797 -0.22762 9.9781
-3.1105 -0.27046 11.828
-3.6652 0.19847 12.932
-3.9056 -0.015762 13.158
-5.1029 -0.19429 12.43
-4.5388 0.029465 10.842
-4.1127 0.64598 9.6258
-4.1246 0.33653 8.526
-3.7175 -0.31331 7.5453
-3.5271 -0.29189 7.055
-3.8485 0.077072 7.562
-3.8985 0.82927 7.8857
-3.2439 1.3601 8.826
-1.968 -0.57039 9.8067
-3.4533 -0.0062408 10.169
-2.106 1.303 9.9662
-1.7894 -0.0014801 10.316
-2.2203 -0.79652 9.771
-2.5226 0.63646 9.0688
-3.032 1.4767 9.4068
-3.2605 1.2506 9.4996
-3.0772 1.1316 9.3663
-2.6964 -0.10146 8.2095
-2.5464 -2.3247 7.8762
-1.9442 -3.0174 8.3618
-1.261 -3.265 9.8995
-1.9323 -2.4009 11.987
-2.3917 -0.3752 12.806
-2.6488 0.44603 10.687
-2.3322 -0.77748 7.0954
-2.4559 -3.0817 3.1202
-1.7942 -5.1264 0.85649
-1.0396 -5.9 -0.076614
-1.3753 -6.2095 -1.3573
-0.89919 -5.9381 -3.164
-0.48262 -6.2381 -4.9397
-0.20888 -7.5544 -7.6438
0.58141 -9.4563 -9.3648
0.82896 -11.192 -10.107
0.35051 -11.544 -11.072
0.73613 -11.665 -11.345
0.31004 -11.28 -11.05
0.16484 -11.056 -10.805
0.21007 -9.9657 -10.748
0.35527 -9.5111 -9.979
0.010117 -10.368 -10.008
-0.10176 -10.996 -9.9956
-0.25172 -10.418 -9.3791
-0.22554 -9.811 -8.9554
-0.28267 -9.3325 -8.7007
-0.056534 -9.3611 -8.2389
0.21721 -9.8776 -7.5105
0.31956 -9.7229 -7.2082
0.79564 -8.0757 -6.1513
-0.25172 -5.9667 -3.9447
-1.1015 -4.3647 -1.6167
-2.2941 -3.5078 0.98979
-3.0677 -3.384 3.5963
-3.2938 -3.1983 5.1174
-3.1534 -3.722 6.5146
-3.0915 -3.8791 7.5596
-3.4462 -3.0126 8.0833
-3.1272 -2.6604 9.7162
-3.4605 -2.0867 10.238
-4.1746 -1.882 10.14
-4.3293 -1.8748 10.097
-4.0389 -1.7606 9.3568
-3.2296 -3.1745 8.6213
-3.7913 -2.827 8.626
-3.7271 -0.47755 9.2878
-3.7461 1.81 9.6044
-3.8366 0.81023 9.9162
-3.6961 0.034225 9.8329
-3.4248 0.81499 10.856
-2.0941 -0.53944 11.387
-1.6561 -3.2007 9.3044
-2.1322 -3.0674 8.8188
-1.887 -1.682 9.3877
-2.156 -1.1393 8.3285
-3.2915 1.0197 8.3713
-2.9249 0.56029 8.6641
-4.1079 0.086594 7.8024
-2.037 -0.92268 8.8165
-1.2777 -2.8246 9.821
-2.4583 -5.8429 8.457
-2.3774 -5.3906 8.5998
-2.1846 -2.4009 10.606
-2.8059 -1.0703 11.425
-2.5012 -0.53468 11.021
-2.2465 -0.36806 11.183
-2.5012 -0.93221 11.073
-2.4583 -0.91316 11.149
-2.6107 -1.3202 11.102
-3.9127 -1.7011 11.066
-3.7533 -1.0488 11.337
-3.4176 0.14372 12.025
-3.1962 -0.74654 11.002
-3.2748 -0.33473 10.252
-3.0796 0.34605 8.8188
-2.9511 -0.0086212 8.338
-2.9344 0.40318 9.2687
-2.8154 -1.0679 9.8305
-2.794 -2.1105 9.9828
-3.0011 -1.7606 10.235
-3.22 -1.7368 9.9209
-3.4795 -1.3012 10.114
-3.9508 -0.43233 10.064
-3.6319 -0.30617 8.9688
-3.8794 -1.0607 8.2333
-3.3629 0.17467 7.7143
-2.6131 -0.28236 7.2716
-2.5988 -1.5297 7.4287
-2.6559 -1.0274 8.0357
-2.4012 -0.55373 8.1571
-2.6178 -0.35854 8.745
-2.932 1.3434 9.1188
-2.9177 2.5455 9.8781
-2.9892 3.3453 10.457
-2.5178 1.6672 9.1021
-1.6871 -2.0772 8.9093
-1.5538 -0.77748 8.9355
-2.444 2.7002 10.418
-4.0794 3.4667 10.128
-3.9151 2.1885 8.9902
-3.8556 1.9242 8.8664
-4.2198 2.2694 8.4451
-3.8128 2.4574 8.6903
-3.1653 1.8647 9.8852
-2.6773 1.1411 10.754
-2.306 0.21275 12.311
-1.9442 0.4127 12.989
-1.9965 0.88878 12.473
-1.9323 1.0316 11.778
-1.7252 -0.5442 9.9209
-1.5014 -1.3392 7.6572
-0.8849 -0.018143 7.1526
-1.2824 1.5672 6.4266
-2.0608 0.42937 4.2104
-2.6392 -1.6082 2.4632
-2.0346 -2.2914 1.504
-1.6419 -2.5247 -1.143
-1.2634 -3.3197 -3.9661
-1.0491 -4.6765 -6.487
-0.89442 -6.6546 -9.2077
-0.28743 -8.9445 -10.657
