-0.93251 -1.8653 7.7358
-1.2229 -1.8891 7.5287
-1.4681 -1.5701 7.4525
-1.3419 -2.0748 7.4287
-1.0872 -2.7746 7.1288
-1.0349 -2.7222 6.2742
-1.1729 -2.9674 5.0959
-1.5109 -3.3935 4.3318
-1.9704 -3.5958 4.2842
-2.2393 -3.8125 4.5627
-2.3726 -4.5075 5.3244
-2.5797 -4.8717 6.0933
-2.525 -5.3168 6.6313
-2.4179 -5.5501 6.9288
-2.3107 -5.5715 7.1121
-2.2417 -5.6644 7.1835
-2.3393 -5.731 6.9145
-2.4988 -6.0262 6.3075
-2.6369 -6.6951 5.5696
-2.6964 -7.2259 5.4792
-2.5678 -7.3949 5.353
-2.4083 -7.6401 5.9314
-2.0418 -7.7853 6.2909
-1.9489 -7.8519 6.3909
-1.7395 -8.009 6.2195
-1.2063 -8.3494 5.9981
-0.59688 -8.6351 5.7886
-0.30647 -8.3994 5.4935
-0.2303 -8.0567 5.4125
-0.35646 -8.0186 5.3149
-0.38503 -8.3375 5.5196
-0.15889 -8.9636 5.7839
0.10057 -9.4325 6.1695
0.21483 -9.6063 6.6955
0.37431 -9.2706 6.9431
0.55046 -8.4756 7.0002
0.78136 -8.04 7.1645
1.0218 -7.633 6.7503
1.2574 -7.7044 5.9933
1.2098 -8.3185 5.8529
1.2431 -8.816 5.6839
1.4217 -9.2111 5.7172
1.5359 -9.085 6.0219
1.5645 -8.8136 6.06
1.5597 -8.7565 5.9695
1.6288 -8.3352 6.0647
1.5954 -7.8377 6.0766
1.7049 -7.2426 5.6625
1.6907 -6.7998 5.6077
1.693 -6.7046 5.6767
1.8858 -6.9331 5.8838
2.3381 -7.114 5.6934
2.7166 -7.4163 5.6672
3.0499 -7.3521 5.5601
3.2022 -7.0807 5.2364
3.2617 -6.9093 5.0959
3.345 -6.6713 4.9841
3.4521 -6.6737 5.0221
3.6592 -7.0521 5.165
4.0187 -7.2759 5.2245
4.2805 -7.7258 5.0412
4.5995 -8.5351 4.4937
4.8089 -9.0683 3.8867
4.8732 -9.1969 3.6987
4.8304 -8.7589 3.5415
4.9494 -8.0971 3.5939
5.1422 -7.5972 3.6391
5.3136 -7.4116 3.9296
5.6873 -7.2497 4.0414
6.042 -7.2449 4.2461
6.2395 -7.5877 3.97
6.3871 -8.1709 3.5796
6.6966 -8.1923 3.0512
6.8299 -8.0686 2.9179
6.6823 -7.9019 2.9108
6.6347 -7.6758 3.0893
6.7632 -7.314 3.3535
7.0846 -7.1188 3.5463
7.3488 -6.9284 3.5249
7.4035 -6.6499 3.394
7.4178 -6.5499 3.2107
7.6535 -6.7784 3.0226
7.8653 -6.9498 2.6608
8.1581 -7.314 2.4894
8.2819 -7.195 2.568
8.3581 -6.8974 2.9536
8.2486 -6.7117 3.1964
8.3581 -6.5475 3.5915
8.3581 -6.2547 3.7558
8.2724 -5.981 3.7248
8.3914 -5.7334 3.4701
8.4343 -5.6263 3.1702
8.2819 -5.7096 3.1202
8.4223 -5.8548 3.2583
8.6199 -5.6263 3.244
8.6413 -5.5073 3.4892
8.4223 -5.4716 3.5773
8.5914 -5.6073 3.6439
8.7032 -5.443 3.3892
8.7461 -5.0741 3.2988
8.639 -4.8479 3.1178
8.4914 -4.8574 3.1202
8.6485 -5.005 3.1916
8.8437 -5.1217 3.3202
8.8651 -5.0502 3.2416
8.7699 -5.1145 3.1107
8.9079 -5.0645 3.194
8.8722 -4.8146 3.244
8.9032 -4.6337 3.4178
8.8937 -4.4694 3.6296
8.8484 -4.1767 3.5487
8.8603 -3.8434 3.92
8.9627 -3.8148 4.0819
8.977 -3.8339 3.9819
8.8175 -3.9362 3.6749
9.027 -3.9386 3.4344
9.2126 -3.8553 3.344
9.2507 -3.9886 3.0536
9.2959 -3.9648 2.8727
9.1579 -3.7006 2.8298
8.9746 -3.4721 2.9012
8.9079 -3.4578 3.2107
8.8103 -3.5006 3.3535
8.6699 -3.3697 3.6082
8.6437 -3.1317 3.751
8.6223 -2.9246 3.6558
8.6294 -3.0579 3.5915
8.658 -3.2459 3.4202
8.6937 -3.3054 3.2868
8.877 -3.134 3.4035
8.7247 -3.0579 3.4154
8.689 -3.0603 3.294
8.7104 -3.0126 3.1869
8.7532 -2.8484 3.2416
8.7247 -2.9769 3.613
8.777 -2.9317 3.6106
8.7865 -3.1531 3.5892
8.5366 -3.2626 3.7201
8.5033 -2.9151 3.8677
8.5318 -2.727 4.0105
8.2962 -2.9151 3.6796
8.3462 -3.0579 3.5796
8.7461 -2.9127 3.7748
8.827 -2.4747 3.3487
8.7508 -2.4152 3.5868
8.6509 -2.1367 3.7629
8.4961 -1.9367 4.07
8.4509 -1.9177 4.3628
8.4581 -2.0914 4.2795
8.3081 -2.1343 4.2247
8.3962 -2.0557 4.0557
8.5104 -2.151 3.8391
8.6485 -2.4842 3.4678
8.6747 -2.8103 3.2916
8.6961 -2.5913 3.2749
8.9389 -2.2152 3.2964
8.8127 -2.3342 3.4535
8.7437 -2.4652 3.6963
8.7223 -2.4985 3.6915
8.7842 -2.4723 3.8153
8.7651 -2.4842 3.8201
8.8223 -2.5056 3.8629
8.8246 -2.4842 3.7843
8.9913 -2.2581 3.5463
9.1436 -2.2914 3.2892
9.115 -2.2128 3.0393
9.0912 -1.901 3.4916
9.465 -1.6939 3.5296
9.6292 -2.3723 3.4749
9.5506 -2.7389 3.5249
9.5197 -2.4247 3.5058
9.484 -2.1629 3.6558
9.3316 -1.9748 3.7296
9.2602 -1.9296 3.7296
9.2817 -2.0748 3.6963
9.1412 -2.0676 3.5582
9.0936 -1.882 3.5082
9.1769 -1.7344 3.175
9.1103 -1.7511 3.1583
8.9913 -1.7439 3.2654
8.8627 -1.6677 3.4297
8.8484 -1.6535 2.737
8.9246 -2.2819 2.3109
8.6675 -2.2152 2.3299
8.6723 -1.9748 2.1943
8.7175 -1.8867 2.3347
8.6675 -1.7891 2.8988
8.5556 -1.5511 3.2226
8.6056 -1.6987 3.2012
8.6985 -1.9653 3.1274
8.5937 -1.7201 2.9203
8.7223 -1.1702 2.7203
8.7984 -0.67989 2.149
8.8699 -0.42757 2.2538
8.7056 0.19609 2.011
8.777 0.0080414 2.0633
8.758 -0.21095 2.1657
8.539 -0.22285 2.5323
8.3319 -0.025284 3.0036
8.2557 0.055649 3.0345
8.4295 -0.11812 3.294
8.4247 -0.11574 3.2726
8.3605 0.027084 3.5154
8.4462 0.31035 3.2868
8.7746 0.54839 3.2607
8.9008 0.76738 3.3844
8.9198 0.87688 3.5677
8.9175 0.80309 3.8772
8.9817 0.65788 3.9176
9.0865 0.50554 4.0867
9.2769 0.54124 4.2438
9.3793 0.66502 4.2271
9.6697 0.49126 3.9938
9.8625 0.2556 3.7344
10.072 0.096115 3.2083
10.065 0.11516 2.8917
9.9553 0.24846 2.5751
9.9505 0.51268 2.2752
9.8577 0.81737 2.0729
9.7887 1.1006 1.9776
9.6673 1.2649 1.7206
9.4864 1.2887 1.9134
9.3388 1.2792 1.7325
9.315 0.99113 1.7063
9.3293 1.053 1.6039
9.3055 0.86498 1.4992
9.3602 0.59599 1.592
9.3626 0.41985 1.4801
9.4054 0.010422 1.4397
9.2888 -0.058609 1.4778
9.284 -0.1205 1.4421
9.2555 -0.23952 1.454
9.1936 -0.19905 1.4873
9.1841 -0.31807 1.3088
9.1317 -0.29189 1.2992
9.0841 -0.30141 1.1588
9.0841 -0.37758 0.99217
9.1579 -0.40138 0.84221
9.2103 -0.28474 0.7708
9.2317 -0.13954 0.75175
9.3221 0.041367 1.0065
9.3174 0.21037 1.2135
9.2888 0.29607 1.4587
9.2245 0.34367 1.6182
9.2721 0.43651 1.7706
9.3031 0.66502 1.8658
9.4197 0.74358 1.8943
9.3626 0.81261 1.8253
9.365 0.86736 1.8562
9.3793 0.88878 1.8039
9.4483 0.8745 1.9158
9.4602 0.71263 1.8824
9.4959 0.60075 1.8848
9.503 0.43651 1.892
9.5245 0.38414 1.8681
9.4507 0.29369 1.8348
9.4959 0.14848 1.6968
9.5649 0.0080414 1.5373
9.6958 -0.077652 1.5373
9.7316 -0.096695 1.5087
9.6911 -0.18715 1.4421
9.4721 -0.091934 1.5611
9.3007 -0.06575 1.5849
9.3055 0.031845 1.5159
9.2341 0.093735 1.6325
9.2388 0.18419 1.4706
9.2198 0.13658 1.4849
9.2912 0.17705 1.6015
9.3031 0.12468 1.6444
9.215 0.18181 1.6753
9.2198 0.096115 1.9229
9.2079 0.30321 2.0491
9.1603 0.32701 2.1228
9.1674 0.34129 2.0395
9.2079 0.3651 2.0776
9.2222 0.34129 1.8967
9.1817 0.39842 1.8158
9.2245 0.34843 1.7348
9.2793 0.21751 1.6158
9.2769 0.091354 1.6134
9.3293 -0.10384 1.6206
9.3793 -0.16096 1.7015
9.3269 -0.11098 1.7896
9.3555 -0.13954 1.9062
9.3055 -0.0038605 1.9372
9.3721 0.019943 1.7563
9.3864 0.031845 1.7277
9.2888 0.11992 1.5444
9.2864 0.19371 1.6015
9.2341 0.29131 1.542
9.2079 0.16753 1.6801
9.2507 0.12706 1.8396
9.2531 0.091354 1.8586
9.2341 0.069931 1.9062
9.2769 0.005661 1.7944
9.2983 -0.039566 1.7682
9.2293 -0.013382 1.9086
9.334 -0.089554 1.7277
9.3864 -0.17287 1.8158
9.3436 -0.060989 1.8372
9.3578 -0.011002 1.8443
9.3221 -0.0014801 1.9753
9.284 -0.030045 1.9729
9.284 -0.1443 2.0633
9.334 -0.28474 2.1562
9.4078 -0.34901 2.1276
9.415 -0.42043 2.0372
9.3983 -0.42281 2.0157
9.3793 -0.39186 1.9657
9.3745 -0.2538 1.9134
9.3197 -0.18715 1.9753
9.3388 -0.11098 1.9634
9.2793 -0.087173 1.9372
9.2983 -0.18953 1.9158
9.3316 -0.2538 1.9158
9.3888 -0.2538 1.9515
9.3507 -0.24666 1.8396
9.384 -0.2419 1.9086
9.3816 -0.21095 1.8777
9.3816 -0.13002 1.8443
9.3316 -0.084793 1.6991
9.3221 -0.027664 1.8063
9.3483 -0.034805 1.7944
9.3531 -0.020523 1.8348
9.3459 -0.013382 1.8324
9.4245 -0.15144 1.7872
9.3364 -0.20381 1.7682
9.3531 -0.20857 1.8063
9.3721 -0.22523 1.7587
9.3316 -0.16811 1.8277
9.365 -0.1324 1.8539
9.3578 -0.16096 1.9015
9.3888 -0.2419 1.8039
9.3959 -0.32997 1.8705
9.365 -0.31331 1.8562
9.3769 -0.32521 1.8753
9.3626 -0.29903 1.9229
9.3436 -0.21095 1.9158
9.3578 -0.20619 1.8801
9.3436 -0.20619 1.8753
9.3245 -0.15382 1.8515
9.315 -0.20857 1.9062
9.3721 -0.21809 1.8991
9.3626 -0.28474 1.9753
9.3269 -0.24428 1.9181
9.3555 -0.23476 1.8634
9.3626 -0.1443 1.8586
9.3388 -0.14192 1.9277
9.3174 -0.11098 1.9062
9.3412 -0.11098 1.9062
9.2912 -0.1562 1.8539
