-0.46358 -0.60847 7.7096
-0.50404 -0.87746 8.0309
-0.49928 -0.62038 7.9619
-0.50166 -0.33949 8.0976
-0.78731 -0.06813 7.5001
-1.1444 -0.70369 6.855
-1.668 -1.244 6.3647
-1.818 -1.8486 6.0862
-1.8394 -2.5485 5.4697
-1.7585 -3.5268 5.7363
-1.4895 -3.7625 6.0362
-1.2301 -3.5911 6.0933
-1.042 -3.2816 6.0695
-0.95869 -3.3483 5.9291
-1.0182 -3.5554 5.5887
-1.3229 -3.8458 4.8412
-1.4776 -5.2097 4.6794
-1.6799 -6.1881 4.8103
-1.599 -7.0141 5.0864
-1.3086 -7.5473 5.2911
-1.0801 -8.0233 5.2768
-0.82063 -8.14 5.0317
-0.39693 -8.1971 4.9174
-0.011307 -8.2042 4.5532
0.59569 -8.1566 4.1938
1.1051 -8.8089 3.8224
1.4383 -10.189 4.0462
1.5502 -10.792 4.7294
1.2908 -10.27 6.06
0.9575 -9.2326 7.681
0.79564 -8.4113 8.6427
0.93132 -8.3566 8.5808
1.2241 -8.4423 7.6191
1.6311 -8.7684 6.5646
1.8359 -8.8208 6.4051
1.912 -8.6541 6.5361
1.8478 -8.9064 7.3144
1.9097 -8.8755 8.3666
2.1167 -8.5399 9.045
2.5285 -8.5756 9.3163
2.8404 -8.8065 9.3925
3.0284 -8.6922 9.2544
3.1855 -8.4304 8.7046
3.0356 -8.2685 8.9283
2.9642 -7.9591 8.9212
3.1832 -7.5782 8.6379
3.2093 -7.5782 8.8022
3.207 -7.5758 8.7212
3.295 -7.483 8.5165
3.3284 -7.5425 8.2618
3.2998 -7.4901 8.0119
3.1213 -7.3902 7.8762
3.1665 -7.414 7.8691
3.2641 -7.0926 7.7643
3.3926 -6.5213 7.4906
3.5116 -6.3833 7.0407
3.4688 -6.3714 6.8217
3.6449 -6.4047 6.7289
3.8473 -6.4761 6.7455
3.8354 -6.4285 6.9574
3.7806 -6.1666 7.0907
3.6735 -6.0905 7.0121
3.7092 -5.8715 6.6313
3.733 -5.4501 6.3385
3.9282 -4.9979 6.11
3.9949 -5.0026 6.0933
4.0639 -5.4763 5.8124
4.5233 -6.488 5.5791
4.7804 -6.6356 5.3506
4.8185 -6.3285 5.0198
4.7375 -6.2214 4.9983
4.9208 -6.2809 4.9626
5.2255 -6.3475 5.0031
5.4183 -6.3666 4.6484
5.1993 -6.4713 4.6389
5.1636 -6.2404 4.8484
5.5707 -6.1238 5.0674
5.8682 -6.1262 4.8603
5.773 -6.5927 5.1269
5.8325 -6.7903 5.084
5.9158 -6.7094 4.3699
6.1086 -6.8712 3.7748
6.3038 -7.045 3.2202
6.5371 -7.095 2.837
6.5657 -7.1759 2.8631
6.6561 -7.3925 2.8512
6.837 -7.5211 2.618
7.087 -7.7067 2.2133
7.2536 -8.3304 1.911
7.1727 -9.1326 1.6015
7.0632 -9.1778 1.7515
7.0917 -7.9591 1.8205
6.9156 -6.9212 1.8586
6.8799 -6.926 1.8705
6.8251 -7.314 1.6896
7.0465 -7.3902 1.5682
7.0989 -6.9998 1.3778
7.0251 -6.8427 1.3183
7.0822 -7.0759 1.2635
7.0036 -7.3497 1.1207
6.8251 -7.1355 1.1778
6.7823 -6.7403 1.4754
6.918 -6.4951 1.6706
7.0798 -6.5523 1.8301
7.3893 -7.0331 1.861
7.9725 -7.264 1.7467
8.3057 -7.0855 1.5682
8.3271 -6.5427 1.4825
8.1962 -6.3785 1.423
8.1177 -6.4713 1.5301
8.1296 -6.6665 1.9919
8.3581 -6.5237 2.0681
8.2748 -6.2523 2.1205
8.1772 -6.1619 2.0134
8.1772 -6.2666 1.9943
8.3319 -6.1071 2.1014
8.4128 -6.0333 2.3109
8.2748 -6.0262 2.2847
8.2557 -5.8262 2.2538
8.3295 -5.562 2.2276
8.2629 -5.6311 1.9919
8.2557 -5.8286 1.7801
8.3248 -6.0619 1.6587
8.3914 -6.0095 1.5825
8.2676 -5.7429 1.5587
8.1557 -5.3335 1.742
8.2629 -5.174 1.9158
8.2795 -5.0264 2.1443
8.2176 -4.8098 2.3537
8.0058 -4.4885 2.3633
7.9677 -4.4813 2.4466
8.0772 -4.4647 2.0633
8.1296 -4.4409 1.8801
8.2486 -4.3647 1.8943
8.4152 -4.448 2.0014
8.4581 -4.4409 2.1514
8.5057 -4.4361 2.2395
8.4747 -4.5908 2.4323
8.5437 -4.7551 2.5085
8.6532 -4.6646 2.1252
8.5842 -4.5313 1.9657
8.4842 -4.4456 2.0253
8.4295 -4.4314 2.3347
8.4485 -4.31 2.5323
8.3509 -4.1505 2.668
8.2295 -4.0648 2.8155
8.2319 -3.941 2.8941
8.3414 -3.8624 2.7227
8.5247 -3.8172 2.5989
8.6175 -3.6411 2.3204
8.7128 -3.6934 2.23
8.7413 -3.9315 1.9562
8.7556 -4.2147 2.1133
8.6342 -4.3647 2.28
8.5985 -4.3623 2.4537
8.6604 -4.2504 2.668
8.5914 -4.0529 2.7989
8.4557 -3.8577 2.8846
8.5676 -3.6244 2.8179
8.5295 -3.3959 2.7679
8.5699 -3.3316 2.7632
8.6794 -3.2745 2.687
8.7151 -3.5101 2.7322
8.6413 -3.6792 2.6465
8.708 -3.8624 2.8941
8.7223 -3.9672 2.9131
8.6223 -3.9862 3.0893
8.6413 -3.8458 3.0464
8.6485 -3.6339 3.0393
8.6223 -3.5649 3.1012
8.5914 -3.4506 2.9679
8.6675 -3.4506 2.8536
8.6366 -3.5697 2.6894
8.6247 -3.6506 2.7775
8.6199 -3.7268 2.8988
8.6152 -3.6744 2.9822
8.5509 -3.5244 3.0369
8.5699 -3.3792 3.1036
8.5795 -3.2959 3.1131
8.5723 -3.2769 3.0274
8.6747 -3.0888 2.9012
8.7151 -3.1436 2.975
8.6866 -3.0912 3.0583
8.7437 -3.0555 3.1631
8.608 -3.146 3.2868
8.5985 -3.0507 3.3202
8.5818 -2.9746 3.3535
8.5985 -2.9793 3.3392
8.6985 -2.9103 3.1535
8.9151 -3.3435 2.706
8.9913 -3.6863 2.6441
8.9175 -3.2174 2.9131
8.9103 -2.6984 3.0298
8.9056 -2.7222 3.1321
9.0412 -2.7603 3.3416
8.9651 -2.5818 3.7058
8.7842 -2.5247 3.7367
8.7366 -2.5247 3.7748
8.7794 -2.4842 3.6582
8.7056 -2.4723 3.6249
8.7389 -2.6008 3.3821
8.9746 -2.9698 3.0964
8.9889 -3.2935 2.9726
9.0555 -2.7722 2.9917
9.027 -2.27 3.1583
8.9032 -2.1319 3.2607
8.8794 -2.0462 3.2607
8.9032 -2.0177 3.2868
8.7842 -2.1319 3.3868
8.7627 -2.1581 3.2607
8.6842 -2.1414 3.2083
8.7699 -2.1176 3.1869
8.8127 -2.0581 3.1512
8.6342 -2.1176 3.1797
8.6985 -2.2819 3.1416
8.758 -2.1629 3.2749
8.8318 -2.17 3.2702
8.7223 -2.4009 3.3749
8.7556 -2.1438 3.313
8.8937 -1.7963 3.1012
9.1174 -1.7772 3.2369
8.9698 -1.6273 3.5058
8.927 -1.8082 3.6344
9.0746 -2.2557 3.2535
9.3174 -2.6294 3.2797
9.2626 -2.4628 3.2559
9.3388 -2.2605 3.4297
9.4435 -2.1629 3.263
9.6482 -2.3009 2.9631
9.6816 -2.2724 2.8631
9.7506 -1.9343 2.8013
9.7768 -1.7844 2.9036
9.7411 -1.7487 3.0893
9.6102 -1.8891 3.1726
9.553 -1.9748 3.1274
9.4626 -1.9558 3.1631
9.2531 -1.7701 3.3416
9.2126 -1.7225 3.2273
9.2936 -1.9581 2.7227
9.2436 -2.2081 2.5132
9.3459 -2.4437 2.4799
9.2412 -2.3819 2.6108
9.0912 -1.901 2.8489
8.9341 -1.4678 3.0583
8.6937 -1.2583 3.3035
8.6056 -1.1631 3.2535
8.6937 -1.2512 3.2749
8.7032 -1.1155 3.1012
8.7413 -0.93221 3.3535
8.9032 -1.1798 3.5011
9.0198 -1.4725 3.4344
8.9675 -1.6558 3.4011
8.9865 -1.6059 3.3178
8.9746 -1.4892 3.294
8.9722 -1.444 2.8941
8.9936 -1.6987 2.8274
8.8056 -1.4321 2.6894
8.7366 -1.1631 2.7084
8.8103 -1.1107 2.7727
8.7485 -0.98933 2.9298
8.7104 -0.63942 3.1845
8.6532 -0.59419 3.2369
8.6651 -0.90602 3.1821
8.677 -0.85603 3.1655
8.7009 -1.1488 2.9227
8.8151 -1.9224 2.7798
8.9698 -2.1605 2.7417
8.9032 -1.8082 2.7536
8.8151 -1.2226 2.8155
8.7604 -0.72749 2.8703
8.6271 -0.49422 2.7989
8.5676 -0.34425 2.7846
8.4462 -0.2776 2.6513
8.389 -0.6537 2.2181
8.6342 -0.92982 2.0633
8.7437 -0.91792 1.9943
8.6723 -0.86079 2.011
8.6009 -0.7989 2.0324
8.877 -0.618 2.3656
9.027 -0.11098 3.056
9.1079 0.4008 3.4392
9.2698 0.28416 3.4963
9.3602 0.053268 3.5725
9.5054 0.39128 3.6272
9.5578 0.55791 3.8724
9.4769 0.74596 3.8343
9.3412 0.63884 3.5892
9.2507 0.45555 3.263
9.2912 0.26988 3.0536
9.2198 0.088974 2.9298
9.165 -0.16096 2.5251
9.3031 -0.50374 2.1895
9.3626 -0.74654 1.8539
9.3793 -1.0155 1.6206
9.4864 -1.3916 1.5349
9.5007 -1.6035 1.423
9.4911 -1.7487 1.5896
9.4245 -1.5844 1.8253
9.2698 -1.275 2.0586
9.0389 -1.0965 2.2942
8.8984 -0.90602 2.4394
8.8532 -0.83223 2.4299
8.8889 -0.95363 2.3109
8.9746 -0.97743 2.449
9.0484 -0.88936 2.4728
9.0865 -0.88698 2.5608
9.1388 -0.88936 2.6632
9.1983 -0.87032 2.6941
9.1412 -0.67274 2.7108
9.1388 -0.40376 2.7298
9.1698 -0.35854 2.5132
9.1127 -0.39424 2.3038
9.1793 -0.4109 2.0871
9.284 -0.52754 1.9181
9.4031 -0.49898 1.9848
9.3388 -0.60847 2.2157
9.4078 -0.85841 2.4133
9.4507 -0.82271 2.5561
9.5149 -0.61562 2.5799
9.4221 -0.50136 2.6394
9.284 -0.34663 2.6061
9.115 -0.2419 2.4942
9.1269 -0.38948 2.4252
9.2245 -0.54659 2.3609
9.2507 -0.77986 2.3823
9.265 -0.92744 2.3561
9.2245 -0.86317 2.4299
9.1936 -0.72511 2.5132
9.1793 -0.70131 2.5085
9.1983 -0.70845 2.5251
9.1722 -0.75606 2.4942
9.146 -0.77748 2.4061
9.146 -0.67036 2.418
9.1031 -0.71797 2.368
9.0793 -0.80367 2.4228
9.1603 -0.7513 2.3395
9.1436 -0.60371 2.4037
9.1269 -0.53468 2.449
9.1698 -0.47279 2.5489
9.1127 -0.41328 2.5775
9.1008 -0.47755 2.5799
9.1317 -0.5085 2.6251
9.2055 -0.57039 2.687
9.2007 -0.56801 2.6965
9.1222 -0.58943 2.568
9.1698 -0.61086 2.4989
9.215 -0.68465 2.4585
9.2341 -0.77272 2.4894
9.2531 -0.72987 2.4775
9.2793 -0.70369 2.4942
9.2721 -0.70607 2.5727
