0.34575 -9.9133 -2.7998
0.84087 -10.304 -3.9471
1.3693 -10.901 -4.7945
1.862 -11.844 -4.6326
1.8835 -11.963 -4.6136
1.6359 -11.108 -4.0899
1.1908 -9.4135 -3.2711
0.89085 -8.04 -2.1523
0.92894 -7.0878 -2.4046
1.2908 -8.1043 -1.9309
1.3836 -8.6565 -2.0428
1.2646 -8.7351 -1.5144
1.0908 -8.2518 -1.193
0.74089 -7.502 -1.4525
0.15294 -6.8808 -1.5072
-0.40407 -6.5308 -1.3358
-0.79445 -6.4237 -0.39796
-0.86586 -6.7808 0.49944
-0.99678 -7.5877 1.1564
-1.0325 -8.009 1.7563
-0.90157 -7.9305 1.9158
-0.59212 -7.8924 1.642
-0.67067 -7.5187 1.204
-1.1348 -7.1355 0.97313
-1.5895 -7.0474 1.4087
-1.5514 -7.6139 1.761
-1.3086 -8.1852 2.7203
-1.161 -8.1685 3.7248
-0.87776 -7.94 4.5603
-0.70161 -7.89 4.4961
-0.51833 -8.3209 3.9914
-0.27791 -8.4851 4.1009
-0.18507 -8.0852 3.6701
-0.29933 -8.3233 3.5487
-0.43025 -8.4542 3.5915
-0.30409 -8.8493 4.089
-0.09462 -8.9303 4.5627
0.055344 -8.9041 5.1316
0.14104 -8.9279 5.3673
0.37431 -8.8803 5.7339
0.42668 -8.885 5.8791
0.65996 -8.5661 5.841
0.85039 -7.6877 5.9648
1.0004 -7.214 5.6125
1.086 -7.5782 5.1507
1.1217 -8.4518 4.6508
1.1527 -9.3897 4.17
1.1789 -9.7539 3.6653
1.2884 -9.7301 4.139
1.1884 -9.1492 4.3937
1.2241 -8.966 4.7222
1.3169 -8.7874 4.9341
1.4955 -8.4637 5.1816
1.7073 -8.2447 5.4101
2.0215 -8.0567 5.115
2.2881 -8.1614 4.627
2.35 -8.5042 4.1033
2.6476 -9.2088 3.6011
2.9808 -9.7372 3.244
3.0784 -9.8562 3.1321
3.0808 -9.5158 3.1893
3.3807 -9.0826 3.613
3.8401 -8.766 3.8224
4.3567 -8.7184 4.0129
4.5804 -8.9588 3.8558
4.9589 -9.5325 3.5773
5.4231 -9.7301 2.9655
5.6635 -9.9514 2.6918
5.9015 -9.7324 2.5418
6.0229 -9.3373 2.5037
5.9777 -9.1588 2.6989
5.8968 -9.0088 2.8179
6.0158 -8.7089 3.0322
6.2514 -8.497 3.4154
6.3871 -8.1781 3.5154
6.2895 -7.9353 3.3273
6.2991 -8.1185 3.1274
6.5204 -8.0662 3.0155
6.6561 -7.7044 3.0893
6.6704 -7.4259 3.2464
6.7418 -7.333 3.4273
6.9822 -7.1021 3.5154
7.1131 -6.9641 3.6082
7.2536 -6.7236 3.7058
7.375 -6.4499 3.6439
7.7035 -6.5761 3.7915
7.8677 -6.6284 3.7082
7.9772 -6.6856 3.7843
8.0843 -6.588 3.6082
8.2557 -6.4951 3.563
8.3319 -6.3404 3.6034
8.2319 -6.0952 3.2059
8.4128 -6.1333 3.144
8.6509 -6 3.2702
8.7128 -5.9215 3.3963
8.6318 -6.0238 3.3987
8.7342 -6.1714 3.5558
8.7128 -6.1547 3.5963
8.6532 -5.9286 3.6439
8.6913 -5.5787 3.5344
8.6699 -5.2954 3.3749
8.7318 -4.8884 3.2416
8.6509 -4.767 3.1797
8.7009 -5.0145 2.9845
8.758 -5.4787 2.8727
8.7056 -5.6049 2.8203
8.6342 -5.4406 2.9726
8.5366 -5.0645 3.3083
8.4366 -4.6384 3.4892
8.4533 -4.2076 3.5606
8.5699 -4.0267 3.5415
8.5795 -3.8791 3.6082
8.727 -3.5268 3.5344
8.7413 -3.3959 3.7034
8.7223 -3.4221 3.6915
8.8151 -3.672 3.6439
8.777 -3.8696 3.7129
8.7604 -3.822 3.9391
8.7889 -3.6292 3.9343
8.8151 -3.4292 3.9962
8.7389 -3.2126 3.8248
8.6723 -3.115 3.8439
8.6509 -2.9793 3.8082
8.7175 -3.0983 3.6296
8.758 -3.3554 3.2654
8.8937 -3.5101 3.2154
8.9698 -3.5816 3.2012
8.9722 -3.3697 3.2559
8.9127 -3.0388 3.3892
8.8746 -2.7627 3.5392
8.8056 -2.5961 3.6963
8.6247 -2.3795 3.7677
8.6366 -2.2509 3.8891
8.6199 -2.1819 3.8439
8.6437 -2.2105 3.6844
8.6747 -2.4628 3.5868
8.7485 -2.8579 3.582
8.708 -2.8436 3.4892
8.6413 -2.7222 3.2488
8.7556 -1.8439 3.0298
8.8603 -1.5606 3.094
8.9794 -1.5916 3.0631
9.1603 -1.8796 3.5011
8.877 -2.1105 3.6677
8.9865 -2.3652 3.6963
9.146 -2.4533 3.6225
9.2079 -2.5794 3.6844
9.165 -2.7151 3.5892
9.1008 -2.7008 3.4678
9.0079 -2.5104 3.4606
8.9103 -2.2224 3.5725
8.9198 -2.1319 3.5463
8.9698 -1.9915 3.5701
8.877 -1.9677 3.6415
8.9246 -1.9677 3.5987
8.8199 -2.001 3.7034
8.7842 -1.832 3.7367
8.7342 -1.7272 3.6844
8.808 -1.7177 3.7248
8.7627 -1.7725 3.7106
8.708 -1.9367 3.6177
8.689 -1.9034 3.6772
8.6866 -1.682 3.5963
8.6056 -1.6082 3.613
8.5533 -1.6677 3.6225
8.5223 -1.7844 3.6487
8.4771 -1.7439 3.7677
8.4485 -1.7511 3.8534
8.5128 -1.5582 3.8653
8.6175 -1.6154 3.7367
8.8342 -1.9629 3.6701
8.8818 -2.3414 3.6296
8.7818 -2.2438 3.6677
8.7723 -1.8867 3.682
8.9079 -1.7153 3.5344
8.9603 -1.8129 3.4297
8.9198 -2.001 3.3987
8.8151 -1.9772 3.3249
8.777 -1.9629 3.394
8.7651 -2.001 3.3916
8.7604 -2.0415 3.5773
8.7294 -2.0319 3.5201
8.7794 -1.9581 3.5201
8.8008 -1.8677 3.4797
8.9627 -1.7606 3.3963
9.0365 -1.8296 3.4939
9.046 -1.9629 3.3702
9.0627 -2.0248 3.4701
8.9103 -1.8129 3.4297
8.8937 -1.7082 3.5296
8.9532 -1.713 3.5106
9.0889 -1.8963 3.3678
9.3197 -1.9129 3.1845
9.4435 -1.9058 3.1464
9.4911 -1.8296 3.1583
9.5863 -1.6796 3.144
9.7435 -1.8106 3.1893
9.7554 -1.8701 3.244
9.7744 -1.8701 3.194
9.9934 -1.8344 3.0012
10.108 -1.563 2.9845
10.139 -1.4345 2.9798
10.305 -1.4035 2.8536
9.9815 -1.7677 2.6037
9.922 -1.7106 2.4299
9.6911 -1.9581 2.2538
9.4173 -2.5318 2.4656
9.1246 -2.6127 2.5204
9.0293 -2.4866 2.637
8.9413 -2.1367 2.925
8.9484 -1.6201 3.1083
9.0912 -1.6844 3.1155
8.9698 -1.8034 2.9869
8.8508 -1.9724 2.8013
8.9413 -2.2128 2.7346
8.7818 -2.3081 2.7513
8.6199 -2.3438 2.7775
8.5652 -2.358 2.7965
8.3914 -2.439 2.8417
8.2914 -2.408 2.7441
8.3486 -2.3676 2.8132
8.3605 -2.1605 2.7536
8.4343 -2.0343 2.5561
8.5009 -2.2771 2.3514
8.5533 -2.6246 2.418
8.508 -2.6175 2.3656
8.4747 -2.3438 2.3704
8.5533 -2.2009 2.4394
8.5414 -1.9605 2.1681
8.677 -1.5749 1.692
8.9651 -1.9939 1.5539
9.2698 -2.6889 1.5135
9.4197 -3.3983 1.6444
9.3055 -3.3554 1.8729
9.0579 -2.6627 2.1657
8.8246 -1.8725 2.6013
8.6794 -1.5249 2.8917
8.5866 -1.5297 2.8203
8.489 -2.1152 2.7965
8.4223 -2.3652 2.7727
8.3486 -2.3533 2.9203
8.3367 -2.151 2.9393
8.2962 -2.0224 3.0083
8.1843 -2.1105 3.0845
8.1534 -2.02 3.1083
8.0867 -1.9819 2.8084
8.2557 -2.3461 2.5489
8.4604 -2.5961 2.4347
8.639 -2.3557 2.5942
8.8223 -2.0129 2.6989
8.9484 -1.9224 2.8393
9.1888 -1.7915 2.9845
9.2674 -1.5225 3.0274
9.2721 -1.2536 3.1893
9.2745 -1.0393 2.975
9.3674 -1.3226 2.925
9.4411 -1.7153 2.3775
9.5721 -1.8844 2.2942
9.4935 -1.9177 2.3252
9.4507 -1.9367 2.3537
9.3436 -1.9224 2.3299
9.2959 -1.7749 2.2895
9.2412 -1.582 2.2681
9.1579 -1.6606 1.7634
9.3745 -2.0486 1.8063
9.3935 -1.8796 1.3826
9.315 -1.8725 1.016
9.4911 -2.1486 1.1326
9.5245 -1.9867 1.2731
9.4459 -1.4583 1.7087
9.3221 -1.0822 2.0514
9.384 -0.97743 2.2371
9.284 -0.91554 2.2062
9.2959 -1.1702 1.9324
9.415 -1.3607 1.7801
9.4816 -1.2512 1.8729
9.3983 -1.1084 1.9895
9.4602 -1.0488 2.4561
9.4864 -0.79414 2.6608
9.4292 -0.5085 2.8512
9.3507 -0.31569 2.9584
9.1626 -0.28951 2.7846
9.2555 -0.27998 2.5489
9.2912 -0.21333 2.2561
9.2531 -0.54659 1.9848
9.3983 -0.7394 1.8848
9.365 -0.50136 2.1871
9.3221 -0.2538 2.3038
9.2483 -0.1562 2.4966
9.2888 -0.015762 2.7227
9.2245 0.23656 2.7156
9.1912 0.24608 2.6513
9.1317 0.27226 2.5323
8.9889 0.30083 2.2704
8.8937 -0.082413 2.0538
8.9436 -0.26094 1.9562
9.0555 -0.18953 2.2609
9.1412 -0.06337 2.3656
9.1484 -0.099075 2.5228
9.0984 -0.030045 2.637
9.1174 0.22704 2.7441
8.9722 0.43651 2.7203
8.9056 0.40556 2.6037
8.8699 0.2318 2.3895
8.9794 0.0032806 2.1895
9.1127 -0.10384 2.1371
9.1579 0.029465 2.4847
9.1864 -0.051468 2.5323
9.1912 -0.22762 2.5466
9.2293 -0.13478 2.6275
9.1864 -0.044327 2.6156
9.1388 0.10326 2.6799
9.1031 0.20323 2.7013
8.9817 0.28416 2.7346
9.0936 -0.11098 2.3204
9.2198 -0.35854 2.3276
9.2436 -0.26332 2.3585
9.2222 -0.16096 2.3942
9.2103 -0.21571 2.4775
9.2269 -0.11574 2.5561
9.2436 0.019943 2.5323
9.2483 0.074692 2.5299
9.1698 0.18181 2.3895
9.1412 -0.17287 2.1205
9.2793 -0.45137 2.0776
9.2769 -0.33473 2.3918
9.2007 -0.30855 2.4204
9.2555 -0.46089 2.4466
9.2864 -0.42995 2.4775
9.3293 -0.28236 2.5775
9.3436 -0.22523 2.5275
9.2174 -0.21095 2.468
9.1531 -0.31331 2.4228
9.284 -0.46089 2.4204
9.2769 -0.51564 2.4585
9.3697 -0.60371 2.4275
9.3745 -0.63228 2.4109
9.3364 -0.59181 2.4347
9.2745 -0.47517 2.399
9.2674 -0.40376 2.3728
9.2769 -0.31331 2.3728
9.2388 -0.20381 2.4347
9.2007 -0.25618 2.4299
9.2222 -0.29665 2.3585
9.1912 -0.30379 2.399
9.2031 -0.28951 2.349
9.2055 -0.30855 2.2609
9.2293 -0.35854 2.2395
9.2626 -0.40614 2.299
9.2317 -0.35854 2.299
9.2698 -0.399 2.3871
