-0.34932 -7.0069 4.4866
-0.10652 -6.6641 4.7722
0.036301 -6.0833 5.0936
0.16008 -5.8977 5.1626
0.17912 -6.3404 4.6294
0.076767 -6.9902 3.3321
-0.039871 -7.6663 1.8943
-0.013687 -8.4875 0.22331
-0.43501 -9.1802 -0.29799
-1.0253 -8.8755 0.10667
-1.33 -7.8948 1.2754
-1.1087 -7.214 2.7679
-0.72304 -6.6951 3.613
-0.63734 -6.895 4.2438
-0.74208 -6.6784 4.4937
-0.93251 -6.4689 3.8772
-1.1301 -6.7213 3.6177
-1.3586 -6.6784 3.2202
-1.5824 -6.5047 3.3868
-1.5681 -6.6094 4.6984
-1.3586 -6.6689 5.5363
-1.242 -6.8046 6.1552
-1.2182 -6.9593 6.279
-1.4514 -7.1307 5.7339
-1.4752 -7.4782 5.1031
-1.2991 -7.7663 4.2319
-1.2396 -7.8805 3.9605
-1.1896 -7.9067 3.8534
-1.1182 -7.8876 4.5437
-1.1491 -7.3925 5.5839
-1.0801 -7.1212 6.7551
-0.54689 -7.6615 7.4787
0.39336 -8.0257 7.612
1.0337 -8.7279 7.3406
1.1384 -9.0017 6.8884
0.63853 -8.9541 6.5956
0.12914 -8.9088 6.8622
0.19341 -8.5875 6.8027
0.56236 -8.3042 6.855
0.76707 -8.4946 6.6694
1.0622 -9.0659 6.9122
1.455 -9.0564 7.3216
1.7549 -8.8422 7.8905
1.5359 -8.4542 7.393
1.5312 -8.5065 7.0383
1.5074 -8.278 6.9312
1.6121 -8.209 6.8574
1.6835 -8.4304 6.805
1.7406 -8.5803 7.0526
1.8406 -8.3137 7.3858
1.8144 -8.1947 7.7239
1.8406 -7.9019 8.1833
1.9596 -7.6091 7.9524
2.3262 -7.6187 7.4454
2.3976 -7.5687 6.9978
2.331 -7.3045 6.5313
2.3048 -7.2426 5.7767
2.4762 -7.6353 5.2935
2.7023 -7.8924 4.7555
2.6809 -7.821 4.4699
2.8094 -7.3497 4.5175
3.0618 -6.976 4.4723
3.3403 -6.707 4.7246
3.5759 -6.5737 4.9936
3.6878 -6.5451 5.4911
3.7259 -6.2857 5.6339
3.6973 -6 5.5006
3.8259 -5.95 5.422
4.1805 -6.0762 5.0317
4.6161 -6.3261 4.7317
4.8185 -6.5213 4.4009
5.0565 -6.7498 4.0509
5.2755 -7.0593 3.7677
5.3136 -6.9641 3.6153
5.3826 -6.7641 3.6153
5.5183 -6.5546 3.7939
5.6754 -6.5784 3.92
5.9777 -6.7427 4.1271
6.4562 -6.7355 4.3009
6.8632 -6.7403 4.02
7.2036 -7.0807 3.6844
7.6797 -7.3973 3.3297
8.1676 -7.5758 3.0964
8.2629 -7.6187 3.1178
8.3343 -7.6306 3.2083
8.3367 -7.4092 3.5796
8.3271 -7.1355 3.7463
8.4628 -6.9545 3.9676
8.5795 -6.8022 3.8772
8.4081 -6.6951 3.782
8.3557 -6.5594 3.5582
8.3462 -6.3309 3.3583
8.3724 -6.3333 3.3011
8.4152 -6.4856 3.3844
8.3652 -6.557 3.5487
8.3057 -6.3666 3.5368
8.1915 -6.1333 3.6058
8.2343 -6.0405 3.4535
8.3938 -6.1428 3.2154
8.5057 -6.1357 3.0345
8.508 -6.0214 3.0226
8.5295 -5.7144 2.8965
8.5747 -5.4692 2.9203
8.6271 -5.2907 3.0083
8.6556 -5.3621 3.2345
8.6866 -5.3359 3.1559
8.6437 -5.224 3.3702
8.5533 -5.174 3.1012
8.4747 -4.6075 3.6249
8.558 -4.5266 3.6368
8.6723 -4.7313 3.363
8.7009 -4.8598 3.2488
8.6604 -4.6432 3.2892
8.6413 -4.2552 3.2654
8.6723 -4.0648 3.313
8.7223 -3.9815 3.2654
8.7175 -4.0481 3.3083
8.7508 -4.1386 3.2892
8.7794 -4.1148 3.5225
8.8199 -3.9981 3.3963
8.8651 -3.772 3.3583
8.8818 -3.841 3.3178
8.9841 -3.9934 3.1321
8.9698 -4.1409 3.0322
9.027 -4.0195 3.0821
8.9889 -3.7506 3.0036
8.9341 -3.5578 3.0107
8.8603 -3.4768 2.956
8.6961 -3.3388 2.8822
8.6913 -3.2388 3.006
8.658 -2.8579 3.0322
8.6461 -2.8198 3.194
8.5628 -2.8889 3.194
8.7604 -2.8817 3.094
8.7937 -3.234 2.9845
8.8365 -3.3578 2.7751
8.8246 -3.2721 2.8941
8.7794 -3.0674 2.9441
8.7485 -2.7651 3.1797
8.677 -2.6223 3.3226
8.6033 -2.4723 3.4844
8.6318 -2.6413 3.4344
8.6223 -2.5747 3.3773
8.6937 -2.3819 3.4154
8.8389 -2.1486 3.3559
8.9008 -2.1676 3.3249
8.8722 -1.901 3.2702
8.9675 -1.8939 3.4654
9.0032 -1.9867 3.4249
8.9794 -2.0986 3.5415
8.877 -2.0962 3.701
8.8794 -2.0105 3.7201
8.8532 -1.7939 3.7867
8.8389 -1.5416 3.7605
8.9508 -1.413 3.6725
8.9103 -1.4845 3.6534
8.8603 -1.7749 3.4916
8.927 -1.7844 3.5082
8.9936 -1.9748 3.4416
8.9365 -1.97 3.4202
8.9889 -1.8558 3.4154
8.9484 -1.7987 3.3059
9.0127 -1.5987 3.3202
8.9889 -1.5321 3.4535
8.9794 -1.663 3.5177
8.9651 -1.613 3.4535
8.9984 -1.6249 3.4416
8.9579 -1.632 3.5106
8.9127 -1.544 3.5677
8.9175 -1.4059 3.6582
8.9556 -1.4011 3.6487
8.9127 -1.4725 3.6011
8.858 -1.3964 3.5225
8.9341 -1.4297 3.3916
8.8699 -1.5321 3.3987
8.7151 -1.4892 3.4701
8.6866 -1.5463 3.4797
8.6866 -1.5154 3.4678
8.7556 -1.3654 3.3725
8.6985 -1.2988 3.5511
8.8246 -1.3345 3.5296
8.8794 -1.6773 3.3797
8.9246 -1.8129 3.2654
8.9532 -1.7344 3.3202
8.9651 -1.8082 3.3011
8.8746 -1.8129 3.2416
8.8841 -1.6844 3.4321
8.8365 -1.5178 3.5535
8.7865 -1.4249 3.4749
8.9103 -1.5083 3.4559
8.8508 -1.4511 3.444
8.9317 -1.2464 3.4868
9.1603 -1.2607 3.5249
9.0912 -1.3607 3.4987
9.1912 -1.7201 3.3654
9.1698 -1.8629 3.2321
9.115 -1.7368 3.125
9.146 -1.544 3.3392
9.0936 -1.5154 3.4868
8.9127 -1.3273 3.632
8.9484 -1.3988 3.6939
9.0103 -1.3488 3.6963
9.027 -1.2821 3.6772
9.0579 -1.2274 3.7867
9.1912 -1.1845 3.6677
9.3912 -1.2083 3.5939
9.4864 -1.2607 3.4868
9.7577 -1.2774 3.4106
9.8339 -1.2583 3.1583
9.7839 -1.3083 3.1107
9.8244 -1.225 3.3749
9.8839 -1.0941 3.5844
9.9339 -0.98695 3.7891
9.8125 -0.95363 3.8986
9.7792 -0.94887 3.7962
9.7863 -1.0274 3.5701
9.8125 -1.3821 3.0655
9.8053 -1.6059 2.8846
9.6411 -1.6701 2.7227
9.4435 -1.7153 2.7727
9.265 -1.8058 2.668
9.027 -1.7987 2.7179
8.7199 -1.5939 2.8132
8.5104 -1.3892 3.0988
8.4081 -1.2345 3.1226
8.4295 -1.1107 3.1036
8.4961 -1.006 2.8489
8.6675 -1.2559 2.5537
8.808 -1.6677 2.0776
8.9603 -1.7677 1.523
9.1555 -1.9367 0.9279
9.2293 -2.3271 0.94218
9.0341 -2.3247 1.0469
8.689 -1.9962 1.1731
8.5057 -1.5321 1.4921
8.4152 -1.0393 1.592
8.3271 -0.86555 1.5373
8.1177 -0.94887 1.3659
8.1867 -1.0584 1.2326
8.2129 -1.0131 1.3897
8.2629 -1.075 1.5159
8.3605 -1.2678 1.8681
8.439 -1.3321 2.0562
8.4081 -1.2869 2.2014
8.3081 -1.3512 2.28
8.3129 -1.6035 2.318
8.4938 -1.5749 2.4513
8.5485 -1.4702 2.5132
8.6199 -1.3964 2.399
8.677 -1.4392 2.3799
8.8484 -1.4345 2.2442
9.0746 -1.194 2.5704
9.2983 -0.64418 3.3035
9.4173 0.088974 4.0319
9.8434 1.1173 4.4461
10.491 1.5077 4.7222
10.76 1.6624 3.5749
10.588 1.3696 3.0131
10.369 0.87926 2.8465
10.129 0.84355 2.7417
10.046 0.56267 2.1276
9.9672 -0.29903 2.1562
9.8744 -0.59895 1.9372
9.6578 -0.58943 1.9396
9.5435 -0.50374 1.8182
9.603 -0.58943 1.8015
9.6744 -0.57039 1.4754
9.6435 -0.58229 1.5182
9.4316 -0.046707 1.4444
9.384 -0.16573 0.9398
9.4173 -0.68941 0.74223
9.5435 -0.80367 0.52562
9.484 -0.60133 0.54704
9.484 -0.37758 0.72795
9.4031 -0.19667 0.88982
9.2317 -0.1205 0.90172
9.1293 -0.13954 0.94933
9.027 -0.21571 0.86125
9.065 -0.27284 0.85173
9.0079 -0.59181 0.50182
9.1888 -1.5059 0.38994
9.3459 -1.7344 0.46135
9.1912 -1.2726 0.66606
9.1341 -0.98695 0.80412
9.115 -0.51088 1.2112
9.2269 -0.35616 1.5539
9.2721 -0.31093 1.642
9.2769 -0.06813 1.7039
9.3983 -0.17763 1.6468
9.6316 -0.32521 1.6682
9.7435 -0.27998 1.6087
9.6673 -0.28712 1.4587
9.6387 -0.15144 1.3778
9.6411 -0.15858 1.2564
9.6768 -0.37044 1.0564
9.7292 -0.52754 0.85411
9.6911 -0.53706 0.82555
9.634 -0.4847 0.82317
9.5197 -0.61562 0.58037
9.4173 -0.76558 0.46373
9.3793 -0.91554 0.25188
9.3959 -1.125 0.087631
9.3935 -1.225 0.097153
9.4269 -1.1298 0.35423
9.4626 -0.97743 0.67082
9.4221 -0.83699 0.80412
9.3626 -0.67989 0.96837
9.3697 -0.65132 1.016
9.3674 -0.69893 0.97551
9.3602 -0.69179 1.016
9.3793 -0.95601 0.79222
9.4769 -1.1512 0.72081
9.5221 -1.1203 0.79222
9.5292 -0.92982 1.0422
9.4935 -0.7751 1.1636
9.5102 -0.70845 1.2159
9.5459 -0.59181 1.1659
9.553 -0.48232 1.085
9.5459 -0.53944 0.94695
9.584 -0.72987 0.93742
9.5078 -0.97743 0.7589
9.584 -1.1393 0.74223
9.534 -1.0203 0.8065
9.553 -0.72511 0.92076
9.4697 -0.54897 0.99217
9.4983 -0.48708 1.0184
9.5173 -0.45851 1.0683
9.553 -0.31807 0.98979
9.5054 -0.27284 1.0041
9.453 -0.18001 0.84697
9.3721 -0.17525 0.74699
9.4078 -0.17049 0.50896
9.4483 -0.45613 0.40898
9.5506 -0.57515 0.37566
9.5435 -0.55849 0.62083
9.4673 -0.51802 0.69463
9.3578 -0.52278 0.82555
9.3221 -0.51564 0.78746
9.3388 -0.52278 0.81602
9.315 -0.4966 0.84935
9.284 -0.43233 0.86839
9.2864 -0.42281 0.83031
9.334 -0.50374 0.79222
9.3602 -0.69179 0.76604
9.4745 -0.70845 0.86839
9.4792 -0.67513 0.96837
9.5197 -0.60371 1.1588
9.5744 -0.55611 1.2493
9.5768 -0.50612 1.2183
9.5911 -0.4847 1.2397
9.5768 -0.61324 1.1493
