0.43382 -3.6196 6.467
0.22673 -3.722 6.0148
-0.11128 -4.0195 5.3149
-0.55403 -4.5385 4.8341
-0.91109 -4.8979 4.4223
-0.94917 -5.3764 4.1128
-0.57069 -5.5406 4.0652
-0.27077 -5.2954 4.7532
-0.28743 -4.617 5.5411
-0.39931 -4.0862 6.2195
-0.7278 -3.5554 6.2457
-1.3634 -3.1579 5.1745
-2.3036 -4.4409 4.846
-3.0772 -5.4954 4.4699
-3.1677 -6.0333 4.5627
-2.7249 -6 5.1792
-1.9918 -5.5596 6.1266
-1.4657 -4.7241 7.0812
-1.4848 -4.5075 7.6977
-1.6419 -5.036 7.7786
-1.6871 -5.2645 7.6167
-1.7157 -5.3764 7.6453
-1.6704 -6.2166 6.5384
-1.6847 -7.8448 6.0005
-1.3562 -8.2542 6.5075
-0.79207 -7.6306 7.7738
-0.41597 -6.8855 9.1497
-0.066055 -6.5094 10.083
0.27434 -6.3047 10.378
0.56236 -6.4904 10.347
0.8242 -6.4404 10.009
1.1503 -6.7332 9.3116
1.2812 -7.6306 8.726
1.3407 -8.2947 8.1642
1.2646 -8.7731 7.7548
1.3193 -9.085 7.7524
1.4907 -8.7874 8.4118
1.7216 -8.1566 9.2045
1.6788 -7.3449 9.7115
1.3979 -7.1164 10.18
1.4169 -7.0831 10.268
1.5098 -7.2354 9.7853
1.7287 -7.2521 8.7189
2.2429 -7.2521 7.7715
2.3167 -7.5306 6.9122
2.1048 -7.8829 6.1385
2.0763 -8.2876 6.5123
2.3048 -7.9186 7.0098
2.4952 -8.1376 7.4787
2.4595 -7.99 7.6096
2.2691 -7.4782 7.7001
2.0049 -7.1164 7.831
2.0763 -6.7427 7.7262
2.2905 -6.6856 7.7001
2.2548 -6.4689 7.631
2.3738 -6.5618 7.7453
2.8785 -7.0283 7.5739
3.0784 -7.5496 7.2549
3.026 -7.7163 7.0883
3.0951 -7.4259 6.8503
3.0046 -7.1497 7.0098
2.907 -6.9855 7.2026
2.8689 -6.7617 7.1573
2.8428 -6.6879 7.193
2.6595 -6.4713 7.2311
2.7642 -5.9286 6.8265
2.9023 -5.5644 6.2623
2.9689 -5.5001 5.5411
3.1403 -6.1547 5.1078
3.1974 -6.8974 4.2914
3.3498 -7.4044 4.1985
3.2855 -6.8189 4.3771
3.0022 -6.3833 4.7198
2.8213 -5.7525 4.9055
2.9142 -5.0169 5.2768
2.9023 -4.4385 5.5339
2.838 -4.21 5.4625
2.8856 -4.4694 5.1221
3.0856 -5.274 4.6627
3.3974 -6.2404 3.9534
3.9377 -7.1355 3.3273
4.3829 -7.6044 2.9108
4.7066 -7.5306 2.4371
4.9994 -6.5951 2.1633
5.285 -5.8524 2.5632
5.4707 -5.7953 3.1393
5.7444 -6.0928 3.9176
6.0301 -6.1976 4.6413
6.2491 -6.4309 4.9864
6.5895 -6.7879 4.8841
7.1155 -6.726 4.2319
7.5392 -6.8141 3.5154
8.0296 -7.452 3.056
8.4652 -7.8186 2.6632
8.6294 -8.0924 2.5466
8.8175 -8.1376 2.7037
8.8056 -8.1138 3.0298
8.827 -7.7305 3.0012
8.896 -7.4735 3.0774
9.1436 -7.1926 3.0798
9.2126 -6.807 2.9893
9.2579 -6.5118 2.9465
9.4054 -6.338 2.9726
9.5149 -6.0952 2.8798
9.5483 -6.0072 3.0774
9.534 -5.7953 3.3083
9.4816 -5.5644 3.3749
9.5983 -5.3835 3.3154
9.7268 -5.055 3.1131
9.8958 -4.7955 2.8251
10.046 -4.7384 2.6918
10.051 -5.0217 2.5347
10.012 -5.3597 2.6822
9.8934 -5.3502 2.8203
9.7268 -4.9146 2.9131
9.6054 -4.6408 3.1726
9.434 -4.31 3.344
9.3055 -4.179 3.4868
9.2293 -4.0529 3.4035
9.1127 -4.0314 3.532
9.0484 -3.7577 3.2916
9.1103 -3.772 3.0488
9.0222 -4.1005 2.8608
8.7746 -4.2124 2.9488
8.6223 -3.9838 3.225
8.4747 -3.7434 3.413
8.3414 -3.5887 3.6868
8.3819 -3.3364 3.6701
8.3438 -3.0293 3.6153
8.3367 -2.9531 3.5535
8.339 -3.0864 3.4249
8.3557 -3.3864 3.3702
8.4057 -3.6768 3.2012
8.4295 -3.6625 3.1821
8.4295 -3.5173 3.1559
8.4533 -3.5459 3.0226
8.4581 -3.4887 2.8941
8.4438 -3.5887 2.8655
8.489 -3.7053 2.9036
8.558 -3.7863 2.9012
8.5295 -3.7934 2.9084
8.5866 -3.9458 2.9108
8.7913 -3.8981 2.7917
8.6509 -3.7744 3.0298
8.6937 -3.3959 3.1583
8.6413 -3.0745 3.4678
8.6366 -2.5651 3.5558
8.5723 -2.3176 3.5868
8.5223 -2.3819 3.5773
8.7604 -2.5175 3.3154
8.8937 -3.4102 2.8655
8.7937 -3.5125 2.637
8.6366 -2.8913 2.7584
8.6604 -1.9581 3.0107
8.6604 -1.5987 3.363
8.6104 -1.7772 3.6844
8.5485 -2.0772 3.682
8.589 -2.2581 3.6915
8.5747 -2.2247 3.8177
9.1031 -1.9462 3.8462
8.9532 -2.0177 4.0462
9.0151 -2.746 3.6487
9.096 -3.2626 3.651
9.065 -2.8889 3.5677
8.996 -2.7651 3.4797
9.0198 -2.6984 3.4368
9.0698 -2.6366 3.4344
9.1317 -2.9317 3.2511
8.9008 -3.0555 3.3178
8.7413 -2.6437 3.4868
8.5961 -2.0986 3.9795
8.4914 -1.6773 3.9391
8.4628 -1.6915 4.0295
8.5771 -1.8367 3.9795
8.6104 -1.7891 3.8105
8.7532 -1.6677 3.7225
8.8223 -2.0772 3.5249
8.8508 -2.5152 3.4511
8.8413 -2.5556 3.4487
8.827 -2.4794 3.4392
8.6318 -2.2533 3.6606
8.7532 -1.9058 3.7653
8.6675 -2.1105 3.8082
8.6699 -2.1462 3.7534
8.7675 -1.7963 3.4963
8.8532 -1.7392 3.4773
8.8127 -2.0367 3.5439
8.977 -2.189 3.4868
9.1555 -2.3033 3.2273
9.3912 -2.5532 3.2464
9.3459 -2.5152 3.3583
9.4031 -2.3961 3.5201
9.4792 -2.1771 3.651
9.5506 -1.8677 3.5773
9.6459 -1.7891 3.6034
9.8101 -1.7749 3.6963
10.02 -2.1081 3.2464
10.129 -2.458 2.6037
9.9743 -2.4176 2.537
9.7744 -2.1295 2.8703
9.5911 -1.9034 3.2226
9.4626 -1.8677 3.4273
9.2555 -1.882 3.4749
9.0722 -1.8201 3.5749
8.8342 -1.782 3.92
8.6818 -1.8344 3.9153
8.5104 -1.9677 3.9153
8.4985 -2.1224 3.7867
8.4771 -2.02 3.5868
8.47 -1.5511 3.5511
8.5414 -1.2083 3.3559
8.7842 -1.1036 3.2297
8.7675 -1.1369 3.0298
8.858 -1.0941 2.7275
8.8699 -0.80128 2.4466
8.9532 -0.39424 2.0586
8.8937 0.13182 1.9277
8.8675 0.32939 1.6396
8.9056 0.39842 1.4992
8.8699 0.20323 1.254
8.808 -0.56087 0.87315
8.758 -1.2369 0.59703
8.5985 -1.1964 0.71605
8.4247 -0.75606 0.9041
8.3248 -0.74416 1.0731
8.5152 -0.62276 1.542
8.4771 -0.34901 1.9538
8.5914 -0.34663 2.2633
8.6437 -0.29903 2.6346
8.7437 -0.20143 2.837
8.7723 -0.025284 2.956
8.7723 -0.030045 2.9679
8.8151 -0.24428 2.7322
9.0436 -0.32997 2.5489
9.1531 -0.21809 2.3966
9.2959 -0.018143 2.5037
9.3197 0.24132 2.5704
9.5387 0.57219 2.4775
9.8863 1.253 2.3847
10.348 1.8147 2.3775
10.153 1.8124 2.4442
9.972 2.0766 2.1895
9.8172 2.1456 2.4918
9.6292 2.2146 2.5918
9.6149 2.1075 2.3871
9.6601 1.6315 2.1252
9.584 0.84117 1.9562
9.4292 0.41032 1.6682
9.1722 0.046127 1.4992
9.1031 -0.18001 1.3992
9.1912 -0.49422 1.2612
9.484 -0.84889 1.0469
9.7411 -1.0203 1.0231
9.7506 -0.96315 0.98265
9.6863 -0.81081 1.0707
9.4078 -0.6537 1.0945
9.2126 -0.65132 1.2207
9.1603 -0.62752 1.2159
9.1936 -0.59895 1.0493
9.2864 -0.75844 0.90172
9.4031 -0.73701 0.81841
9.4007 -0.48946 0.83031
9.3483 -0.38234 1.0136
9.3197 -0.33711 1.1398
9.334 -0.35139 1.373
9.3793 -0.24428 1.4682
9.4054 -0.06813 1.6444
9.4316 0.22227 1.5182
9.4292 0.48174 1.7087
9.3697 0.55553 1.4897
9.4769 0.52458 1.4064
9.4459 0.62694 1.404
9.4792 0.52696 1.2945
9.5983 0.24846 1.4778
9.6816 0.017563 1.6063
9.8672 0.046127 2.0681
9.7173 0.18657 2.1586
9.5744 0.086594 2.0943
9.5054 -0.018143 1.9872
9.5197 -0.053848 1.7467
9.4792 -0.10622 1.623
9.3412 -0.1205 1.5444
9.2317 -0.20381 1.4825
9.2555 -0.2776 1.354
9.2555 -0.39424 1.4325
9.2436 -0.47755 1.4849
9.2698 -0.5204 1.4778
9.2555 -0.62276 1.5111
9.2531 -0.52278 1.4778
9.3126 -0.35616 1.5658
9.3531 -0.16096 1.6611
9.3031 -0.037186 1.673
9.3221 0.058029 1.7467
9.3269 0.12706 1.7967
9.3816 0.20561 1.9015
9.415 0.27702 1.93
9.3983 0.34843 1.8777
9.3483 0.4008 1.9515
9.2341 0.3532 1.9229
9.2103 0.26988 1.861
9.1817 0.16991 1.8634
9.1817 -0.025284 2.03
9.2626 -0.034805 2.0134
9.2817 -0.15382 2.0871
9.3245 -0.27522 2.099
9.2579 -0.30379 2.0181
9.265 -0.49184 2.0134
9.1769 -0.45137 2.0895
9.1912 -0.46089 2.1514
9.077 -0.40138 2.3609
9.0698 -0.25856 2.3133
9.0127 -0.26094 2.5418
9.0841 -0.22762 2.4299
9.2103 -0.3871 2.368
9.3221 -0.46803 2.2823
9.3221 -0.56801 2.1705
9.2959 -0.56563 2.08
9.2888 -0.60371 2.0919
9.3126 -0.48708 2.1847
9.3388 -0.28951 2.2038
9.2531 -0.082413 2.1943
9.2245 0.017563 2.2538
9.2579 0.019943 2.2942
9.1674 0.022324 2.2704
9.1769 0.036606 2.1966
9.1603 -0.0014801 2.1395
9.1507 -0.1205 2.1395
9.1912 -0.2419 2.099
9.2531 -0.32997 2.1871
9.2745 -0.34425 2.2704
9.2602 -0.31807 2.3133
9.1698 -0.33949 2.2847
9.2055 -0.18953 2.2204
9.1626 -0.26808 2.18
9.1579 -0.32997 2.2109
9.2412 -0.37282 2.2347
9.3007 -0.5323 2.2657
9.3245 -0.60609 2.2181
9.3221 -0.54182 2.2942
9.384 -0.49184 2.3656
9.3364 -0.39424 2.3799
9.3316 -0.2419 2.368
9.2531 -0.14192 2.3418
9.1674 -0.046707 2.3442
9.1698 -0.080032 2.2038
9.2174 -0.20143 2.2657
9.2602 -0.33235 2.2514
9.2721 -0.40614 2.2514
9.3269 -0.6299 2.3728
9.384 -0.70607 2.3799
9.3959 -0.60847 2.3537
