-0.61592 -6.119 3.4511
-0.51357 -6.8165 3.7296
-0.97298 -6.5975 3.5868
-2.0703 -6.3666 3.7296
-2.6583 -6.2714 3.8224
-2.6916 -6.1976 3.8082
-2.5226 -5.8953 4.5199
-2.5274 -5.9286 5.115
-2.3131 -6.0809 5.115
-1.5205 -6.757 4.7532
-1.4491 -7.0069 4.6389
-1.8109 -7.2378 4.6389
-2.1608 -6.9879 4.458
-2.3703 -6.2809 5.2745
-2.2893 -5.3978 5.979
-1.9846 -5.1336 6.4099
-1.5109 -5.9834 6.7146
-1.042 -6.6903 6.7051
-0.64925 -7.1616 6.9931
-0.6064 -7.3925 7.6501
-0.82777 -7.4235 8.0738
-1.5395 -7.5473 8.188
-1.8942 -7.5901 8.2737
-1.5943 -7.4187 8.2023
-0.95631 -7.4877 7.3525
-0.61592 -7.8519 7.1621
-0.45644 -7.9305 6.9598
0.045822 -8.3613 6.6503
0.57903 -8.9326 6.3956
0.78374 -8.9826 6.5884
0.69566 -9.0683 6.8884
0.41954 -9.561 6.8526
0.33623 -9.6944 6.6765
0.26958 -9.3825 7.0812
0.16484 -8.3923 7.224
0.46001 -8.2971 7.4168
0.87657 -8.2923 6.9764
1.1575 -8.747 6.6717
1.4217 -8.9064 6.4385
1.8168 -8.8422 6.3194
1.9097 -8.935 6.4813
1.9834 -8.9779 6.8217
2.1239 -8.9564 7.0074
2.231 -8.8374 6.9693
2.1358 -8.8089 6.8217
2.281 -8.8231 6.586
2.5833 -8.9088 6.298
2.6428 -9.0207 6.2099
2.7737 -9.0397 5.9338
2.8808 -9.0421 5.6886
2.9713 -9.0755 5.5149
3.0618 -8.9398 5.622
3.0165 -8.7636 5.6744
2.8547 -8.6208 5.6648
2.7475 -8.2352 5.6125
2.8166 -7.8043 5.472
3.0189 -7.8139 5.0864
3.2022 -8.1209 4.6889
3.3617 -7.9829 4.2485
3.4236 -7.9115 3.9057
3.4855 -7.7639 3.5392
3.4712 -7.3663 3.3464
3.4236 -6.5832 3.3654
3.2141 -6.0952 3.5392
3.1903 -5.8143 4.2795
3.3426 -5.5406 4.8246
3.5973 -5.6977 5.084
3.802 -5.9143 4.427
4.1258 -6.5166 4.7484
4.3067 -6.5475 3.8962
4.3805 -6.6927 3.4225
4.5614 -6.8308 3.3035
4.9922 -6.9117 3.5177
5.485 -6.9331 3.7915
5.7444 -7.0022 4.1557
5.8206 -7.0188 4.3747
5.8968 -6.9498 4.2295
5.9301 -6.9474 3.8391
6.0229 -7.4996 3.3226
6.0943 -7.9567 2.7941
6.18 -8.0781 2.5156
6.2276 -7.8567 2.6084
6.3252 -7.4592 2.9179
6.5181 -7.0997 3.4392
6.5538 -6.9022 3.7344
6.7085 -6.7713 3.782
7.156 -6.7355 3.563
7.863 -7.1426 3.0202
8.1748 -7.6234 2.3561
8.4057 -7.9733 1.7348
8.6485 -8.1519 1.6015
8.8151 -8.1328 1.8896
8.7937 -7.8519 2.2085
8.7627 -7.5044 2.5204
8.7865 -7.0878 2.7441
8.9079 -6.7451 2.7584
9.0246 -6.388 2.756
8.9889 -5.9476 2.5204
8.9698 -5.6192 2.5132
8.9341 -5.6929 2.6632
8.8746 -5.8786 2.6941
8.8675 -6.0024 2.5204
8.9008 -6.0762 2.3157
8.9603 -6.0857 2.1419
8.9508 -6.1309 2.2419
8.827 -5.8881 2.0967
8.7437 -5.6263 2.1586
8.6342 -5.1217 2.3204
8.6294 -4.6337 2.4799
8.6961 -4.3933 2.8227
8.7461 -4.3385 2.8441
8.7223 -4.348 2.8036
8.7175 -4.279 2.806
8.7889 -4.2576 2.906
8.8461 -4.298 2.7894
8.8223 -4.3338 2.5775
8.8627 -4.1909 2.6822
8.8889 -3.8267 2.7703
8.8841 -3.5744 2.737
8.9889 -3.5863 2.7775
9.065 -3.6792 2.856
8.9794 -3.7934 2.9631
8.9508 -3.7744 2.8941
9.0389 -3.6601 2.9631
9.0103 -3.4459 3.1131
9.0127 -3.3126 3.1155
8.9579 -3.0864 3.0512
8.9794 -2.9531 3.0417
9.0793 -2.896 3.1774
9.1698 -2.9222 2.8798
9.1793 -3.0626 2.8179
9.2388 -3.0698 2.7084
9.2174 -3.0269 2.8108
9.1531 -2.9603 3.0179
9.0412 -2.8746 3.0964
8.7723 -2.5175 3.2464
8.7223 -2.3128 3.4344
8.7009 -2.3438 3.3844
8.6628 -2.3938 3.2559
8.5914 -2.4961 3.1107
8.5723 -2.27 3.0464
8.7032 -2.0891 2.8846
8.777 -2.2605 2.9227
8.7413 -2.6508 2.8917
8.6366 -2.7413 3.0964
8.4628 -2.539 3.3535
8.4033 -2.4818 3.5558
8.3009 -2.3009 3.8058
8.3009 -2.1676 3.9224
8.3771 -2.051 3.751
8.5509 -2.1081 3.7296
8.639 -2.3628 3.6629
8.7461 -2.8532 3.513
8.7913 -3.1983 3.5035
8.8056 -3.2007 3.5725
9.0698 -3.0436 3.8462
8.9675 -2.6556 3.8843
8.9341 -2.7841 3.9795
8.8437 -2.9293 3.9629
8.7223 -2.7746 3.9914
8.7009 -2.6008 4.0343
8.7675 -2.4675 3.87
8.8937 -2.7508 3.6106
8.9056 -3.1531 3.3059
9.0174 -3.0745 3.3154
9.0436 -2.8555 3.2868
8.9341 -2.6151 3.4082
8.8865 -2.458 3.4916
8.8722 -2.3009 3.563
8.7746 -2.2033 3.5106
8.6247 -2.1248 3.5035
8.6199 -2.0105 3.6153
8.6651 -2.0177 3.6439
8.6009 -2.2009 3.651
8.5795 -2.3271 3.7344
8.6366 -2.3485 3.6296
8.6628 -2.5556 3.6725
8.5676 -2.2795 3.7177
8.777 -1.6892 3.8581
8.9556 -1.294 3.9653
9.1174 -1.3988 3.8415
9.146 -1.8915 3.7034
9.1769 -2.1748 3.4321
9.284 -2.2724 3.1916
9.3555 -2.1986 3.1416
9.4745 -2.2128 3.1726
9.4983 -2.1224 3.1916
9.4173 -1.9486 3.2964
9.3888 -1.6868 3.3725
9.415 -1.5773 3.4987
9.5268 -1.5844 3.0679
9.8053 -2.2724 2.5846
9.8482 -2.5271 2.418
9.9815 -2.5818 2.4037
9.7934 -2.3676 2.8251
9.5078 -1.6701 3.4273
9.2507 -1.0274 3.8534
9.1436 -0.70607 4.0581
9.046 -0.80367 3.9367
8.946 -0.87508 3.9153
8.8889 -1.2202 3.6725
8.7627 -1.5083 3.6868
8.6437 -1.5797 3.482
8.6913 -1.782 3.4487
8.589 -1.8867 3.6201
8.439 -1.5582 3.5249
8.4152 -1.3583 3.4106
8.5033 -1.2559 3.2559
8.4485 -1.3012 3.2821
8.4009 -1.2036 2.9155
8.4176 -1.3012 2.7608
8.2438 -1.0703 2.756
8.0915 -0.74178 2.9964
8.0653 -0.73463 3.463
8.2224 -1.0631 3.8415
8.5628 -1.5559 3.6891
8.9865 -2.6389 3.8105
8.9841 -2.9365 3.7439
8.8342 -2.4104 3.7772
8.8056 -1.5559 3.9248
8.8175 -0.99886 4.3461
8.7199 -0.56087 4.4056
8.6413 -0.28712 4.2223
8.8651 -1.0369 3.9914
9.077 -1.5725 3.7653
9.1198 -1.6392 3.5939
9.1079 -1.4083 3.6344
8.9603 -0.9203 3.5558
8.8175 -0.46565 3.6296
8.7699 -0.29903 3.5677
8.6509 -0.31569 3.5892
8.6175 -0.45375 3.4939
8.8484 -0.30379 3.7129
8.639 0.1342 4.0748
8.3414 0.50078 4.2818
8.2081 0.72215 4.308
8.47 0.75548 4.427
8.489 0.68883 3.7582
8.5628 0.29131 3.5701
8.5414 -0.084793 3.4273
8.6866 -0.69417 3.1797
8.7937 -0.96077 3.0869
8.7794 -1.2131 3.1131
8.7485 -1.3964 3.0369
8.689 -1.3535 2.9203
8.7199 -1.2964 2.8013
8.777 -1.0965 2.6751
8.9008 -1.0369 2.2871
9.0936 -1.2774 1.9991
9.2436 -1.4749 1.7634
9.3007 -1.513 1.8182
9.2103 -1.2726 2.1228
9.0389 -1.1488 2.3799
8.9841 -1.0774 2.5608
9.0008 -1.0369 2.737
9.1198 -0.89174 2.9679
9.0936 -0.70845 3.0798
9.0412 -0.62514 3.1916
8.9484 -0.55611 3.0893
9.046 -0.61324 2.9917
9.1626 -0.66084 2.7846
9.2602 -0.82271 2.6751
9.3888 -0.88936 2.6084
9.4864 -1.0203 2.706
9.4435 -0.86079 2.8108
9.3316 -0.79176 2.8679
9.2817 -0.56563 2.8917
9.265 -0.44661 2.7965
9.3531 -0.4966 2.5823
9.4888 -0.69417 2.3728
9.4102 -0.51088 2.1419
9.5792 -0.55135 1.8134
9.6054 -0.64894 1.6991
9.5554 -0.50374 1.8777
9.4626 -0.19667 2.2681
9.3483 0.024704 2.3966
9.315 -0.072891 2.3204
9.3555 -0.089554 2.2276
9.2436 -0.053848 2.3347
9.146 -0.0014801 2.2585
9.1603 -0.099075 2.4085
9.2341 -0.12764 2.3823
9.2531 -0.06575 2.4442
9.2126 -0.058609 2.4156
9.1722 -0.080032 2.4061
9.1412 0.012802 2.318
9.1341 0.048508 2.3085
9.1436 0.084213 2.2681
9.096 0.12944 2.2347
9.0436 0.14372 2.2062
9.1055 0.06279 2.1728
9.1674 0.06279 2.0729
9.1722 0.048508 2.0919
9.1769 0.1461 1.9372
9.2174 0.20561 1.811
9.2222 0.24608 1.8729
9.2055 0.45793 2.0038
9.2317 0.40794 2.1586
9.2483 0.4008 2.2919
9.284 0.39128 2.3775
9.2055 0.3532 2.4061
9.2269 0.22704 2.2347
9.1626 0.15086 2.2561
9.2864 0.024704 2.1824
9.2959 0.00090027 2.2585
9.3388 -0.030045 2.3061
9.3555 -0.058609 2.3633
9.3269 -0.13716 2.3228
9.2817 -0.12526 2.4799
9.3055 -0.14668 2.3871
9.2793 -0.12288 2.3038
9.3269 -0.080032 2.23
9.2936 0.0080414 2.1371
9.2959 -0.0062408 1.9729
9.3697 -0.020523 1.9991
9.4507 0.031845 1.9848
9.4007 0.077072 2.0657
9.3816 -0.0086212 2.2181
9.3174 -0.087173 2.2109
9.2888 0.0080414 2.2323
9.2364 0.043747 2.299
9.1769 0.046127 2.2276
9.165 -0.051468 2.2014
9.1745 -0.18239 2.1728
9.1912 -0.33473 2.1514
9.1745 -0.39662 2.0752
9.2103 -0.44899 2.1038
9.1626 -0.42995 2.1348
9.265 -0.34663 2.1657
9.2293 -0.21809 2.2871
9.246 -0.21333 2.2942
9.265 -0.13478 2.3466
9.2698 -0.12764 2.3514
9.2793 -0.084793 2.2752
9.2698 -0.10146 2.2514
9.265 -0.18239 2.2109
9.2745 -0.21333 2.1181
9.2983 -0.16573 2.1133
9.2959 -0.11812 2.23
9.3174 -0.025284 2.2276
9.3126 0.086594 2.2085
9.2341 0.11516 2.1919
9.1983 0.046127 2.0967
9.2317 0.022324 1.9848
9.2864 -0.080032 1.9134
9.3245 -0.18715 1.861
9.3436 -0.22523 1.9134
9.3983 -0.22523 1.9895
9.3221 -0.14668 2.1562
9.3078 -0.24904 2.1633
9.334 -0.16811 2.2561
