0.26482 -7.3402 2.6013
-0.29695 -7.2354 2.5085
-0.93013 -7.0926 2.2181
-1.161 -6.9284 2.3347
-1.1563 -6.826 2.906
-1.092 -6.6832 3.5439
-1.0539 -6.5523 4.0867
-1.0444 -6.6213 4.4461
-0.8968 -7.0688 5.0364
-0.83968 -6.9498 4.7627
-0.89204 -7.6068 4.5508
-1.073 -7.6472 4.2057
-1.5443 -7.3235 4.2223
-1.9132 -7.1283 4.3937
-2.087 -7.2783 4.9483
-1.8204 -6.9046 5.672
-1.4705 -7.1331 6.06
-1.0325 -8.1852 6.6622
-0.58022 -8.7303 6.7931
-0.32552 -9.1611 6.8836
-0.1089 -9.0755 6.6241
0.17198 -8.8684 6.3766
-0.066055 -8.6565 5.791
-0.38741 -8.6137 5.6601
-0.53023 -8.5018 6.0814
-0.61354 -8.2733 6.2742
-0.58498 -8.3494 6.7074
-0.27553 -8.1662 7.1311
0.069626 -8.2709 7.2168
0.31956 -8.4899 7.0597
0.54094 -8.4589 6.9502
0.61711 -8.2852 6.5289
0.30766 -8.1876 6.2623
0.0053558 -8.2066 6.1861
-0.097 -8.3375 6.4266
-0.09462 -8.2518 6.8574
-0.14461 -8.1947 7.1431
0.23625 -8.3994 6.9788
0.42192 -8.8779 6.8764
0.70042 -8.4685 6.8241
1.1265 -8.0543 6.7646
1.474 -8.1304 6.617
1.7168 -8.3018 6.6217
1.8644 -8.2209 6.5932
1.8978 -8.359 6.7455
1.9168 -8.2257 6.8027
1.9239 -7.8972 6.936
2.2524 -7.6591 6.8384
2.3262 -7.583 6.7765
2.2929 -7.4663 6.3528
2.3548 -7.3687 6.1552
2.5428 -7.2449 5.6315
2.6904 -7.3164 5.1174
2.4786 -7.5211 4.8627
2.569 -7.1688 4.9555
2.5 -6.7284 5.2911
2.3905 -6.169 5.6149
2.3738 -5.8215 5.6982
2.5619 -5.862 5.7862
2.888 -6.1428 5.5791
3.2331 -6.457 5.2649
3.6045 -7.3449 4.6365
3.9615 -7.9281 4.0176
4.0948 -7.99 3.6749
4.2139 -7.4425 3.4011
4.4424 -7.4378 3.5654
4.728 -7.9686 3.5987
4.9042 -8.6541 3.5844
5.1993 -8.9303 3.7034
5.4421 -8.7113 3.7296
5.7325 -8.8707 3.6034
5.9134 -8.5542 3.3321
6.0682 -8.0614 3.2154
6.1943 -7.8686 3.4082
6.3562 -8.1781 3.7153
6.4228 -8.5827 3.7891
6.599 -8.8136 3.8629
6.8251 -8.7422 3.6582
7.0155 -8.7993 3.2369
7.1917 -8.7684 3.0964
7.2488 -8.5184 2.787
7.3321 -8.19 2.8798
7.2417 -7.8305 3.0393
7.1988 -7.6496 3.225
7.306 -7.5687 3.3011
7.4797 -7.3616 3.394
7.6178 -7.145 3.4392
7.6916 -7.045 3.4178
7.8201 -6.9974 3.2059
7.9034 -6.8165 3.0774
7.9439 -6.7427 3.1202
7.882 -6.5665 3.1393
7.832 -6.0405 3.2059
7.8273 -5.6263 3.2369
7.7582 -5.3787 3.225
7.7368 -5.3145 3.1964
7.8177 -5.2074 2.9917
7.9629 -5.1669 2.9893
8.0772 -5.086 2.9227
8.3009 -5.0288 2.9441
8.5295 -5.2002 2.9131
8.5485 -5.2859 2.9369
8.6461 -5.2335 3.1274
8.7175 -5.0526 3.2678
8.6699 -4.9169 3.6034
8.5509 -4.6575 3.8724
8.6175 -4.4123 3.7605
8.7128 -4.4885 3.6368
8.8984 -4.6146 3.3487
8.9365 -4.7122 3.194
8.9151 -4.5147 3.3059
8.8841 -4.3433 3.4535
8.7627 -4.1362 3.5582
8.7366 -4.0338 3.5487
8.6628 -3.791 3.4559
8.5556 -3.6601 3.5773
8.4961 -3.6268 3.5368
8.5818 -3.8315 3.5868
8.6818 -3.9267 3.4225
8.7485 -3.9339 3.363
8.7651 -3.7387 3.5035
8.7675 -3.3602 3.5106
8.6699 -3.1983 3.7915
8.5842 -3.0936 4.0248
8.4485 -3.115 4.1271
8.4176 -3.0365 4.1652
8.4771 -3.0126 4.289
8.4604 -3.0079 4.2914
8.4438 -3.2483 4.0962
8.7723 -3.4245 4.1533
8.7342 -3.6363 3.7915
8.708 -3.8981 3.6749
8.7366 -3.4816 3.6891
8.7794 -3.0912 3.4868
8.8246 -3.3673 3.3892
8.6675 -3.5649 3.5344
8.5914 -3.4649 3.5606
8.6199 -3.4816 3.5725
8.5604 -3.5363 3.513
8.5152 -3.503 3.5201
8.5509 -3.553 3.5296
8.5176 -3.6411 3.5606
8.5961 -3.4387 3.4701
8.6699 -3.4673 3.2726
8.6985 -3.3078 3.2083
8.7294 -3.0388 3.344
8.7485 -3.0603 3.4606
8.677 -3.2364 3.5011
8.5866 -3.284 3.5773
8.6033 -3.2459 3.6534
8.6033 -3.1102 3.6272
8.5795 -3.115 3.5535
8.5699 -3.0769 3.4654
8.6342 -2.9722 3.3321
8.6961 -3.0031 3.2749
8.6675 -3.0793 3.2297
8.727 -3.0222 3.1155
8.6913 -3.0603 3.0036
8.6532 -2.9365 3.056
8.7389 -2.8698 3.294
8.5176 -2.8246 3.4559
8.5271 -2.9412 3.5439
8.5485 -2.9484 3.5915
8.4938 -2.7294 3.651
8.5176 -2.6508 3.6653
8.5033 -2.7008 3.6772
8.4509 -2.9722 3.5463
8.589 -2.8674 3.5558
8.658 -2.6127 3.6011
8.7437 -2.9246 3.6915
8.6747 -3.0936 3.6225
8.7818 -3.0031 3.7082
8.9079 -2.6865 3.5701
9.0198 -2.746 3.532
9.0793 -3.284 3.2726
8.8199 -3.2269 3.244
8.6128 -2.6842 3.4868
8.6699 -2.4414 3.6868
8.6699 -2.3938 3.6963
8.5414 -2.4723 3.7106
8.5723 -2.358 3.7701
8.5318 -2.4366 3.7986
8.5699 -2.5413 3.6868
8.6628 -2.7318 3.4868
8.6699 -2.4556 3.313
8.7032 -2.22 3.4678
8.8342 -1.8725 3.3487
8.7865 -2.1676 3.2892
8.658 -2.4961 3.2607
8.4604 -2.3128 3.2749
8.6009 -2.051 3.2202
8.7675 -2.3699 3.0798
8.727 -2.6818 3.0536
8.7532 -2.6842 3.1797
8.639 -2.4937 3.3321
8.6937 -2.4318 3.4749
8.6247 -2.3819 3.5511
8.7009 -2.2152 3.5225
8.7032 -2.2843 3.4487
8.7961 -2.4723 3.4202
8.8627 -2.5009 3.3249
8.8913 -2.6294 3.2607
8.946 -2.6556 3.2488
8.9532 -2.4794 3.2416
8.8389 -2.2724 3.3654
8.8484 -2.189 3.4725
8.8794 -2.2343 3.4273
8.9532 -2.3271 3.4225
9.0293 -2.3438 3.4511
9.0936 -2.4271 3.394
9.284 -2.7127 3.2773
9.265 -2.8674 3.175
9.196 -2.5199 3.2464
9.1174 -2.0272 3.3392
9.1793 -1.9534 3.3392
9.1888 -2.1176 3.3249
9.1269 -2.1272 3.4202
9.0198 -2.1676 3.4511
9.0793 -2.2462 3.5035
9.0889 -2.2771 3.5868
9.1079 -2.3771 3.3725
9.246 -2.4628 3.3987
9.2817 -2.3081 3.4035
9.3816 -2.3557 3.3226
9.3388 -2.2176 3.194
9.2936 -2.0129 3.1845
9.2555 -2.0343 3.1012
9.2126 -2.1962 2.8917
9.2126 -2.4057 2.8727
9.2293 -2.3557 2.8512
9.0603 -2.3795 2.9703
8.9627 -2.3295 3.1036
8.7913 -2.3176 3.0536
8.7128 -2.2128 3.0869
8.7009 -2.1652 3.0655
8.8127 -2.0557 2.8584
8.8627 -2.0581 2.5751
8.9127 -2.051 2.2228
8.996 -1.7439 2.0181
8.9889 -1.5559 2.0062
9.046 -1.6487 2.3561
8.9389 -1.682 2.2752
8.8746 -1.9034 2.568
8.7746 -1.9224 2.6418
8.7342 -1.8415 2.9298
8.6509 -1.6344 2.9108
8.6152 -1.5487 2.9179
8.4842 -1.2655 2.7465
8.5152 -0.73701 2.3918
8.5723 -0.60847 2.2871
8.6461 -0.69893 2.1419
8.7723 -0.95363 2.149
8.8294 -1.2488 2.2085
8.8937 -1.4773 2.3061
8.8722 -1.7272 2.0705
8.9889 -2.0391 2.2752
9.0222 -1.8391 2.2823
8.9436 -1.4202 2.4537
8.8841 -1.1488 2.5228
8.8484 -1.0631 2.5418
8.8246 -0.98457 2.5347
8.7937 -1.0417 2.2181
8.977 -0.97505 2.1133
9.0341 -0.94649 2.0443
9.1198 -0.787 1.9467
9.1293 -0.91078 1.7967
9.1983 -1.0203 1.6254
9.2888 -1.0512 1.5254
9.2698 -1.0441 1.3397
9.2959 -1.194 1.2802
9.5292 -1.0726 1.2945
9.6744 -0.82033 1.4992
9.703 -0.58229 1.642
9.6102 -0.56087 1.8729
9.5602 -0.84889 1.5635
9.534 -1.1988 1.4302
9.3983 -1.5463 1.0088
9.3697 -1.8677 0.84935
9.4316 -1.9653 0.87077
9.4031 -1.9772 0.73033
9.4602 -1.8939 0.9398
9.4935 -1.4964 1.2635
9.553 -1.1583 1.6063
9.4697 -0.97267 1.9158
9.3626 -0.77272 2.1252
9.3078 -0.68703 2.6203
9.1936 -0.44899 2.4371
9.315 -0.25618 2.6775
9.2341 -0.099075 2.5013
9.2483 -0.16811 2.2276
9.2269 -0.24666 2.0776
9.2317 -0.31093 1.8039
9.196 -0.46565 1.5777
9.2721 -0.77034 1.473
9.3078 -0.95601 1.2564
9.3078 -1.1441 1.0445
9.3674 -1.3273 0.97313
9.4626 -1.4511 0.70653
9.5292 -1.5987 0.50658
9.5554 -1.7653 0.41612
9.553 -2.0129 0.17094
9.5649 -2.1581 0.10905
9.534 -2.1795 0.1638
9.4697 -2.1081 0.37566
9.3983 -2.0867 0.4304
9.3245 -1.8748 0.63036
9.3293 -1.801 0.70653
9.3697 -1.7034 0.7589
9.4054 -1.6725 0.83507
9.3721 -1.7272 0.93266
9.3412 -1.7177 0.86601
9.3102 -1.6654 0.92552
9.215 -1.613 1.0112
9.3102 -1.5797 1.016
9.3055 -1.513 1.0255
9.3483 -1.4749 0.97551
9.4316 -1.544 0.97551
9.4888 -1.4916 0.96599
9.4459 -1.413 1.0303
9.4388 -1.4273 1.0898
9.3912 -1.3226 1.1588
9.384 -1.2678 1.154
9.3959 -1.1774 1.2135
9.4554 -1.106 1.1493
9.4102 -1.1655 0.95647
9.3983 -1.3464 0.84221
9.434 -1.4797 0.76366
9.465 -1.4297 0.79222
9.4697 -1.3321 0.87553
9.415 -1.244 0.95409
9.4292 -1.1607 0.99693
9.3983 -1.0536 1.0969
9.4126 -0.97505 1.0445
9.4173 -1.0131 0.95409
9.384 -1.075 0.73271
9.4078 -1.5701 0.22093
9.5459 -1.9272 0.20427
9.6244 -1.6558 0.45659
9.5292 -1.3488 0.91838
9.4459 -1.2893 1.1112
9.3602 -1.1536 1.4064
9.3459 -1.0084 1.5397
9.3816 -0.91554 1.5087
9.1841 -1.1417 0.76604
9.3555 -1.8225 0.46849
9.5554 -2.0605 0.08049
9.7839 -2.1962 0.42326
9.7482 -1.6749 0.7708
9.5911 -1.1655 1.373
9.5173 -1.0155 1.7277
9.5673 -1.0108 1.8515
