-1.3348 -1.6392 10.199
-1.0968 -1.7844 9.5925
-0.6302 -1.7963 9.0426
-0.26363 -1.6677 8.3428
0.13152 -1.8915 7.1669
-0.14223 -2.7699 6.129
-0.59212 -3.1745 5.6601
-0.8849 -3.3578 5.6791
-1.0706 -3.772 6.1124
-1.3586 -4.0005 6.4432
-1.7561 -4.2385 6.5789
-1.7371 -4.2623 6.8479
-1.6704 -4.041 6.9621
-1.6633 -3.9267 6.7455
-1.6371 -4.0362 6.567
-2.0108 -4.1243 6.2576
-2.3441 -4.1933 5.9743
-2.5321 -4.6837 5.9053
-2.5155 -4.5908 5.9886
-2.4012 -4.8408 6.0052
-2.0203 -5.5311 6.0814
-1.5228 -5.9667 6.0338
-1.3967 -5.7644 5.6053
-1.5228 -5.9072 5.7648
-1.3753 -6.1904 6.0409
-1.4157 -6.5856 6.1004
-1.4229 -6.8831 5.9291
-1.1515 -7.7496 5.7529
-0.67781 -7.9948 5.9719
-0.51833 -7.4735 6.2504
-0.42549 -7.114 6.2933
-0.37312 -7.2426 6.2956
-0.22316 -7.2854 6.3361
-0.2065 -7.1355 6.3337
-0.42311 -7.1712 6.1838
-0.71352 -7.5401 5.9314
-0.81587 -7.8853 5.4197
-0.67543 -8.3828 5.015
-0.31123 -8.8684 4.9245
-0.15413 -8.9422 4.8603
0.048203 -8.8422 5.3697
0.42668 -8.4375 5.4911
0.63377 -8.19 5.7315
0.8242 -8.1043 5.86
1.0051 -8.3399 6.0314
1.0765 -8.4589 5.91
1.3288 -8.616 5.7601
1.505 -8.3566 5.8743
1.6716 -8.3756 6.2266
1.9049 -8.2971 6.4813
2.2524 -8.2995 6.2647
2.6 -8.5137 5.4911
2.5524 -8.9088 4.7341
2.4191 -9.223 4.8222
2.1286 -8.9422 4.915
2.0549 -8.2852 4.9626
2.1763 -7.6972 5.5101
2.3 -7.1331 5.7791
2.5285 -6.6356 5.9076
2.8213 -6.3714 5.7862
3.0403 -6.4451 5.3197
3.3855 -7.3164 4.7389
3.8401 -8.5161 3.9272
4.4733 -9.7658 3.3321
5.0351 -10.339 3.0298
5.2803 -10.054 3.0726
5.3826 -9.1445 3.3583
5.3921 -8.497 3.9057
5.4778 -7.9805 4.2438
5.7944 -7.7163 4.3794
6.042 -7.5663 4.3318
6.4633 -7.7996 4.1057
6.7632 -8.3233 3.6558
6.9822 -8.8065 3.4511
7.1798 -8.9445 3.3345
7.4226 -8.8041 3.4035
7.6344 -8.4804 3.2321
7.5821 -8.19 3.3178
7.3845 -7.8805 3.6153
7.3607 -7.6615 3.7962
7.4678 -7.4901 4.1105
7.7844 -7.4687 4.2271
8.001 -7.2973 4.0105
8.0296 -7.3711 3.8843
8.0582 -7.3473 3.5415
8.1319 -7.3973 3.4106
8.0748 -7.2926 3.2988
7.9487 -7.0164 3.2202
7.8058 -6.6118 3.2654
7.7987 -6.3047 3.4749
7.7582 -5.9857 3.5868
7.8106 -5.7334 3.6939
7.9534 -5.6287 3.6987
7.9463 -5.5501 3.4701
7.9582 -5.5192 3.2392
8.0343 -5.5358 3.0607
8.1676 -5.612 2.9584
8.2081 -5.255 2.9274
8.2962 -4.8313 2.956
8.3938 -4.6099 3.2202
8.3605 -4.5575 3.394
8.4795 -4.4194 3.4511
8.5152 -4.3599 3.5892
8.6152 -4.2838 3.4654
8.7056 -4.2695 3.3535
8.7318 -4.3814 3.3511
8.7913 -4.3909 3.3011
8.9175 -4.1338 3.3035
9.1674 -3.8363 3.4082
9.3055 -3.9053 3.4368
9.3531 -4.1743 3.4154
9.3531 -4.2457 3.363
9.3578 -4.1933 3.444
9.3055 -3.9743 3.4463
9.2341 -3.6863 3.6034
9.096 -3.2412 3.613
9.0174 -3.0269 3.6677
9.0936 -3.1031 3.7986
9.0293 -3.0507 3.8177
9.0674 -3.065 3.8391
9.0793 -3.2102 3.6915
9.0198 -3.234 3.6225
9.027 -3.2602 3.613
9.1698 -3.1626 3.2654
9.0579 -3.2435 2.975
8.9675 -3.234 2.9369
8.8556 -2.9936 3.0179
8.7199 -2.5271 3.2916
8.6509 -2.1676 3.6201
8.5509 -1.9462 3.7558
8.4676 -1.9058 3.9629
8.3985 -2.0819 3.9272
8.3486 -2.358 3.8367
8.3343 -2.4533 3.8462
8.4604 -2.4628 3.7225
8.5104 -2.4961 3.6558
8.5937 -2.4723 3.5035
8.708 -2.3676 3.4225
8.6651 -2.2866 3.5725
8.6437 -2.2295 3.7225
8.8294 -2.2152 3.6296
9.165 -2.5675 3.9676
8.8532 -2.7246 4.1723
8.8651 -3.0031 4.3794
8.7913 -2.9389 4.1676
8.8223 -2.7508 4.0629
8.7151 -2.6318 3.9772
8.7508 -2.6437 3.7582
8.9532 -3.0246 3.4535
9.0484 -3.5792 3.0893
8.8913 -3.3887 3.175
9.0008 -2.8651 3.1535
8.9413 -2.9151 3.3249
8.5771 -2.6961 3.7415
8.3414 -2.2462 4.0938
8.2748 -1.7891 4.2961
8.2105 -1.6487 4.3295
8.4533 -1.2607 4.2842
8.6509 -0.98695 3.9343
8.7413 -1.2298 3.8629
8.6604 -1.5844 3.801
8.6009 -1.7153 3.6487
8.7485 -1.7511 3.6249
8.8413 -1.9224 3.6987
8.9436 -2.1367 3.7344
9.115 -2.1962 3.613
9.3507 -2.4628 3.5487
9.3007 -2.4509 3.3083
9.4483 -1.9843 3.294
9.4388 -1.5202 3.2392
9.4626 -1.8629 3.225
9.4602 -2.2605 3.0322
9.4507 -2.2747 3.0155
9.3935 -2.2009 3.1488
9.3436 -1.882 3.1393
9.3007 -1.5678 3.2607
9.1412 -1.4059 3.2892
9.0984 -1.513 3.3487
9.0412 -1.682 3.3273
8.9651 -1.7725 3.2131
8.946 -1.8415 3.1678
8.977 -2.0153 3.075
8.896 -2.1462 3.0083
8.7937 -2.189 2.9393
8.7604 -2.12 2.8893
8.8294 -1.9224 2.7941
8.7937 -1.8391 2.6989
8.8437 -1.8463 2.6965
8.8318 -1.9581 2.6132
8.8032 -1.8986 2.537
8.8008 -1.5535 2.3157
8.8461 -1.1369 2.1633
9.0389 -1.0465 2.0538
9.1008 -1.1893 1.9657
9.1436 -1.2107 1.8158
9.2222 -1.3654 1.4968
9.3507 -1.8415 1.4135
9.3197 -2.1129 1.2278
9.246 -2.1272 1.2374
9.115 -1.6963 1.2873
9.0174 -1.1607 1.3111
9.0389 -0.82747 1.3587
9.0103 -0.64418 1.4444
8.8889 -0.64656 1.3016
8.8175 -0.99648 0.9279
8.9675 -1.4511 0.88029
9.0246 -1.5868 0.80888
9.0079 -1.4797 0.88506
8.9627 -1.3559 0.98503
8.9722 -1.3607 1.0588
9.0174 -1.5916 1.0683
9.1174 -1.7915 1.0802
9.146 -1.9915 1.1017
9.2126 -2.0224 1.116
9.2674 -2.3438 1.2707
9.4007 -2.3081 1.454
9.7982 -2.2366 2.2633
9.941 -2.0153 3.701
9.6125 -1.0798 4.8365
9.9458 -1.1631 4.2914
10.377 -2.2319 3.8629
10.136 -2.5723 3.6487
9.8172 -2.4342 3.3297
9.6625 -2.4794 2.8465
9.6482 -2.6961 2.249
9.6149 -2.5723 1.7729
9.5744 -2.3985 1.4992
9.5959 -2.339 1.3349
9.6244 -2.3485 1.2897
9.7244 -2.3676 1.3088
9.7887 -2.1486 1.135
9.6459 -2.27 0.65892
9.6649 -2.4771 0.76366
9.6459 -2.1652 0.69463
9.6863 -1.6677 0.6851
9.6839 -1.7868 0.46849
9.6197 -1.8034 0.55656
9.5149 -1.8248 0.33043
9.5744 -1.7701 0.58037
9.3602 -1.494 0.48991
9.2602 -1.5963 0.92552
9.1127 -1.4773 1.0517
9.0746 -1.0012 1.4849
8.9175 -0.46327 1.8515
8.777 -0.57515 1.9729
8.9079 -0.47279 2.13
8.8389 -0.1443 2.0895
8.877 -0.19905 2.0752
9.0317 -0.46327 1.9348
9.1103 -0.35378 2.0038
8.9675 -0.039566 1.9681
9.0412 -0.52754 1.761
9.0793 -0.47517 2.0086
9.0032 -0.17287 2.2323
8.8627 -0.0062408 2.4014
8.9008 -0.084793 2.3323
8.9127 0.038986 2.4275
8.8389 0.15086 2.3418
8.7199 0.22704 2.2847
8.808 0.079453 2.249
8.8342 0.069931 2.0181
9.0698 -0.28474 1.8586
9.1484 -0.17763 2.0014
9.1484 0.027084 2.2062
9.1579 0.15324 2.3204
9.1888 0.25798 2.4133
9.2007 0.35558 2.4037
9.1817 0.33415 2.3918
9.1983 0.26036 2.3775
9.2174 0.23656 2.0752
9.3626 0.005661 2.3633
9.3245 0.15324 2.5823
9.2936 0.06517 2.7798
9.2745 -0.030045 2.9369
9.2698 0.024704 3.0845
9.2579 0.12468 2.956
9.2745 0.0032806 2.637
9.3626 -0.27522 2.5275
9.5554 -0.43471 2.099
9.6506 -0.51564 2.0705
9.3983 -0.1086 2.1062
9.3959 -0.17525 2.1728
9.1793 0.086594 2.1228
9.2864 -0.0086212 1.9039
9.2817 0.022324 1.6468
9.2626 0.046127 1.4159
9.1841 0.17229 1.323
9.1365 0.13896 1.4587
9.1293 0.34129 1.6682
9.165 0.47935 1.8634
9.0341 0.69121 1.9991
9.0389 0.64122 1.9848
9.0865 0.62932 1.9015
9.0841 0.74596 1.8253
9.165 0.76976 1.961
9.1698 0.84593 2.0038
9.2769 0.69359 2.1181
9.2698 0.55553 2.08
9.2864 0.3651 1.9872
9.3031 0.28178 1.9895
9.3293 0.2556 1.8896
9.3197 0.22466 1.9419
9.3245 0.26988 2.08
9.3745 0.22704 2.0443
9.284 0.21989 2.0419
9.3078 0.25084 1.9943
9.3888 0.18895 1.9776
9.4721 0.16991 2.011
9.4102 0.21751 2.0086
9.3769 0.2318 2.0276
9.3793 0.21037 2.0419
9.4031 0.2794 2.0729
9.365 0.40318 2.0729
9.3697 0.5341 2.0729
9.3388 0.58647 2.0443
9.2745 0.60075 2.03
9.2579 0.49602 2.0276
9.2912 0.39604 2.011
9.2983 0.25084 2.0729
9.3316 0.20561 2.0276
9.2912 0.21751 2.0348
9.3126 0.23656 1.9848
9.284 0.28654 1.9657
9.2245 0.42223 2.0253
9.265 0.45317 2.0895
9.2055 0.30559 1.9848
9.1531 0.21037 1.8229
9.2983 0.093735 1.9895
9.2412 0.27464 1.9872
9.2198 0.24132 2.0514
9.1579 0.2675 2.0229
9.1817 0.33177 1.9419
9.2507 0.35081 1.9562
9.1888 0.35558 1.9515
9.2531 0.21275 1.98
9.1983 0.10802 2.0253
9.2055 0.010422 2.1062
9.284 -0.072891 2.1681
9.3293 -0.06813 2.1514
9.3412 -0.027664 2.1181
9.3174 -0.0014801 2.0491
9.3316 0.072311 2.061
9.3745 0.091354 2.0943
9.3436 0.053268 2.13
9.384 -0.041946 2.0229
9.4578 -0.12526 1.9729
9.4602 -0.1324 1.8229
9.4626 -0.082413 1.7182
9.4197 -0.056229 1.842
9.384 0.06041 1.7991
9.3388 0.074692 1.8872
