-2.9606 -5.8905 6.1552
-2.4821 -6.8165 6.3885
-3.0915 -8.1352 6.8812
-3.5842 -6.9307 7.5787
-3.7318 -5.1217 8.4975
-3.8056 -3.5673 8.9878
-3.8627 -2.7389 8.9783
-3.9675 -2.2747 8.8284
-3.689 -1.4892 8.4665
-3.1582 -0.56087 7.6358
-1.9275 -2.2938 7.8857
-1.9989 -4.1814 7.7977
-2.4012 -4.4242 9.2449
-2.4869 -3.6387 10.157
-2.4274 -4.6099 9.5425
-2.6916 -5.8191 8.4166
-2.6154 -5.0741 7.9905
-2.7821 -4.7456 7.5715
-3.0725 -4.736 7.3406
-2.6416 -4.8979 7.3287
-2.594 -4.4671 6.9264
-2.744 -3.9267 5.741
-2.7345 -3.5268 4.2128
-2.9106 -3.7553 2.7156
-2.3465 -4.4361 0.41612
-1.7752 -4.9003 -1.1002
-1.4657 -4.6503 -2.6379
-1.2753 -4.2076 -4.5755
-0.63496 -4.2576 -7.0083
-0.18507 -5.2026 -9.5362
-0.12318 -6.6689 -11.429
-0.089859 -7.8996 -12.538
0.4243 -8.6303 -13.614
0.50999 -10.025 -14.794
0.64806 -11.061 -16.242
0.66948 -11.561 -15.537
-0.054153 -10.525 -15.104
-0.63496 -10.677 -13.25
-1.0801 -9.7277 -12.459
-1.2872 -8.6184 -11.057
-1.5871 -7.4092 -9.6981
-1.8013 -7.0855 -8.1032
-1.7704 -7.3949 -7.3439
-1.5324 -8.0686 -6.5417
-1.7847 -8.8279 -5.6419
-2.087 -8.816 -4.9159
-1.6228 -7.9495 -3.8424
-1.6966 -6.3571 -2.4951
-1.8323 -5.7168 -0.95497
-2.0061 -6.1976 0.99455
-2.4345 -5.9572 2.5537
-2.4155 -5.881 4.6484
-2.7725 -4.6932 6.5146
-3.4914 -4.2695 8.6403
-3.589 -3.7958 10.342
-3.927 -2.6389 10.973
-4.465 -1.6654 11.418
-4.7316 -1.5059 11.366
-4.0936 -1.5392 10.821
-3.8889 -1.2012 10.79
-3.5938 -1.5749 9.9662
-3.151 -2.4199 7.3359
-2.4012 -5.6715 6.0457
-2.2322 -7.9495 5.8243
-2.1584 -7.0878 6.9241
-2.3679 -5.0193 8.0047
-2.5226 -4.5932 8.8379
-2.6987 -4.548 8.5903
-2.7059 -4.7813 8.2713
-2.7963 -4.9503 8.1404
-2.7654 -4.5908 7.8262
-2.6059 -3.91 7.3716
-2.7916 -3.2935 6.5384
-2.8844 -3.0579 5.1626
-2.9177 -3.7887 4.4318
-2.5892 -4.1338 3.3868
-2.2941 -4.6456 2.0586
-2.2227 -5.5097 0.79698
-2.2322 -5.7072 -0.79787
-1.6609 -5.612 -2.7593
-0.85634 -5.5787 -4.7993
-0.50642 -5.6144 -7.8723
-0.1208 -6.6499 -10.372
-0.087479 -8.6137 -12.431
-0.085098 -10.118 -13.297
0.43382 -10.442 -13.316
0.39812 -10.789 -13.48
0.13866 -11.408 -13.892
0.13866 -11.303 -13.645
-0.11128 -10.537 -12.395
-0.51595 -9.4611 -11.169
-0.91109 -8.785 -9.9552
-1.0539 -8.4328 -9.2958
-1.2301 -8.5137 -9.4148
-1.1491 -9.4587 -9.4386
-0.56117 -10.27 -8.7197
-0.63258 -9.5539 -7.7081
-1.0396 -8.1209 -6.3156
-1.5681 -6.7427 -4.8659
-2.1989 -5.8048 -3.0045
-2.8035 -5.2478 -1.3858
-3.1867 -5.2716 0.47325
-3.351 -4.7955 2.0729
-3.2343 -5.5787 3.8558
-2.9011 -5.1978 4.9841
-3.1296 -4.1052 6.3242
-3.6533 -4.5194 7.8833
-3.9675 -3.2483 8.3785
-4.096 -3.1079 9.9471
-4.365 -1.8058 10.737
-4.215 -0.041946 11.159
-4.1746 -0.48946 10.549
-3.7937 -2.2605 8.1404
-3.3819 -4.7765 7.2787
-2.8654 -4.3837 6.9526
-2.1917 -2.1748 7.9333
-1.4062 -1.7368 8.2975
-1.6895 -2.7841 8.7665
-2.7035 -3.4387 10.197
-3.689 -2.6627 10.723
-4.1651 -1.544 10.44
-3.7747 -1.2012 9.3663
-3.7675 -1.9296 8.5784
-3.6937 -1.9462 8.8403
-3.1867 -1.9486 9.5877
-2.5297 -3.284 8.5903
-1.8823 -4.0576 8.6832
-1.6942 -3.4483 7.9119
-1.7204 -2.9746 7.0193
-1.7775 -2.3271 4.577
-1.4824 -2.8484 1.6801
-1.3086 -4.2457 -0.44319
-1.3562 -5.2288 -2.8307
-0.74446 -5.862 -5.1849
-0.81349 -6.1547 -7.3629
-0.44691 -6.1833 -9.441
-0.47786 -6.3618 -11.091
-0.21126 -7.1997 -13.335
0.44572 -9.2825 -14.985
1.0242 -11.423 -15.506
1.2074 -12.601 -14.73
0.52904 -12.958 -13.44
0.081528 -13.239 -11.581
-1.1182 -11.941 -10.353
-1.1229 -9.98 -9.6767
-1.3634 -9.2968 -8.2722
-1.7323 -8.9279 -7.0368
-1.7942 -8.8945 -6.268
-1.5824 -9.185 -5.0992
-1.4229 -8.6041 -3.8543
-1.7561 -8.0971 -2.2237
-1.9942 -7.5235 -0.73598
-1.9061 -6.0905 0.28758
-1.9108 -5.4287 1.9538
-2.1322 -4.7099 3.8177
-2.3536 -3.3792 5.7053
-2.7083 -3.4768 8.1357
-3.0677 -2.5056 9.9305
-3.4533 -1.3416 11.49
-3.8866 -1.3726 12.18
-4.9458 -2.0986 11.963
-4.753 -0.83223 11.056
-4.1508 0.60789 10.366
-3.9984 0.42461 9.1259
-3.4795 -0.89888 7.6763
-2.1989 -2.6485 6.9693
-1.9323 -4.0267 8.1833
-2.3679 -3.2435 8.5498
-2.5226 -2.3747 8.6546
-2.794 -3.315 9.433
-2.8987 -2.9151 8.557
-2.3941 -2.0605 7.7667
-2.3012 -0.8846 7.9833
-2.8654 -0.42519 8.8664
-3.5771 -0.87508 8.707
-3.2629 -1.9629 8.6498
-2.6059 -2.0248 9.183
-1.8418 -2.3628 10.364
-1.7442 -1.6201 10.733
-1.7609 -0.015762 11.935
-2.7559 1.3101 10.466
-3.2343 1.084 7.7048
-3.1082 -0.47279 3.6891
-1.9227 -2.4057 0.62798
-1.1586 -4.229 -0.85262
-1.2634 -5.2169 -3.9566
-0.41121 -6.1143 -6.487
0.16722 -6.8141 -8.2127
-0.097 -7.8305 -10.391
-0.018448 -9.6848 -12.005
0.43144 -11.518 -12.873
0.51714 -13.315 -13.552
0.83611 -14.436 -13.83
0.56712 -14.653 -14.026
0.10057 -13.022 -13.185
-0.55879 -11.177 -10.967
-1.023 -9.8157 -9.6957
-1.2753 -9.9395 -8.4055
-1.33 -9.8372 -7.4058
-1.0896 -9.6824 -7.2606
-0.53737 -10.856 -6.8035
0.24577 -11.432 -6.6917
0.019638 -10.951 -5.9252
-0.71352 -8.985 -4.716
-1.6895 -5.562 -3.0497
-2.4536 -3.891 -1.2001
-2.6797 -3.7172 0.55418
-2.5678 -3.5173 2.9917
-2.356 -2.8032 5.115
-2.7749 -0.97267 7.2883
-3.1796 -1.0488 9.0593
-3.7652 -0.36568 10.099
-4.0865 -0.64656 11.406
-4.2793 0.096115 12.282
-4.9982 0.54124 11.706
-5.1862 -0.91078 10.664
-4.6745 -2.0605 9.0307
-3.9699 -2.0296 8.5594
-3.5438 -1.075 8.3428
-3.2296 0.4984 8.3118
-2.5178 0.72215 8.6641
-1.4467 0.21989 9.333
-1.2158 -0.90602 9.9543
-1.6871 -1.5011 10.238
-2.3822 -1.0274 10.704
-2.7963 -0.44899 10.288
-3.5842 0.99828 10.604
-3.7247 2.6931 9.8162
-3.7033 2.8121 9.1473
-3.5152 2.317 9.1854
-3.0034 1.9076 7.8905
-3.5057 1.2649 7.7858
-2.6749 1.5339 8.9307
-1.8156 0.49364 9.9686
-1.53 -0.28474 11.325
-1.699 -0.42519 12.558
-2.1632 0.69835 13.315
-1.9823 1.7457 12.892
-1.3538 2.1004 10.78
-1.5371 1.1411 8.7593
-1.3776 0.94591 7.055
-1.0134 0.71263 6.1195
-1.2372 -0.45375 4.5603
-2.1536 -1.7225 2.4799
-1.7204 -3.1412 0.69463
-1.2919 -3.5316 -0.98592
-0.95155 -3.9434 -3.6781
-0.40645 -5.5787 -5.8966
-0.57307 -6.9498 -7.6795
-0.81825 -7.9948 -9.1458
-0.65639 -9.0302 -10.329
-0.28267 -10.473 -12.207
0.29576 -12.46 -12.809
0.57188 -14.01 -12.555
0.83849 -15.486 -11.683
-0.77779 -15.793 -9.2506
-1.1896 -13.836 -7.1915
-1.0801 -12.079 -7.0416
-1.0206 -12.339 -7.2891
-1.2896 -13.024 -6.6726
-0.93251 -12.734 -6.4417
-1.1967 -11.732 -5.2968
-1.2301 -9.3421 -4.4113
-0.67305 -7.1212 -3.1449
-0.41835 -6.557 -1.7429
-0.39455 -6.0548 0.23521
-1.5895 -4.7646 1.1802
-2.5773 -3.2745 2.7298
-2.6678 -0.55849 4.5913
-2.763 1.0673 6.5527
-2.9035 1.5196 9.6686
-2.8582 2.6074 12.287
-3.2272 2.0123 13.71
-3.6009 0.49126 12.813
-4.5983 1.1006 13.275
-4.1603 1.9599 12.83
-4.1936 1.86 11.097
-3.9865 1.9195 9.0759
-3.2367 1.5243 6.7717
-2.6511 1.3458 6.9717
-1.6895 0.47935 8.0119
-2.1441 -1.1655 8.4713
-2.8654 -0.053848 8.5427
-2.544 1.3387 9.4353
-1.9942 0.69597 9.6972
-2.037 0.8007 9.8186
-1.9394 2.0575 10.204
-3.4747 2.8169 9.3973
-3.3724 2.774 9.84
-2.7702 1.0197 10.361
-1.9394 -1.7153 8.6593
-1.6442 -2.3699 8.2475
-1.6561 0.34129 10.883
-1.6538 1.7148 13.084
-2.0299 1.7671 14.608
-2.3536 3.1216 14.786
-2.2274 4.4022 12.949
-1.2491 2.8312 10.054
-1.2039 -1.1845 6.8693
-1.0301 -1.97 5.7053
-1.2253 -2.3366 5.0602
-0.99202 -3.6887 3.2297
-0.82301 -5.5692 3.006
-1.5466 -6.7236 2.9679
-2.1251 -5.6049 3.7153
-2.2727 -3.8981 3.1631
-2.0322 -4.0957 2.1324
-1.3705 -4.398 1.5682
-0.48976 -4.936 -1.2763
0.34099 -9.561 -5.0897
0.41478 -14 -7.5391
0.15056 -14.379 -8.1532
0.012497 -11.718 -7.52
-0.44691 -9.7229 -6.8607
-0.89204 -9.1588 -6.0823
-0.91109 -8.6327 -5.6991
-0.55165 -9.1064 -6.1085
0.19341 -11.601 -7.989
0.72661 -15.491 -9.422
0.21483 -16.459 -9.4957
-0.56117 -14.474 -9.3648
-0.74922 -13.672 -8.1151
-0.78255 -13.248 -7.6033
-0.65877 -12.622 -6.8631
-0.73494 -11.791 -5.6134
-0.7635 -11.189 -5.1658
-0.65401 -10.744 -5.2301
-0.82301 -9.2706 -5.2825
-0.49214 -7.433 -5.1849
-0.65877 -6.0357 -3.8781
-1.2634 -4.8955 -1.9619
-2.1679 -3.9743 0.65654
-2.7059 -3.146 2.6703
-2.7511 -1.3512 4.6746
-2.6392 0.4008 6.3385
-2.6226 1.0625 8.9688
-2.8368 1.81 10.407
-2.7773 2.2504 11.754
-3.9603 0.63646 11.673
-4.4578 -1.4083 11.773
-4.0817 -0.41328 11.637
-4.0556 1.5124 11.578
-3.5033 3.9095 11.673
-2.4774 2.7764 9.9447
-1.7466 0.005661 7.5215
-1.6323 0.096115 6.1957
-1.9061 1.1054 6.686
-2.0537 1.9433 7.8857
-1.9489 2.4527 8.8046
-1.9489 2.7883 8.6927
-1.9489 3.2168 8.4832
