-4.2507 -0.78938 10.676
-4.7673 0.10564 9.8495
-4.2698 -0.025284 9.4401
-4.0103 -0.77272 9.2211
-3.8889 -0.8846 8.7236
-3.6128 -1.2083 9.095
-3.5081 -1.8177 9.8114
-3.3557 -2.2628 10.552
-3.0891 -2.0772 11.473
-2.9225 -1.2988 11.233
-2.9511 -1.2274 10.566
-3.0772 -1.2131 9.3473
-2.7797 -2.4818 8.6712
-2.7464 -3.4054 6.8669
-2.4298 -3.7791 6.5432
-2.575 -4.1862 5.7029
-2.9011 -4.7836 4.8127
-3.0296 -5.393 3.87
-2.7916 -5.8691 2.5085
-2.3679 -6.4451 1.3159
-2.1084 -6.8879 0.29472
-1.7918 -7.2521 -0.97401
-1.2158 -7.1497 -2.6998
-0.72066 -7.2092 -3.9947
-0.81349 -7.4949 -5.9038
-0.38503 -8.4447 -7.1297
-0.11128 -9.0159 -7.8152
-0.24934 -9.0897 -8.5174
-0.013687 -9.8419 -10.184
0.37431 -11.687 -10.479
0.32671 -11.687 -10.655
0.072006 -11.672 -10.976
-0.36598 -11.822 -10.795
-0.485 -11.518 -10.003
-0.60164 -10.825 -10.212
-0.44215 -10.806 -9.2315
-0.62068 -11.011 -7.5581
-1.192 -10.313 -7.3248
-1.2134 -10.618 -6.0966
-1.2324 -9.6801 -5.192
-1.3991 -7.7305 -4.4446
-1.1277 -6.4261 -2.7379
-1.4395 -4.5766 -0.52412
-1.9489 -3.5554 1.9015
-2.4179 -3.0936 4.6056
-2.8987 -2.27 6.736
-3.4248 -2.0605 8.8807
-3.489 -1.3416 10.668
-3.3605 -1.3035 11.913
-3.7913 -1.444 13.277
-4.2626 -1.8963 13.156
-5.4505 -2.4533 12.856
-4.8387 -2.7175 11.994
-4.4697 -2.9531 11.028
-4.4555 -2.7937 10.073
-4.1579 -2.1938 9.4258
-3.6247 -2.1438 8.2356
-3.2677 -3.4292 7.2478
-3.0986 -4.6456 7.6501
-3.1486 -3.2626 8.0976
-3.2558 -1.2393 9.1735
-3.4176 -0.77272 9.6853
-3.3605 -1.4035 9.4663
-3.2915 -1.9296 9.3663
-2.6607 -1.851 9.8971
-2.9725 -1.4797 9.7948
-2.982 -1.0845 9.8472
-3.2105 -0.61562 10.878
-2.9606 -0.18477 10.352
-2.3631 -1.4368 10.442
-1.7775 -1.9819 9.6781
-1.6871 -2.3342 8.3618
-2.3631 -2.6818 6.2861
-2.7297 -3.1055 4.7817
-2.3679 -3.6482 3.3202
-2.0013 -4.5718 1.9705
-1.6728 -5.6239 0.37804
-1.4419 -6.7665 -1.0716
-1.0396 -6.4904 -2.7783
-0.93489 -7.0736 -4.0947
-0.5826 -7.7805 -5.4967
0.060104 -8.666 -6.456
0.38145 -9.0731 -7.8961
0.85991 -10.37 -10.557
1.4836 -12.941 -12.466
1.9311 -14.615 -14.142
1.8454 -15.441 -13.554
1.2384 -14.162 -12.581
0.55522 -12.191 -10.553
-0.089859 -10.042 -8.2841
-0.79921 -8.666 -6.0942
-0.49452 -8.7279 -4.716
-1.0301 -9.1469 -3.4163
-1.2991 -9.4039 -2.1975
-1.1491 -8.7993 -0.66457
-1.1087 -7.0855 0.7946
-1.3538 -5.3978 2.1824
-2.4536 -4.8122 3.9034
-3.4414 -4.8051 5.6506
-3.589 -4.6384 6.8241
-3.4509 -4.5932 7.5882
-3.6438 -4.7003 8.8545
-4.1984 -4.1624 8.8474
-4.4888 -3.8577 9.721
-4.4935 -2.8246 9.8043
-4.4221 -2.5104 8.6855
-4.1365 -3.9458 8.8974
-4.0222 -4.2719 8.3737
-3.7604 -3.5601 8.626
-3.7842 -2.8341 8.8498
-3.9556 -2.6842 8.8355
-3.8151 -3.0079 8.9426
-4.096 -2.8317 9.0593
-3.32 -2.8841 10.314
-3.7437 -1.8939 10.549
-3.6961 -2.2176 10.478
-3.3772 -1.8272 10.785
-3.3629 -1.3631 10.637
-2.9582 -1.713 9.821
-2.8654 -2.5128 8.7903
-2.3465 -3.5078 8.0333
-2.2036 -3.3578 7.4216
-2.5178 -3.6077 6.4504
-2.3607 -4.3266 5.2102
-2.2727 -4.9146 3.9367
-2.2631 -5.2907 2.4252
-2.056 -5.8358 0.94456
-1.8013 -6.3761 -0.68599
-1.58 -7.1521 -2.288
-1.3681 -7.7496 -3.2258
-1.2158 -7.7044 -4.5779
-0.84206 -8.4542 -5.6538
-0.53499 -9.354 -7.7152
0.1815 -11.08 -9.4291
0.48381 -13.024 -10.469
0.42906 -13.448 -11.017
0.24339 -13.341 -10.5
-0.36836 -12.794 -9.5981
-0.74446 -11.91 -8.7197
-0.79683 -11.215 -8.4198
-0.69447 -11.23 -7.7938
-0.87538 -11.265 -6.7916
-1.0611 -10.58 -5.4896
-1.2467 -9.0612 -4.447
-1.2848 -7.4425 -3.0164
-1.411 -6.1643 -1.4525
-1.4752 -5.0574 1.185
-2.3941 -4.4433 3.094
-3.0725 -4.1005 5.4958
-3.2724 -2.7841 7.0002
-3.42 -2.3223 9.3068
-3.7842 -2.4295 10.818
-3.8175 -2.6675 11.183
-4.4007 -3.1745 11.775
-4.1079 -2.4699 11.318
-5.1172 -1.9462 11.744
-4.703 -2.101 10.983
-4.7601 -2.0795 10.183
-4.5388 -1.7392 9.2473
-4.2936 -1.0822 9.0116
-4.2865 -1.0012 9.2497
-4.2269 -0.69179 9.1973
-4.0175 -0.31331 9.5282
-3.1629 -0.5085 9.8519
-3.3034 -1.2131 10.383
-3.2748 -2.0462 9.821
-2.8773 -2.3628 9.7995
-2.7154 -2.2962 10.066
-2.7368 -2.5461 10.223
-2.7821 -2.0415 9.7638
-2.7392 -1.7201 8.9307
-2.6845 -2.2224 8.9474
-2.5654 -2.8936 8.2309
-2.4274 -2.7651 7.9714
-2.6059 -2.9912 6.9026
-2.9344 -3.403 6.3123
-3.0034 -3.1245 4.5651
-2.6226 -3.6482 2.3133
-2.2012 -4.4671 0.18761
-2.0441 -5.1645 -2.0571
-1.868 -6.1619 -3.9304
-1.1301 -7.0878 -5.3848
-0.45644 -8.3518 -6.744
-0.09938 -8.9422 -7.8604
0.22911 -9.8015 -9.8837
0.53856 -12.506 -13.835
1.7573 -15.374 -15.682
2.0596 -16.255 -14.911
1.1337 -14.736 -14.004
0.39336 -12.998 -11.669
-0.37312 -10.304 -9.4862
-0.89442 -8.0209 -7.2392
-1.2753 -7.5734 -4.9183
-1.7395 -7.7401 -3.6115
-1.3776 -8.0495 -2.1142
-1.411 -8.2399 -1.0978
-1.7609 -8.0019 -0.021866
-2.3131 -6.2428 0.94933
-2.4155 -4.0814 2.4228
-2.7297 -3.7458 4.0819
-3.1296 -3.0293 5.6934
-3.5271 -2.8365 7.174
-3.6961 -3.7244 8.507
-3.8866 -3.184 9.4806
-3.9223 -2.2724 11.014
-4.2388 -1.4606 12.006
-4.3769 -0.61086 11.968
-4.903 -0.12288 10.852
-4.5697 0.24132 8.6593
-3.9342 -1.7296 8.1809
-3.6937 -2.1557 7.9857
-3.1677 -1.3416 8.7569
-2.9487 -1.025 10.104
-3.2296 -1.0655 10.223
-3.3914 -1.3702 10.502
-3.2296 -1.563 10.797
-3.0867 -1.0726 11.142
-3.0106 -0.81081 11.083
-3.1129 -0.73225 10.804
-3.1724 -0.76082 10.652
-2.9653 -1.1393 9.5734
-2.6345 -1.9915 9.2021
-2.3155 -2.927 8.3309
-2.3036 -2.4509 6.6384
-2.0513 -3.4078 5.7053
-2.0275 -4.3623 4.5508
-2.0418 -4.9812 3.3511
-2.0418 -5.5097 1.792
-1.4371 -6.1762 0.54942
-1.2039 -6.3928 -0.71693
-1.1753 -6.9712 -2.1951
-0.91109 -7.6615 -3.7924
-0.78017 -8.4447 -5.2182
-0.55641 -9.0112 -6.6774
0.026779 -9.1778 -9.3577
0.43144 -11.596 -11.657
0.82182 -13.803 -13.53
0.89561 -15.057 -13.295
0.34575 -14.943 -12.371
-0.11842 -13.705 -10.893
-0.3279 -12.091 -9.4315
-0.52071 -10.404 -7.8699
-0.74684 -9.9229 -7.0559
-1.0825 -9.4611 -5.8466
-1.311 -8.6922 -4.4922
-1.0753 -8.0757 -3.3211
-1.0134 -6.8903 -1.8071
-1.6204 -4.7598 0.33995
-2.425 -3.0722 2.7132
-2.6607 -2.2605 5.0436
-3.2034 -1.325 6.8931
-3.5747 -2.1367 9.5091
-3.4462 -1.5511 11.094
-3.6199 -1.1203 12.132
-3.9865 -1.5392 13.106
-4.603 -2.2581 12.899
-4.9173 -1.6273 11.84
-4.5697 -1.2893 10.19
-4.3888 -0.91316 9.1069
-4.3531 -0.67274 8.7784
-4.096 -0.64656 8.8522
-3.8532 -1.0393 8.6546
-3.8009 -0.97029 8.6855
-3.7747 -0.54182 9.0664
-3.8627 -0.28236 9.0021
-2.8868 -0.32045 9.6091
-3.1605 -0.9084 10.954
-3.4319 -0.82509 10.135
-2.9653 -0.54897 10.192
-2.594 -1.6487 9.4615
-2.4202 -2.0605 9.1735
-2.882 -0.59657 9.3687
-3.3486 0.41032 9.552
-3.27 -0.37758 9.0093
-2.9225 -1.5844 8.3642
-2.4369 -2.8674 8.2547
-2.5892 -3.4625 7.9905
-2.6035 -3.5173 8.3023
-2.7583 -2.658 7.4025
-2.9511 -2.2985 6.2099
-2.8654 -2.3342 5.4792
-2.5369 -3.1436 4.5556
-2.1679 -4.3457 2.6989
-1.2039 -5.6787 1.2183
-0.7278 -6.5404 -0.89784
-0.6064 -7.3687 -2.7688
-0.2422 -8.0638 -4.4113
0.3148 -8.9326 -6.0204
0.54094 -10.056 -7.4962
0.70995 -10.915 -9.0316
0.64568 -11.515 -11.205
0.9099 -13.655 -13.438
1.3717 -14.803 -15.025
1.524 -15.419 -13.571
0.85277 -14.341 -12.247
0.26958 -12.149 -10.341
-0.55165 -10.135 -8.1485
-0.64925 -9.3135 -6.1442
-0.873 -9.1969 -4.2756
-0.73256 -8.9422 -3.0402
-1.1206 -8.7113 -1.9404
-0.87062 -8.6494 -1.3096
-1.2824 -7.7996 -0.42177
-1.9465 -6.6618 1.0874
-2.3107 -4.9598 2.8536
-2.7844 -3.9172 4.9983
-2.8868 -3.4982 6.7955
-2.8178 -2.7032 7.8191
-2.7321 -3.5506 9.0878
-2.7725 -3.5006 9.5615
-3.0677 -3.0769 10.221
-3.7842 -2.8603 10.528
-4.3579 -1.8463 11.409
-4.4436 -1.1393 10.864
-4.5126 -1.4273 10.204
-4.3269 -0.9084 8.8617
-3.9127 -0.74654 8.0524
-3.4914 -0.61324 7.9524
-3.0153 -1.2774 9.1497
-2.4036 -2.5009 9.7519
-2.1417 -2.5985 10.264
-2.3179 -2.3176 10.968
-2.982 -2.0058 11.242
-3.3129 -1.6582 10.623
-3.4438 -1.2345 9.7115
-3.3605 -1.2702 8.7807
-3.301 -1.851 8.3166
-2.9463 -3.1555 7.9333
-2.4655 -4.0362 8.0166
-2.5202 -3.9981 7.9643
-2.5416 -4.0672 7.2549
-2.544 -4.2266 6.8336
-2.4179 -4.7527 5.8457
-2.1513 -5.1764 4.8817
-2.0061 -5.7168 3.7296
-1.7276 -6.1833 2.2657
-1.3562 -6.726 1.1826
-1.2301 -7.414 -0.43843
-1.1277 -8.5446 -1.1763
-0.99202 -8.447 -2.2451
-1.1396 -8.4209 -3.0735
-0.94203 -8.2733 -4.3351
-0.93727 -8.7731 -5.4348
-0.65163 -9.5563 -6.7012
-0.5088 -10.018 -7.9533
-0.39931 -10.416 -9.0792
-0.25887 -11.199 -10.224
-0.068436 -11.661 -11.4
0.017258 -12.713 -11.181
-0.39693 -13.005 -10.938
-0.72542 -12.429 -9.9099
