-2.0156 -8.0662 -0.30275
-1.9442 -7.2949 -0.92403
-1.6942 -6.3333 -2.1118
-1.8109 -6.0333 -3.5972
-1.8013 -6.3595 -5.0468
-1.499 -6.8046 -6.6084
-1.2872 -7.4378 -7.8295
-1.092 -8.0233 -9.0506
-1.0063 -8.7374 -9.7338
-0.79683 -8.9303 -11.272
-0.10176 -10.854 -13.314
0.5457 -12.886 -14.459
0.46953 -12.91 -14.685
0.44572 -12.982 -13.914
0.024399 -12.558 -12.159
-0.43025 -9.9729 -10.607
-1.1372 -8.1257 -8.7055
-1.4824 -7.8972 -6.575
-1.6871 -8.0376 -5.1873
-1.887 -8.8755 -3.6162
-1.8751 -8.9231 -2.9307
-1.7799 -8.7184 -2.069
-1.8347 -8.1733 -1.2835
-1.6657 -7.6282 -0.72408
-1.8037 -7.6306 0.037643
-2.2346 -6.2142 1.3302
-2.7464 -5.0836 3.8486
-3.3414 -3.4673 5.8196
-3.8556 -3.403 8.3475
-3.5343 -3.1555 10.268
-4.0984 -3.2055 11.083
-4.096 -2.9508 10.852
-5.1053 -2.3652 11.402
-4.5483 -2.3557 10.985
-4.2246 -3.1507 9.3116
-4.3245 -2.996 8.5189
-4.0508 -2.4199 8.0285
-3.8342 -2.0415 7.5072
-3.7318 -2.2057 7.5882
-3.5462 -2.2557 8.0047
-3.5414 -2.0129 8.6903
-3.9104 -1.9867 9.2949
-3.8318 -2.2271 9.4139
-3.8604 -2.9317 9.0854
-4.1579 -3.1936 9.0378
-4.046 -2.6104 9.3711
-3.9603 -2.2009 9.3806
-3.9841 -2.0629 8.8783
-3.6961 -2.2557 8.6974
-3.5819 -2.608 8.5832
-3.5795 -2.996 8.3166
-3.22 -3.5435 7.9048
-2.9653 -4.5218 7.7072
-3.0844 -5.0026 7.0336
-2.8439 -4.8194 6.7265
-2.932 -4.8979 6.2956
-3.082 -4.8336 6.1576
-3.1082 -4.9217 6.2052
-3.1058 -5.2907 5.81
-2.832 -5.6549 4.9793
-2.6131 -6.3309 3.4797
-2.2584 -7.1759 2.0895
-2.0798 -7.5425 0.5518
-1.6847 -7.164 -0.60268
-1.5276 -6.7475 -1.9119
-1.1491 -6.9046 -3.0711
-1.4395 -6.9474 -4.6326
-0.96107 -6.4475 -5.3753
-0.60164 -6.6308 -7.0654
-0.82301 -7.7163 -8.496
-0.485 -8.6732 -9.5743
-0.27791 -9.2992 -10.638
0.017258 -10.078 -11.457
0.46715 -11.325 -13.012
0.83134 -12.587 -13.623
0.6433 -12.013 -13.402
-0.016068 -11.611 -12.355
-0.44215 -10.392 -11.231
-0.55641 -9.4158 -9.4053
-0.66353 -8.7089 -8.2532
-0.94203 -9.392 -7.282
-1.161 -10.43 -6.7393
-1.5038 -10.923 -6.387
-1.6514 -10.718 -5.9371
-1.3657 -8.8469 -4.9802
-1.5847 -7.0164 -3.5948
-1.6752 -5.5239 -1.7691
-2.4845 -3.8624 0.25426
-2.8059 -2.1652 2.5704
-3.3129 -0.90126 5.1031
-4.1722 -0.44661 7.8691
-4.3007 -0.19667 10.478
-3.7461 -0.16096 12.473
-3.7033 -0.46565 12.537
-3.8604 -1.2131 11.142
-4.0318 -3.3126 10.295
-4.4769 -4.5004 9.2521
-4.4769 -3.8148 8.488
-3.7771 -2.8103 8.5165
-3.6723 -2.0938 8.6046
-3.6914 -1.5273 8.8379
-3.639 -1.2155 8.7974
-3.6985 -1.763 9.4377
-3.927 -1.6796 8.5594
-3.8889 -1.8629 8.1523
-4.0579 -1.9819 7.9667
-4.2293 -1.2274 8.2809
-4.2698 0.25322 8.9355
-3.6866 0.41747 9.5853
-2.4702 -0.73225 10.069
-1.8561 -1.5892 9.7281
-2.0918 -1.7487 9.8948
-2.7583 -1.6154 9.8353
-3.1843 -0.96791 9.5091
-3.5961 -0.39662 8.7236
-3.758 -0.42995 8.7974
-3.9699 -0.11574 9.0259
-4.4388 0.52458 9.5806
-4.8268 0.68407 9.2354
-4.4507 0.44603 9.1711
-3.6818 0.45317 8.8426
-3.2724 -0.57277 9.183
-2.9249 -1.0631 10.535
-2.5321 -0.81795 11.932
-2.2822 -0.31569 10.68
-1.9656 -1.8439 10.378
-1.8751 -2.2081 8.9759
-2.2822 -1.6677 7.4239
-2.1774 -2.0081 5.6149
-2.1275 -2.5485 3.1321
-1.7823 -3.5982 0.89696
-1.2491 -4.2076 -1.1716
-1.2943 -4.6837 -3.1354
-1.0563 -5.2669 -4.904
-0.78731 -5.5596 -6.4679
-0.32552 -5.8453 -8.2127
0.2791 -6.5166 -9.779
0.55998 -7.6853 -10.788
0.85515 -8.7755 -13.147
1.4431 -11.86 -14.045
1.2979 -13.017 -15.597
1.1575 -13.136 -16.204
0.62425 -13.21 -14.866
-0.17793 -12.791 -12.643
-0.92537 -11.189 -10.598
-0.64687 -9.7658 -8.9959
-1.3134 -9.3635 -6.5988
-1.9704 -8.9755 -5.6467
-1.6609 -9.2254 -5.1159
-1.0991 -8.816 -5.7348
-1.0968 -8.8803 -4.5946
-1.2896 -7.9614 -3.1925
-1.5514 -5.6096 -0.91212
-2.1846 -3.5244 2.4228
-2.6083 -2.1533 4.6437
-2.7178 -2.5033 6.5099
-3.3891 -2.827 8.1285
-3.4652 -2.3938 9.6615
-3.6676 -1.9724 11.637
-4.265 -1.9677 12.894
-5.8123 -2.0843 12.939
-5.3957 -1.9581 11.682
-5.1172 -1.7272 10.633
-4.7935 -1.375 9.3687
-4.2341 -0.99409 8.2285
-3.5009 -0.32759 7.1835
-3.5009 -0.4109 7.0264
-3.5747 -0.72987 7.8619
-3.7985 -0.40614 8.745
-3.7985 -0.74654 8.8569
-3.9461 -1.0131 9.4353
-2.9225 -0.99171 9.7043
-3.2796 -0.6537 9.99
-2.7844 -0.42043 9.6662
-2.4726 -0.79652 9.5448
-3.082 -0.71083 9.1735
-3.0225 -0.89412 9.3378
-2.8297 -1.3369 9.1711
-2.7416 -1.5463 9.3735
-2.7154 -0.94411 9.4925
-2.7035 -0.54182 8.9474
-2.6892 -1.3702 8.6689
-2.8963 -2.1867 8.8974
-2.7987 -2.4223 9.0307
-2.5726 -2.2176 8.9045
-2.2965 -2.2557 9.7543
-2.5226 -2.0843 9.1949
-2.4131 -1.8653 8.2856
-2.9606 -1.5559 6.5575
-3.5343 -3.7696 4.7746
-2.794 -6.1452 3.0869
-1.8085 -7.5972 2.5275
-1.8037 -7.7091 2.2942
-1.7609 -6.9093 2.1443
-1.8109 -5.6739 1.2707
-1.6633 -5.8453 -0.62172
-1.2277 -6.7594 -2.9926
-0.66115 -8.4589 -4.4017
-0.43739 -9.9348 -6.3703
-0.051773 -11.265 -6.8988
-0.10414 -11.596 -7.8223
-0.32314 -11.772 -8.1294
-0.59926 -11.553 -8.2627
-0.63734 -10.963 -8.2556
-0.4969 -10.692 -8.9649
-0.4969 -11.532 -10.117
-0.16127 -12.587 -11.576
0.03392 -12.72 -11.412
-0.2541 -12.16 -10.693
-0.74684 -11.637 -10.074
-0.95631 -10.354 -9.6981
-0.44215 -9.4706 -8.834
0.24815 -8.716 -7.0059
-0.4731 -8.1138 -6.0442
-1.0611 -8.6851 -5.1563
-0.79207 -8.8969 -4.3898
-0.7278 -8.2399 -3.8186
-1.1515 -6.9426 -2.5903
-1.9132 -5.4906 -0.91451
-2.5321 -3.6315 1.1112
-3.0201 -1.1345 3.3297
-3.5176 0.24132 5.4792
-3.8104 0.47221 6.6337
-3.8675 -0.7632 9.402
-3.8413 -0.16573 10.602
-4.3269 -0.12764 10.883
-4.3745 -1.3892 11.492
-5.241 -1.2036 11.863
-4.9125 -0.49898 11.928
-4.8268 0.28178 11.294
-4.6959 1.3053 9.352
-4.3245 -0.053848 8.0309
-3.9889 -0.42519 8.0452
-4.0365 1.0173 9.1235
-4.0532 1.9338 10.009
-2.7868 -0.58467 9.6853
-2.1941 -2.0272 8.745
-2.4321 -1.2488 8.964
-2.6702 -0.48708 9.9186
-2.7297 -0.67751 10.149
-2.6107 -0.19667 9.5472
-2.9225 -0.022903 9.8019
-2.9582 0.16991 9.5591
-3.5914 1.5672 10.069
-3.5747 2.3717 9.5139
-3.3462 1.76 8.4166
-2.8273 0.17467 6.9931
-2.863 -0.64656 6.5813
-3.1367 -1.3535 6.8979
-3.9342 -1.4249 8.2404
-4.3222 -0.46803 10.428
-4.1246 1.0387 11.561
-3.6152 1.6767 11.616
-3.5652 1.4696 10.704
-3.3057 0.42461 9.8305
-2.8368 -1.1131 9.2354
-2.1132 -3.5054 8.9045
-1.9323 -5.3288 7.5763
-1.4895 -5.3288 8.1976
-1.9394 -3.8148 8.8426
-1.8989 -3.9172 7.9286
-2.0751 -4.5718 5.9481
-1.7157 -5.0764 4.2342
-1.4633 -5.2335 2.8679
-1.4967 -5.5644 1.5587
-1.9465 -6.1714 0.48753
-1.8442 -6.1833 -0.95735
-1.5324 -6.2333 -2.6522
-1.1824 -7.0593 -4.1875
-0.66353 -8.666 -5.9609
-0.56355 -10.442 -8.3746
0.10533 -12.898 -10.798
0.66234 -15.4 -12.238
0.55046 -17.069 -11.924
-0.2303 -16.709 -10.672
-1.1182 -15.431 -7.9985
-1.6823 -12.448 -6.3775
-1.4467 -10.763 -4.954
-1.5133 -10.475 -4.2542
-1.3062 -11.151 -3.9114
-1.5133 -11.827 -4.1851
-1.5681 -11.092 -4.7017
-1.2729 -9.6539 -4.4851
-1.1991 -7.7877 -4.0137
-1.1682 -5.7429 -2.2166
-1.3229 -3.0531 0.40898
-2.237 -0.9084 3.125
-3.4533 0.22942 5.5887
-3.6628 0.69597 8.407
-3.0201 2.4313 11.133
-3.6628 2.4051 12.837
-3.6223 -0.10146 13.413
-4.3674 -0.42995 13.794
-4.2793 -0.56087 13.263
-4.5626 -0.92506 11.906
-4.5602 -0.88222 10.511
-4.4721 -0.33473 9.4687
-4.415 0.088974 8.7236
-4.2746 0.2556 7.4858
-3.8532 -0.013382 7.5049
-3.5985 0.036606 7.8929
-2.832 0.38176 8.6141
-3.37 0.42699 9.3425
-3.4462 -0.20619 8.914
-3.3819 -0.37758 8.6784
-3.1105 -0.096695 8.4285
-2.7202 -0.60133 8.9355
-2.3798 -0.23714 8.8212
-2.3607 0.015182 8.9759
-2.4869 -0.31331 8.8783
-2.3869 -0.40376 8.7807
-2.4869 -0.16811 8.8284
-2.4536 0.57933 8.8141
-2.4583 1.1697 8.5594
-2.7773 1.0554 8.3523
-3.4081 2.0742 8.6832
-3.8437 2.8692 9.0878
-4.8435 3.2715 7.3906
-4.0508 2.5193 7.1311
-4.346 1.6624 6.9217
-3.6152 0.63646 6.6098
-3.3891 0.23418 7.3597
-3.3795 0.28654 8.707
-3.3486 0.20799 9.5544
-3.5033 0.2318 10.173
-3.5961 0.61028 11.152
-3.5485 1.0435 11.747
-3.5652 0.28178 12.113
-3.5128 0.75548 11.88
-3.996 0.76024 11.254
-4.027 0.2318 10.864
-3.9389 -0.18001 10.585
-3.6461 -0.75606 10.618
-3.1986 -1.513 10.959
-2.7511 -1.4654 10.545
-2.1774 -2.3438 10.126
-1.7395 -3.2697 9.2925
-2.1751 -4.0695 7.7453
-1.9989 -5.0431 6.5741
-2.1703 -5.5668 6.1957
-2.0965 -5.9 6.5337
-1.9656 -5.7667 6.1195
-2.0489 -6.5523 6.6503
-2.1679 -5.862 6.8455
-1.8228 -6.0286 6.5361
-1.4348 -5.7382 5.3982
-1.28 -6.7165 2.8965
-1.7085 -7.0569 2.3061
-1.5371 -6.1571 1.2183
-0.59212 -6.9307 -1.2192
-0.49214 -8.3256 -2.7641
