-1.8442 -4.6884 4.8198
-1.6466 -4.9622 3.463
-1.1872 -5.1788 1.9824
-1.1372 -4.9646 0.20903
-1.5419 -4.9955 -1.6024
-1.0968 -5.3335 -3.8019
-0.73732 -6.1119 -6.1442
0.043442 -7.0022 -8.3198
-0.047012 -8.0686 -9.9552
-0.039871 -9.0993 -11.419
0.21483 -9.6848 -11.807
0.11723 -9.3682 -11.624
0.0053558 -8.7398 -11.112
0.050583 -8.3732 -11.105
0.18388 -8.8231 -10.81
-0.11128 -9.5349 -9.76
-0.56117 -9.7539 -9.5457
-0.6302 -10.097 -9.7552
-0.64687 -10.594 -9.5338
-0.65401 -10.439 -9.6362
-0.79445 -10.561 -10.129
-0.55641 -11.965 -9.2006
-0.4731 -11.718 -8.7102
-0.63496 -9.93 -7.9723
-0.53023 -7.9519 -6.9321
-0.2065 -7.2973 -5.4253
-0.28505 -7.3164 -3.5567
-0.93727 -7.0426 -1.5953
-1.5062 -6.7427 0.42326
-1.5371 -6.6403 1.7634
-2.0084 -5.9953 3.3368
-2.2988 -5.055 5.4506
-2.4464 -4.1838 6.6789
-2.9796 -4.0695 7.6501
-3.4652 -4.4861 8.8284
-3.6223 -4.2695 9.7377
-3.6676 -3.8029 10.257
-3.8913 -2.7484 10.083
-4.096 -1.9105 10.197
-3.7152 -1.375 9.283
-3.0487 -1.3654 9.0759
-3.3343 -1.1131 9.264
-2.9534 -1.2536 9.114
-2.8154 -2.051 9.1806
-2.7963 -2.3604 9.045
-2.4964 -2.8246 9.3901
-2.3988 -2.9698 9.6401
-2.3822 -2.8294 9.9019
-2.5321 -2.0248 10.14
-2.4345 -1.951 10.454
-2.5131 -2.1033 9.8638
-2.2512 -2.5152 9.4473
-2.5321 -1.6606 8.5498
-2.7392 -1.9177 7.6858
-2.7225 -2.0343 6.7789
-2.2917 -2.5271 5.8267
-2.5821 -3.5316 4.1628
-2.8035 -4.6004 2.4704
-2.3703 -3.215 0.45897
-2.356 -2.539 -1.8286
-1.7276 -2.5723 -5.6491
-0.70876 -4.5647 -8.3722
-0.2422 -8.0043 -10.753
0.0077362 -10.592 -12.785
0.24339 -11.056 -13.507
0.8004 -10.413 -13.945
0.82182 -10.394 -13.176
0.4362 -9.7396 -12.297
0.25291 -9.0612 -10.755
0.0053558 -8.4447 -9.7838
0.024399 -8.8612 -9.3315
0.019638 -10.189 -9.4291
-0.33266 -10.656 -9.7909
-0.58022 -11.068 -10.379
-0.22078 -11.744 -9.9766
-0.37074 -11.782 -9.2268
-0.98726 -10.416 -8.1246
-1.4062 -8.1852 -6.9773
-1.361 -6.9165 -5.3587
-1.2348 -6.7879 -4.2423
-0.59926 -7.7782 -2.8831
-0.73494 -7.5068 -1.4858
-1.5538 -7.0355 0.29472
-2.4274 -6.0357 2.0205
-2.7487 -4.5837 3.5915
-2.9201 -3.9791 4.8817
-2.744 -3.8101 6.7812
-2.8463 -3.6911 7.7596
-2.9725 -3.8529 8.607
-3.3034 -4.1076 9.5901
-3.5033 -4.1957 10.828
-3.5081 -3.1483 11.166
-3.1248 -2.8222 11.14
-3.0368 -3.8315 9.1735
-3.1177 -4.8979 7.3668
-3.1605 -3.9791 6.8122
-2.9154 -2.9769 6.6741
-2.3203 -2.8746 7.4977
-2.2036 -3.334 7.8524
-2.5202 -3.5982 8.4427
-3.0558 -3.1888 9.0235
-3.4081 -2.4366 8.9593
-3.1534 -2.2176 8.6498
-2.2655 -1.9296 9.3116
-2.0275 -2.0795 8.8807
-1.5776 -3.3173 8.9736
-1.7966 -3.6196 9.5448
-2.1846 -2.8436 9.4734
-2.6345 -1.8248 9.3211
-2.8201 -1.4964 9.233
-3.439 -1.375 9.014
-4.0199 -1.0965 9.433
-3.2415 -1.2726 9.5829
-2.375 -2.5889 9.3616
-2.913 -5.1574 8.1523
-2.7321 -4.6027 8.9212
-2.5607 -2.5271 10.183
-2.5773 -2.0034 11.099
-2.3417 -2.5556 10.902
-1.9656 -2.3152 11.225
-1.9727 -1.4059 10.364
-1.9037 -1.9367 8.069
-1.6395 -2.9151 5.2173
-1.2396 -4.498 2.1252
-1.261 -5.1502 0.16618
-0.96584 -4.2576 -1.9071
-0.89919 -4.7313 -4.1494
-0.51595 -5.6215 -5.5848
0.10771 -5.5835 -7.3939
0.49571 -7.4663 -9.9147
1.2646 -8.9755 -12.209
2.0191 -10.489 -14.314
2.4191 -11.896 -15.682
2.738 -12.17 -15.756
2.2215 -11.844 -14.147
1.1289 -11.494 -11.324
0.68614 -10.687 -8.934
0.25053 -10.151 -7.5058
0.16246 -10.399 -6.3179
-0.57069 -10.835 -6.4941
-0.64925 -11.358 -5.5896
-0.54213 -10.856 -5.004
-0.60164 -9.4087 -4.4874
-0.52309 -8.3018 -3.2782
-0.64925 -7.2354 -1.6953
-0.83968 -6.4404 -0.19563
-1.242 -6.3214 1.8729
-1.5752 -5.7834 3.1774
-1.6514 -5.8524 5.203
-2.0465 -4.4456 6.2885
-2.5654 -3.1007 7.2787
-2.7797 -3.6887 8.7665
-3.1082 -3.3292 10.183
-3.051 -2.2533 11.021
-3.3748 -2.12 11.149
-3.5985 -1.7606 10.835
-3.7342 -1.5202 10.142
-3.3772 -1.6535 9.5282
-3.0772 -1.5273 9.0259
-3.4129 -1.1845 9.0854
-3.5057 -0.99648 8.7212
-3.4962 -0.72987 8.8403
-3.5366 -0.21333 9.2449
-3.6699 0.35796 9.9209
-2.2608 -0.69893 10.314
-3.1296 -1.3012 10.03
-2.7535 -1.8344 9.821
-2.2012 -1.6273 9.8162
-2.5702 -1.5654 9.8829
-2.7059 -1.0322 9.6424
-2.7345 0.067551 9.6496
-2.4036 0.48412 9.0593
-2.2489 -1.8915 9.1426
-2.4536 -3.8029 8.4523
-2.0132 -3.3911 9.8971
-2.4607 -1.7939 11.213
-3.3272 0.3889 10.249
-3.4605 1.7862 7.6215
-3.3676 1.4815 3.5487
-3.1701 -0.61086 -0.79787
-2.2465 -2.4794 -3.6115
-1.2681 -4.0838 -5.4324
-0.56593 -6.288 -7.1987
0.083908 -8.3709 -9.3696
0.58141 -10.159 -11.014
1.1098 -11.539 -12.69
0.90752 -12.051 -13.854
1.0741 -11.82 -13.459
0.679 -11.761 -13.345
0.29576 -11.613 -12.747
0.24577 -11.146 -11.988
0.23387 -10.839 -10.576
0.30052 -10.518 -10.146
0.20531 -10.542 -9.5314
0.20531 -10.482 -8.4531
-0.13985 -10.256 -7.3058
-0.68971 -9.4277 -6.4536
-1.1182 -8.6922 -5.0992
-0.98488 -8.0209 -4.4279
-0.4731 -7.9971 -3.1568
-0.43025 -7.8543 -2.3308
-0.46358 -7.4663 -1.1835
-0.88014 -6.6927 -0.17183
-1.4062 -6.1095 0.98979
-1.8299 -4.4956 2.4609
-2.1679 -2.9984 4.8103
-2.4274 -1.8844 6.6622
-2.625 -1.2821 8.3118
-3.0058 -2.0177 9.2782
-3.0963 -2.2866 9.9566
-3.0558 -1.8891 10.309
-3.4248 -1.9891 9.9828
-4.0246 -1.832 10.019
-4.0175 -1.2821 10.416
-4.3531 -0.22523 10.228
-4.0936 0.51268 9.5758
-3.8342 -0.23714 8.945
-4.0246 -0.43709 8.526
-3.9413 0.29131 9.0354
-2.9915 -0.96791 9.7043
-2.8535 -1.8415 9.7186
-2.7987 -1.8082 9.6258
-2.9392 -1.3012 10.509
-3.2534 -0.61324 10.673
-3.3819 -0.6418 10.59
-3.3557 1.0744 10.585
-3.0582 1.9528 11.259
-3.2272 1.5315 10.785
-3.2129 -0.12288 10.13
-2.5226 -0.9084 9.5163
-1.53 -1.4559 9.8591
-1.749 -2.4176 9.6067
-1.6823 -3.6863 8.9093
-1.5657 -2.8103 7.6144
-1.4919 -2.1819 4.9269
-1.5276 -1.4678 2.0824
-1.3205 -1.0036 -0.58125
-1.43 -2.2985 -2.3332
-0.30171 -3.6839 -5.0254
0.3029 -5.0931 -7.4748
0.82896 -6.8355 -9.4672
0.34337 -7.8067 -11.05
0.63853 -8.2447 -12.262
0.73375 -8.8993 -12.881
0.99559 -9.6515 -13.381
0.77898 -10.051 -13.411
0.23863 -10.716 -12.943
-0.29695 -11.056 -12.062
-0.63734 -11.418 -11.429
-0.35884 -11.689 -10.962
-0.089859 -11.751 -10.079
0.14818 -11.639 -10.169
-0.042252 -11.863 -8.815
-0.40169 -11.43 -7.4296
-0.77541 -9.9824 -6.0585
-0.71114 -8.4494 -4.8374
-0.52547 -8.0876 -3.4258
-0.8611 -8.3923 -1.8309
-1.4086 -8.1471 -1.043
-1.4467 -7.4616 0.070969
-1.718 -5.6073 1.454
-2.2393 -3.1055 3.0798
-2.1893 -2.5366 4.5651
-2.0918 -1.97 5.7386
-2.2274 -1.9867 7.3858
-2.5892 -1.2059 9.0497
-3.0534 0.377 11.311
-3.6699 1.1697 12.561
-3.8699 0.89592 12.299
-4.5531 1.3506 11.763
-3.6104 1.203 10.221
-3.2224 0.83165 8.8212
-3.3224 0.88402 8.6308
-2.8749 0.88164 8.4689
-3.1105 -0.17049 8.1999
-2.7202 -0.5323 8.2499
-3.0034 -0.3871 8.9093
-3.2581 -0.051468 9.402
-3.0415 0.63408 9.4068
-3.0082 0.89592 9.3306
-2.9082 0.8864 9.183
-2.9653 1.5291 9.1259
-2.8249 2.0504 9.333
-2.882 2.2337 10.671
-2.913 1.1578 10.445
-3.2153 0.12468 10.726
-2.8797 0.031845 10.616
-2.4345 -0.15144 10.197
-2.2322 -0.93935 10.273
-1.987 -1.0465 10.775
-1.9013 -0.68941 11.621
-2.7963 -0.20143 8.7141
-2.2679 -0.79652 6.6098
-1.7752 -2.1676 4.2509
-1.9346 -4.0267 1.5135
-2.2227 -3.1269 -0.04805
-2.106 -2.5723 -1.819
-1.5871 -3.0626 -4.8659
-0.2065 -5.7501 -7.7486
0.32195 -7.7853 -9.7052
0.8242 -9.9491 -11.038
1.3407 -14.074 -11.998
1.9406 -15.745 -11.702
1.5597 -13.917 -10.067
0.90276 -11.711 -8.5174
0.39336 -10.554 -7.2939
-0.27315 -10.168 -7.4605
-0.3398 -10.623 -7.7724
-0.2303 -11.284 -8.7507
-0.14937 -12.089 -10.217
0.56236 -12.629 -11.855
1.0313 -13.198 -11.329
0.56712 -12.234 -10.167
0.14342 -10.411 -8.4793
-0.011307 -8.1685 -6.5679
-0.075577 -6.1928 -5.0278
-0.6064 -5.5454 -3.859
-0.75636 -5.5477 -2.1594
-0.98488 -4.7337 -0.76692
-1.5395 -3.741 0.97075
-2.356 -3.146 1.9776
-2.6202 -2.17 3.4463
-2.6107 -1.5725 5.134
-2.9558 0.31511 6.0481
-3.3914 0.61742 9.2092
-3.6747 2.3813 11.485
-3.5176 3.0383 13.725
-3.3938 2.5741 15.389
-4.5816 1.71 14.444
-4.3412 0.88164 12.475
-4.0389 2.1456 10.347
-2.9915 2.9288 8.8522
-3.3105 2.2908 7.4477
-3.4462 0.69597 6.5884
-3.1105 0.34367 7.2216
-2.4845 0.21751 8.3047
-2.7368 0.17705 9.2259
-2.8487 0.95781 9.1211
-3.0058 1.6124 8.9379
-3.0439 2.4432 8.1428
-2.8678 2.1504 8.1999
-2.7844 1.9599 8.6617
-2.8535 2.3789 9.3877
-2.6726 2.3551 10.002
-2.3798 2.2504 10.959
-2.4512 1.2958 11.097
-2.7868 1.7481 11.302
-2.9892 2.4408 11.368
-3.032 1.8219 10.823
-3.3153 1.9742 10.587
-3.6533 2.3432 10.923
