-2.5416 -2.5033 6.8146
-2.7083 -3.1698 5.8457
-2.813 -3.4744 3.9914
-2.3917 -3.8053 1.8063
-1.6918 -4.1647 -0.68837
-1.4633 -4.867 -3.1949
-0.95155 -5.712 -5.3182
-0.49214 -6.6856 -6.9821
-0.34218 -7.9115 -8.6983
0.11961 -9.1588 -10.864
0.29576 -12.458 -15.492
1.3146 -16.002 -16.989
1.6764 -17.804 -16.82
0.74089 -16.959 -15.54
-0.39217 -13.496 -12.866
-1.0444 -9.4611 -9.8718
-1.7609 -7.3283 -7.7843
-1.5728 -7.8234 -5.9061
-1.5276 -8.7398 -4.7064
-1.8251 -8.7136 -2.9164
-2.2036 -7.4663 -2.1023
-2.0703 -6.9926 -0.60982
-2.3845 -6.3285 0.60655
-2.8392 -4.6861 1.8229
-2.7987 -3.046 3.5606
-2.9415 -2.0748 5.2435
-3.4795 -1.6154 7.6477
-4.0175 -1.5392 9.7686
-3.8485 -1.613 11.766
-4.2293 -1.7891 12.004
-4.6435 -1.9677 12.635
-4.4626 -2.0676 11.613
-4.6007 -1.9343 10.557
-4.1317 -1.7225 8.2499
-3.6128 -2.6104 7.2216
-3.2081 -3.1936 7.0098
-3.0011 -3.2221 7.1002
-3.182 -1.9867 8.2856
-3.3034 -1.4725 9.8305
-3.4986 -1.5083 10.411
-3.9056 -1.2559 10.119
-4.0722 -0.81081 9.7258
-3.8604 -0.27522 9.602
-3.5247 -0.399 9.521
-3.1891 -1.1298 9.2259
-2.9225 -1.4749 9.1497
-3.0725 -1.613 9.2616
-3.301 -1.7725 9.7829
-3.5319 -1.5844 10.199
-3.8175 -1.2512 10.314
-3.8532 -1.2012 9.9471
-4.3317 -1.5249 9.2306
-4.703 -1.5678 9.6067
-4.0199 -0.88222 9.8805
-3.3938 -0.71321 9.5139
-3.3891 -2.3557 9.0854
-2.8844 -3.4625 8.357
-2.8011 -3.4078 7.2049
-2.7178 -3.6815 6.0005
-2.406 -4.1005 4.2985
-2.5083 -5.0621 2.6108
-1.6918 -6.0167 1.0517
-1.4848 -6.419 -0.41463
-1.4443 -6.5832 -1.9047
-1.1348 -7.333 -3.521
-0.74922 -8.0448 -4.8516
-0.71352 -8.4589 -6.4655
0.13866 -8.9184 -8.2508
0.89323 -10.965 -11.517
1.2265 -13.315 -13.438
1.217 -14.36 -13.838
0.61473 -13.781 -13.221
0.052963 -13.098 -11.374
-0.33266 -11.787 -9.4791
-1.2896 -10.099 -7.4653
-1.6966 -8.9731 -6.4703
-2.0489 -9.1016 -4.5874
-1.7252 -8.5661 -3.9923
-1.0087 -8.0186 -2.7664
-1.1967 -6.7832 -1.0597
-1.7061 -4.7384 1.1636
-2.5369 -3.0484 3.7058
-2.8654 -2.2557 5.7124
-3.7342 -2.996 8.1928
-4.0936 -3.2769 9.5877
-3.8532 -3.0293 11.059
-4.7601 -2.3509 11.818
-5.2791 -2.1724 12.416
-5.5433 -2.6485 11.799
-5.1505 -3.3459 9.8686
-5.3909 -2.3128 9.0664
-4.9125 -2.4818 8.4118
-4.4864 -2.2605 7.7691
-4.5459 -1.6963 8.0405
-4.4317 -1.613 8.3071
-4.515 -1.544 8.6236
-4.5269 -1.2393 9.1354
-4.5245 -0.75844 9.2925
-4.5935 -0.23714 9.4115
-4.4959 0.56505 9.5139
-4.3602 0.97685 9.2759
-3.3034 0.39128 9.183
-3.8842 -1.2202 8.8331
-3.2462 -2.6699 8.6094
-2.9154 -2.6794 8.9355
-2.8273 -2.8198 9.2687
-2.8225 -2.9341 9.5615
-3.2153 -2.4414 10.264
-3.3962 -1.2226 10.618
-3.9318 -0.81795 10.48
-4.1508 -0.79414 9.959
-4.0175 -0.96315 8.9307
-3.6223 -2.0248 8.3309
-2.9796 -3.8505 7.0597
-2.8011 -5.4311 6.2052
-2.9201 -5.643 6.7479
-2.813 -4.7932 8.507
-2.982 -3.653 9.6234
-3.6247 -2.2985 10.471
-4.0437 -1.3154 9.6115
-3.6247 -2.0153 7.6691
-3.7961 -3.922 4.3342
-3.051 -5.4882 2.2681
-2.4369 -5.7858 0.99693
-1.8347 -6.4213 -0.10756
-1.6776 -5.9762 -1.4739
-1.2539 -6.1381 -2.6903
-0.94203 -6.5189 -4.8826
-0.7278 -7.314 -7.2511
0.036301 -8.0281 -8.5817
-0.1946 -8.6898 -10.81
-0.43501 -9.7848 -11.831
0.49095 -10.106 -12.245
0.49571 -10.599 -13.783
0.63377 -11.818 -14.206
0.68376 -11.458 -13.497
0.52904 -11.406 -12.581
0.49095 -11.513 -10.588
-0.063675 -11.061 -9.1077
-0.86824 -10.449 -7.6343
-1.0777 -9.4968 -5.9942
-1.6133 -8.4494 -5.0421
-1.8656 -7.7996 -4.5398
-1.5109 -7.7805 -4.1923
-0.873 -8.2495 -2.9783
-1.5443 -7.1593 -1.5144
-2.2274 -5.4192 0.33281
-2.6559 -3.6458 2.5442
-2.8654 -2.0177 4.5461
-3.1748 -1.3964 6.1719
-3.3533 -1.882 8.3166
-3.4486 -1.3369 9.0854
-3.1153 -1.7534 9.9543
-3.7723 -1.6558 11.721
-4.3031 -0.19905 13.175
-4.7197 -0.57515 12.88
-4.2746 -0.97981 11.951
-3.8746 -1.8106 10.502
-3.7533 -1.8463 8.0071
-3.739 -1.7225 7.3168
-3.5557 -1.4107 7.0859
-3.4081 -0.82747 7.6572
-3.808 0.14134 8.0143
-4.0127 0.38414 8.1357
-4.1008 0.55315 8.3832
-4.2507 1.0292 9.4353
-4.0865 0.94353 10.645
-3.0344 0.0080414 10.892
-1.6038 -0.90602 10.978
-1.3086 -1.0108 10.452
-2.2203 -1.4487 10.671
-2.9772 -1.0845 10.48
-3.4509 0.22942 11.002
-3.3414 0.61504 10.761
-3.22 0.33891 10.149
-3.4224 0.40556 10.268
-4.2555 1.0983 10.79
-4.7292 0.91496 10.33
-4.7078 0.41747 10.08
-3.9199 0.27702 10.133
-3.3676 -0.032425 9.0712
-2.8987 -1.9058 9.1949
-2.6987 -2.7008 8.457
-2.4226 -3.1364 8.6117
-2.3584 -2.9508 7.4739
-2.0608 -3.6196 6.6289
-2.4155 -3.8339 5.0959
-2.6511 -4.3409 3.4225
-2.4417 -5.0336 1.9419
-1.8037 -5.4192 0.12572
-1.4181 -6.1857 -0.95735
-1.1087 -6.4856 -2.507
-0.74446 -7.5496 -4.0328
-0.49928 -8.6851 -5.8228
0.43858 -9.7372 -8.3793
1.3455 -12.313 -10.936
1.6145 -14.879 -12.326
1.2931 -14.845 -12.095
0.57426 -13.762 -10.905
0.18388 -12.753 -9.4696
-0.31123 -11.627 -7.8271
-0.29695 -10.877 -6.6417
-0.34456 -11.035 -4.7088
-1.1658 -10.325 -3.2258
-1.6014 -9.2873 -2.069
-1.5062 -8.5899 -0.90498
-1.1753 -7.6306 0.35661
-1.9204 -5.6549 1.2683
-2.625 -3.703 3.0607
-2.794 -2.1391 4.3199
-2.9011 -1.3916 6.4147
-3.5747 -1.9058 8.488
-3.6104 -1.7939 10.895
-3.5414 -0.68227 12.889
-4.2722 -1.0084 13.915
-4.8792 -2.2105 13.12
-4.5602 -2.9293 11.109
-5.0791 -1.2512 10.452
-4.6197 -1.2393 9.1521
-4.4364 -1.1821 8.2856
-4.1722 0.046127 7.9286
-4.265 0.98637 8.0428
-4.2912 0.50316 8.3594
-4.1674 0.096115 8.9188
-4.0889 0.63884 9.5115
-3.9532 0.66026 9.7805
-3.5462 0.29369 9.1949
-2.4345 -1.7344 10.342
-3.0296 -0.7989 10.885
-2.6797 -0.13478 10.63
-2.7678 -0.36806 10.428
-3.2772 -0.32997 10.264
-3.4771 0.33891 10.092
-3.5771 0.83403 10.39
-3.4081 1.0483 9.9257
-3.6319 0.41508 9.433
-3.3629 -0.78938 8.6189
-3.1843 -1.6106 7.0716
-2.9082 -2.7246 7.1288
-3.0368 -3.7172 6.5575
-3.1605 -3.1983 8.3023
-2.913 -1.7011 9.1021
-3.6199 -1.5416 8.169
-3.57 -2.2081 5.9148
-2.7106 -3.1126 3.6844
-2.3536 -4.5504 2.756
-2.0584 -5.8072 0.94456
-1.2991 -7.0997 -0.42177
-0.81349 -7.5163 -1.2668
-0.57069 -7.9305 -2.5236
-0.23506 -8.9398 -4.4089
-0.061295 -10.258 -5.5848
0.20769 -10.861 -7.2463
0.29814 -11.649 -7.9628
0.26958 -12.218 -8.7126
0.28148 -12.596 -10.886
0.51476 -14.669 -12.502
1.1479 -15.581 -13.383
0.86467 -15.262 -13.435
0.58141 -14.75 -11.098
-0.31599 -12.191 -9.0387
-0.43739 -9.8705 -7.0202
-0.74922 -7.971 -4.397
-1.4348 -6.3975 -2.8521
-1.111 -7.4901 -1.8786
-0.44453 -8.8136 -1.0526
-0.89442 -8.8588 -0.96925
-1.192 -7.8996 0.1162
-2.1846 -5.4835 1.2135
-2.8368 -2.9151 2.906
-3.489 -1.4178 4.4342
-3.3629 0.14848 6.2361
-3.3843 -0.37044 8.0357
-3.4986 -0.44185 9.4163
-3.351 -0.018143 10.283
-3.9699 0.2318 11.521
-3.9389 0.26036 11.751
-4.3745 -0.26332 11.947
-4.8411 0.85307 11.492
-4.5483 2.7074 10.278
-4.2865 3.0978 9.064
-3.9223 1.9933 8.8093
-3.4962 0.94591 8.8998
-3.3938 0.019943 9.1687
-3.1391 -1.0417 9.1878
-3.3034 -1.0584 9.6829
-3.4224 -1.0465 10.268
-3.6247 -0.40852 10.445
-3.5485 0.46031 10.159
-3.6342 1.3791 10.195
-3.7366 1.3934 10.497
-3.6009 0.76024 9.8233
-3.3486 -0.20857 9.5686
-3.0439 -0.39186 10.097
-2.5916 -1.5273 9.6781
-2.6297 -3.0722 9.3996
-2.1965 -3.5649 8.8569
-2.1346 -3.4268 8.4927
-2.5369 -3.6411 7.9571
-2.6035 -3.134 6.5456
-2.625 -2.7413 5.6387
-2.425 -2.3319 4.0938
-2.0798 -3.1126 2.1157
-1.6847 -4.0172 0.78746
-1.5824 -5.4287 -1.7738
-1.1444 -7.4211 -3.8447
-0.91347 -8.5851 -5.8752
-0.7159 -9.392 -7.3082
-0.62306 -9.7372 -8.0152
-0.63496 -9.6015 -8.5864
-0.64449 -9.6467 -8.9982
-0.72066 -10.375 -10.15
-0.51833 -11.453 -10.814
-0.57307 -11.777 -11.64
-0.6183 -12.256 -11.605
-0.69209 -13.386 -10.224
-0.98726 -13.313 -9.5434
-1.1872 -12.472 -8.9007
-1.2301 -11.492 -7.4558
-1.1824 -10.006 -6.237
-0.95631 -9.2207 -5.323
-0.9944 -9.4825 -4.3137
-1.2158 -9.2849 -2.9569
-1.2539 -7.6639 -1.8976
-1.53 -6.6594 0.56371
-1.818 -5.643 1.6682
-1.9108 -5.0741 3.2012
-2.2917 -3.4578 4.3128
-2.4321 -2.0391 6.0576
-2.9511 -2.4652 7.4858
-3.4248 -2.1986 8.7855
-3.3295 -0.8727 10.685
-3.877 -0.47755 11.997
-4.5388 -0.88698 12.197
-4.3793 -1.8582 11.071
-4.6435 -0.69179 11.316
-4.1317 -1.3607 10.278
-4.1127 -1.5511 8.9355
-4.2484 0.39842 8.8117
-4.2079 1.5077 8.6951
-4.0103 1.2387 8.3142
-3.9484 1.1411 9.1235
-4.1198 0.81975 9.0973
-4.0389 0.28893 9.2402
-4.0722 0.74596 9.8091
-4.1151 1.2958 10.285
-4.0199 1.3363 10.059
-3.6795 1.134 8.5022
-2.8297 -1.2559 8.4404
-2.5964 -1.5154 9.3354
-2.9035 0.19847 10.271
