-2.1536 -3.1745 7.8833
-2.4369 -3.6244 7.543
-2.1727 -4.0219 6.4361
-2.0989 -4.3123 5.5077
-2.375 -5.0288 4.1771
-2.156 -5.5358 3.225
-1.7418 -6 2.2347
-1.5871 -6.3904 0.88268
-1.5157 -7.0141 -0.39796
-1.0063 -7.6234 -1.4382
-0.66591 -7.6925 -2.6236
-0.4493 -8.1947 -3.7448
-0.50642 -8.9184 -4.9469
-0.11128 -9.0731 -5.9847
-0.080338 -9.4587 -6.7726
-0.25887 -9.7467 -7.5105
-0.41597 -9.9919 -8.3079
-0.35408 -9.9752 -8.8388
-0.2065 -9.9586 -10.567
0.14104 -11.463 -11.51
0.14342 -12.227 -11.588
-0.18507 -11.841 -11.526
0.09581 -11.475 -11.05
0.21721 -11.07 -10.155
0.088669 -10.051 -9.034
-0.18745 -9.4992 -7.0463
-0.7516 -8.8541 -5.6705
-1.073 -8.4732 -4.5041
-1.2943 -9.3421 -3.0259
-1.5228 -9.6682 -2.2213
-1.4633 -8.9136 -1.3644
-1.4229 -7.652 -0.62886
-1.6633 -6.7427 0.91124
-2.256 -5.4359 2.8822
-2.7249 -4.6956 4.7484
-2.6392 -4.448 6.548
-2.6868 -3.7744 7.7905
-3.1082 -3.5601 9.0783
-3.5462 -2.6485 10.242
-3.4509 -1.3797 11.133
-3.8104 -0.787 11.19
-4.0984 -1.4345 10.497
-4.0103 -2.239 9.89
-3.6104 -2.2985 9.7043
-3.0582 -2.1938 9.7353
-2.4988 -2.4937 9.99
-2.913 -2.6604 9.1164
-2.8654 -2.5485 8.9212
-2.594 -2.3033 9.4044
-2.8082 -2.2462 9.3497
-2.625 -2.5413 9.4092
-2.8939 -2.9746 9.1878
-2.882 -3.9458 8.6689
-2.2965 -4.3314 7.5668
-2.0632 -5.2645 6.4861
-1.7609 -6.4928 5.7743
-1.7656 -6.2309 6.4718
-2.0941 -5.224 7.9167
-2.2631 -3.8958 9.302
-2.3274 -3.015 9.7876
-2.594 -2.6532 9.0188
-2.8439 -3.1031 7.712
-3.0582 -4.1076 5.5196
-2.6987 -5.2764 3.8534
-2.2846 -5.8953 2.1562
-2.1584 -6.7189 0.97789
-1.8751 -7.3187 -0.38368
-1.3824 -8.3018 -0.97639
-1.0277 -8.2614 -2.1356
-0.76112 -8.3066 -3.1521
-0.6183 -7.9472 -4.8112
-0.41597 -7.9329 -6.4298
0.081528 -7.802 -7.9556
0.21721 -7.9472 -9.2244
0.074387 -8.7446 -10.153
-0.054153 -9.8086 -11.371
-0.013687 -9.8419 -11.819
-0.03511 -9.3825 -11.474
-0.30647 -8.7303 -10.741
-0.52785 -8.597 -9.7861
-0.43025 -8.9445 -9.2458
-0.3279 -9.423 -8.9364
-0.28505 -9.6944 -9.2339
-0.23506 -10.413 -9.6695
-0.047012 -10.42 -9.8647
0.1339 -10.27 -9.322
0.17674 -10.159 -8.9435
0.062485 -10.018 -7.8628
-0.32552 -9.6682 -6.2775
-0.71114 -8.7803 -5.4753
-0.57069 -8.4399 -3.9233
-0.65401 -8.1281 -2.7974
-0.85396 -7.2711 -2.1285
-0.97298 -6.3404 -0.65504
-1.28 -5.6382 0.73033
-1.6419 -5.5454 2.1847
-2.0727 -5.8881 3.6463
-2.3155 -6.2214 5.0459
-2.4012 -6.2357 6.3052
-2.3155 -5.7406 7.1431
-2.2988 -4.8812 7.5739
-2.6321 -4.2766 8.1499
-2.9487 -4.3766 7.7738
-3.1225 -3.9053 8.2713
-3.3795 -3.1364 8.9997
-3.4057 -2.6318 10.007
-3.3533 -2.239 10.435
-3.4343 -1.9415 9.9471
-3.3438 -2.3628 9.2949
-3.3938 -3.284 8.4784
-3.1058 -3.9529 7.8119
-3.0915 -4.6884 7.7143
-3.5105 -3.1698 8.2356
-3.3295 -1.7011 8.8498
-3.1867 -0.94173 9.5329
-3.1939 -1.0726 10.061
-2.9606 -2.2962 10.204
-3.439 -2.7056 10.359
-3.4248 -1.9153 10.768
-3.3319 -0.84889 11.163
-3.0153 -1.0607 10.883
-2.8582 -1.9939 10.504
-2.7892 -2.5437 9.7853
-2.7059 -2.7294 9.7043
-2.1655 -2.8817 9.2354
-2.6392 -3.5149 8.5903
-2.2655 -4.6408 7.6215
-2.6154 -4.6837 6.7265
-2.8011 -5.0003 5.1959
-2.1893 -5.6239 3.8843
-2.0132 -5.255 2.8727
-2.1227 -5.1098 1.2588
-1.9037 -5.2312 -0.39082
-1.4419 -5.3645 -2.4594
-1.0325 -5.9024 -4.4494
-0.77065 -6.6094 -6.4774
-0.3398 -7.2735 -8.2365
-0.023209 -8.1376 -9.5053
0.24339 -8.2614 -10.936
0.56474 -8.7351 -12.081
1.0218 -9.4277 -13.983
1.1265 -10.599 -14.421
0.85753 -10.432 -13.964
0.76469 -9.8872 -12.693
0.59331 -9.692 -11.105
-0.066055 -9.5682 -9.56
-0.18983 -9.5158 -7.889
-0.40645 -9.4706 -6.5131
-1.0444 -9.711 -4.7064
-1.7085 -9.185 -3.7852
-1.7133 -7.9757 -3.0568
-1.2086 -7.1688 -1.781
-0.92775 -7.2211 -0.86452
-1.1063 -8.1185 0.4066
-1.4395 -8.697 2.2609
-2.0965 -7.5354 3.5011
-2.7154 -6.1357 5.2911
-2.8606 -4.3671 6.8098
-3.1724 -3.5411 7.9333
-3.5343 -3.9862 8.7189
-3.7342 -4.3576 9.0854
-3.7199 -3.8006 9.8257
-3.6033 -2.9198 10.164
-3.8009 -2.1724 10.247
-3.7366 -1.5511 10.216
-3.3081 -1.0346 9.9447
-2.9749 -0.91554 9.3544
-2.8201 -1.3964 9.0497
-2.7035 -1.2107 9.3354
-2.4869 -1.0346 9.4901
-2.3869 -1.0108 9.74
-2.7368 -0.65846 10.326
-2.5178 -0.82033 11.006
-2.2727 -0.63942 11.678
-2.6059 -0.35616 11.018
-2.6987 -1.3107 10.214
-2.7464 -1.8058 10.171
-2.9415 -2.0819 9.1973
-2.4845 -2.4009 9.2925
-1.9561 -2.3628 8.0405
-1.8751 -3.315 7.5477
-1.8061 -3.6887 6.8788
-1.9561 -4.2671 5.6863
-1.9799 -5.2145 4.4842
-1.6276 -5.4382 3.056
-1.4348 -5.9786 1.8943
-1.5776 -5.9334 0.08287
-1.3253 -6.4261 -1.0978
-1.0515 -6.757 -2.6046
-1.0206 -7.7615 -4.2232
-0.51595 -8.328 -5.8871
0.043442 -9.373 -7.1987
0.064865 -9.6682 -8.2675
-0.23982 -10.558 -9.7838
-0.037491 -10.608 -10.015
-0.44453 -9.2992 -10.046
-0.77541 -7.7044 -11.31
-0.33266 -8.4661 -11.555
-0.080338 -9.473 -11.669
-0.13509 -9.6658 -10.774
-0.57069 -8.9136 -9.7409
-0.69685 -8.8541 -8.5412
-0.55403 -9.0255 -7.401
-0.8492 -8.8565 -7.351
-0.58022 -9.5111 -6.2703
-0.27553 -10.38 -5.173
-0.57307 -10.637 -4.6564
-0.95631 -10.216 -4.1756
-1.3681 -9.7824 -2.845
-1.8251 -8.5922 -2.0285
-2.0061 -8.0471 -0.60744
-2.1608 -7.7044 0.32091
-2.5416 -7.6425 1.623
-2.794 -7.1783 2.4799
-2.6964 -6.0286 3.0798
-2.6059 -5.3192 4.2818
-2.594 -3.9648 5.6553
-2.7368 -1.9248 6.5051
-3.2248 -1.4868 8.0738
-3.6461 -1.0274 8.8902
-3.7247 -1.4654 9.7043
-3.47 -1.8106 9.8519
-3.1986 -2.8079 10.752
-3.5224 -2.9865 10.252
-3.1724 -2.9293 10.299
-2.7678 -2.5152 10.159
-3.2605 -2.608 10.116
-3.0986 -1.7558 9.79
-2.7963 -1.1893 9.6615
-3.1225 -1.3892 10.14
-3.8366 -1.0108 10.504
-4.0746 0.022324 10.892
-3.2439 1.0126 11.463
-3.0772 0.67693 10.923
-3.1701 -0.89174 9.8733
-2.8178 -1.8677 10.085
-2.7106 -1.9391 9.8876
-2.325 -2.2224 9.9805
-2.3179 -2.0676 9.3711
-2.4036 -2.2295 8.7165
-2.3345 -2.2057 7.4763
-2.2465 -2.7746 5.5196
-1.8251 -3.6458 3.7201
-1.8132 -3.7387 2.0134
-1.6419 -4.0005 -0.059952
-0.91823 -4.2814 -2.2047
-0.60402 -4.429 -4.297
-0.13033 -5.3288 -6.1894
0.62663 -6.5142 -8.5007
0.69804 -8.209 -10.288
0.77898 -8.9683 -10.988
0.74089 -9.0707 -11.962
0.68138 -10.099 -13.257
1.0099 -11.189 -13.526
0.5338 -11.389 -13.538
0.15056 -11.096 -13.066
-0.039871 -10.72 -11.805
0.11961 -10.273 -10.679
-0.33028 -10.011 -9.3053
-0.57784 -9.5944 -8.3222
-0.5945 -10.139 -7.1225
-0.46358 -10.387 -6.1442
-0.31123 -10.228 -5.1611
-0.27077 -9.5277 -4.4351
-0.15889 -8.5351 -3.7519
-0.32314 -8.4804 -2.3499
-0.81111 -8.1209 -0.8669
-1.3515 -6.457 0.93504
-2.0465 -4.6908 2.7727
-2.3845 -3.5078 4.8984
-2.4559 -2.8651 6.6932
-2.6559 -2.289 7.9905
-3.2296 -2.6961 9.1021
-3.2724 -1.8463 10.159
-3.6961 -0.58467 10.847
-4.2246 0.18895 11.725
-4.1222 0.45793 11.947
-3.9342 0.60313 11.061
-3.4152 0.70549 10.354
-3.132 -0.13478 9.9043
-3.4771 -0.76082 9.2402
-3.3557 -1.2345 8.7117
-3.3272 -1.1036 8.7688
-3.3057 -0.79414 9.1164
-3.439 -0.49184 9.8281
-2.9463 -0.83699 10.521
-3.0439 -1.1488 10.147
-3.251 -0.96315 10.092
-3.2415 0.20799 10.702
-3.1415 1.0506 10.718
-3.1629 1.0554 10.768
-3.1225 0.56029 9.9614
-2.4369 -0.49898 9.7258
-2.7535 -1.5797 9.0973
-2.6607 -1.9819 9.5639
-2.6131 -1.413 9.7972
-2.7487 -1.056 9.1354
-2.7273 -1.0108 7.9214
-2.9534 -1.3488 5.3459
-2.5773 -1.5511 2.6084
-2.0751 -1.5392 -0.057571
-1.7418 -2.0795 -2.5522
-1.1039 -3.7767 -4.5612
-0.43977 -6.2142 -6.4774
-0.047012 -8.1662 -8.546
0.31242 -9.6515 -10.315
0.35289 -10.392 -11.876
1.1122 -11.134 -12.226
1.2789 -11.518 -12.819
1.1741 -12.384 -13.504
1.1836 -12.82 -13.616
0.89561 -12.199 -12.502
0.33385 -11.477 -10.917
-0.15175 -10.594 -9.5862
-0.37074 -10.313 -8.1032
-0.68257 -10.092 -7.2487
-0.95155 -9.7063 -6.6345
-0.76826 -9.5349 -5.2801
-0.60164 -9.2992 -3.8757
-0.71352 -9.2802 -2.7212
-0.9944 -8.9898 -2.1261
-1.0991 -8.328 -1.3953
-1.3134 -7.1259 -0.34322
-1.7514 -6.0476 1.3587
-2.3441 -5.0193 3.1178
-2.6035 -4.1505 4.3533
-2.6749 -4.1647 6.0981
-2.5702 -3.841 6.9645
-2.1774 -3.6434 7.1716
-1.9965 -3.7767 8.288
-2.4274 -3.7196 9.1759
-2.6083 -2.4794 9.9638
-2.7559 -0.74654 10.307
-3.0653 -0.015762 10.252
-3.401 0.26512 10.176
-3.6509 0.40318 9.5782
-3.3986 -0.39662 9.6496
-2.9177 -0.81081 9.6781
-2.2917 -2.3819 10.387
-2.3845 -2.3342 10.116
-2.3274 -1.801 10.447
-2.4869 -1.5106 11.071
-2.8368 -1.6796 10.797
-2.8725 -2.0605 9.9781
-2.5631 -1.732 9.2473
-2.306 -1.4273 8.7665
-2.444 -1.6868 8.3237
-2.2631 -2.7722 8.9212
-2.0584 -3.1007 9.4258
-2.0894 -2.7794 9.5306
-2.037 -2.4461 9.7567
