8.9341 -3.2007 -0.62886
9.0008 -3.3388 -0.73836
8.9508 -3.5244 -0.7693
8.8889 -3.5268 -0.82405
8.8246 -3.3435 -0.99306
8.8413 -3.3364 -1.0454
8.9698 -3.4221 -0.95259
9.0317 -3.4054 -0.8669
9.165 -3.3768 -0.92641
9.365 -3.2769 -1.0311
9.4816 -3.1864 -1.0121
9.4888 -3.0531 -0.98116
9.4483 -2.8913 -0.98354
9.3578 -2.8413 -0.95973
9.2317 -2.7389 -0.92403
9.1388 -2.7032 -0.84071
9.1626 -2.6889 -0.83833
9.2126 -2.7294 -0.70265
9.2721 -2.7627 -0.70027
9.3388 -2.8151 -0.68361
9.4031 -3.0055 -0.49794
9.5673 -3.1388 -0.47414
9.6363 -3.115 -0.37654
9.672 -3.0341 -0.12422
9.6149 -3.0198 0.030502
9.6292 -3.0293 0.15904
9.6102 -3.2031 0.33043
9.7316 -3.4126 0.43279
9.7173 -3.4292 0.42088
9.7435 -3.1959 0.60893
9.7173 -3.0983 0.64464
9.7744 -2.9127 0.48277
9.7601 -3.0293 0.40422
9.5959 -2.6984 0.49706
9.5102 -2.4794 0.23759
9.5435 -2.4723 0.35899
9.3983 -2.3366 0.41612
9.1388 -2.2081 0.6375
9.1436 -2.1129 0.90172
9.1507 -2.3747 1.2445
9.0841 -2.7579 1.3897
8.9794 -3.0769 1.4563
8.9484 -3.1698 1.504
8.9817 -2.8579 1.1993
8.9865 -2.677 1.1112
8.8627 -2.9008 1.3207
8.7532 -3.1579 1.4444
8.677 -3.284 1.6206
8.5985 -3.3126 2.0229
8.6104 -3.134 2.1681
8.6866 -2.9317 2.1824
8.5318 -2.8484 1.9753
8.5057 -2.658 1.7467
8.6675 -2.439 1.7087
8.5628 -2.4247 1.5539
8.42 -2.7556 1.5658
8.5033 -3.065 1.8658
8.6461 -3.2602 1.7682
8.6628 -3.234 1.8277
8.7413 -2.9365 1.8586
8.7961 -2.5271 1.842
8.7794 -2.1867 1.5587
8.6366 -2.1272 1.5825
8.6747 -2.4176 1.792
8.6033 -2.627 1.9443
8.5699 -2.6175 2.3276
8.8508 -2.4818 2.737
8.8413 -2.3223 2.5323
8.7342 -2.5152 2.4847
8.8818 -2.4414 2.4942
9.1698 -2.2605 2.3395
9.0936 -2.2866 2.1276
9.2531 -2.2843 1.892
9.2912 -2.3938 1.9634
9.3055 -2.6413 2.0871
9.1817 -2.796 2.1728
9.434 -2.9436 2.3752
9.4269 -2.8127 2.4585
9.3174 -2.746 2.5965
9.2602 -2.6246 2.7203
9.1246 -2.5413 2.7655
8.9722 -2.4437 2.9179
8.8937 -2.32 2.8798
8.9341 -2.4461 3.0464
9.0579 -2.5104 2.8536
9.1341 -2.5937 2.6251
9.3888 -2.6008 2.5537
9.3745 -2.5461 2.5037
9.2817 -2.3961 2.3133
9.3269 -2.2866 2.7108
9.0317 -2.5247 2.8798
8.9841 -2.6627 2.9845
8.8722 -2.3604 3.1535
8.8437 -2.1843 3.1726
8.9008 -2.0605 3.3154
8.896 -1.8701 3.1535
8.9936 -2.1152 2.9679
9.0508 -2.2628 2.9012
9.0698 -2.27 3.0583
9.0103 -2.0224 3.3678
8.9127 -1.7249 3.5606
8.9151 -1.6963 3.6939
8.9294 -1.8486 3.7772
8.9222 -1.9558 3.7629
8.977 -2.0415 3.5796
8.9079 -2.3319 3.4511
8.9413 -2.5056 3.3797
8.8556 -2.3676 3.3297
8.8556 -2.389 3.2892
8.8342 -2.4414 3.2892
8.9579 -2.5628 3.3035
8.8651 -2.6366 3.2916
8.7961 -2.6913 3.3226
8.8532 -2.6246 3.4273
8.658 -2.6032 3.3392
8.6223 -2.6604 3.1607
8.8841 -2.8246 3.2178
8.6485 -2.3699 3.4344
8.6747 -2.3104 3.4059
8.8342 -2.4247 3.4202
8.7746 -2.4652 3.2321
8.8413 -2.4652 3.1131
8.8627 -2.5866 3.0774
8.6961 -2.6556 3.2369
8.7151 -2.8198 3.0869
8.7247 -2.8889 3.0012
8.7794 -2.8151 2.9536
8.8651 -2.7222 3.0488
8.7818 -2.5532 3.0798
8.8437 -2.4652 2.9227
8.8627 -2.5723 3.0441
8.7651 -2.6627 3.0417
8.7984 -2.7056 3.0417
8.8103 -2.9246 2.9703
8.7699 -2.8532 3.006
8.8389 -3.0317 2.956
8.946 -3.2673 2.8298
8.8913 -3.1031 2.837
8.8675 -2.9222 2.9869
8.977 -2.7579 2.8727
8.896 -2.6127 2.8727
8.9056 -2.458 2.9369
8.946 -2.4414 2.925
9.1317 -2.5985 2.8108
9.3078 -2.4604 2.8965
9.3269 -2.2652 2.9203
9.465 -2.2224 2.7846
9.6887 -2.2462 2.7346
9.9101 -2.1581 2.7822
9.9339 -2.3414 2.875
10.024 -2.7199 2.9346
10.012 -2.9246 3.194
10.034 -3.1626 3.0869
10.191 -3.6673 2.7156
10.141 -3.7791 2.6941
10.046 -3.603 2.8203
10.022 -3.5506 2.9536
9.991 -3.7172 3.1559
9.9196 -3.7006 3.3273
9.7196 -3.5101 3.3083
9.6649 -3.3411 3.3678
9.6316 -3.2697 3.1797
9.6268 -3.603 3.0131
9.7125 -4.0814 2.5704
9.7411 -4.398 2.2681
9.7768 -4.6337 2.1538
9.672 -4.8241 2.1038
9.5744 -5.0836 2.0919
9.5863 -5.0122 1.8586
9.5935 -4.9503 1.7396
9.5173 -5.0217 1.5706
9.3721 -5.1788 1.4968
9.0889 -5.0836 1.2088
9.077 -4.9812 0.98741
9.0389 -5.2335 0.82317
8.9008 -5.7025 0.69701
8.689 -6.2571 0.62321
8.4771 -6.5832 0.80412
8.1486 -6.5689 0.89458
7.9939 -6.4785 1.0017
7.9249 -6.1595 0.9041
7.7654 -6.0881 0.63512
7.4845 -6.1785 0.47325
7.2226 -6.1428 0.4066
7.1512 -6.1476 0.69701
7.0536 -6.1809 0.83745
6.9989 -6.3404 1.0374
6.9108 -6.588 1.1826
6.818 -6.8498 1.1017
6.7228 -6.9902 0.99693
6.6728 -6.9926 0.83031
6.5871 -7.0069 0.65416
6.6204 -6.9855 0.32329
6.6085 -7.0355 0.17094
6.4609 -7.1474 0.11858
6.3014 -7.2807 0.2495
6.1919 -7.4877 0.40184
6.042 -7.4996 0.46135
5.923 -7.6187 0.69463
5.892 -7.6568 0.64702
5.8135 -7.5711 0.58989
5.6849 -7.4473 0.41136
5.454 -7.3949 0.2971
5.3231 -7.5044 0.21379
5.2517 -7.6353 0.17809
5.1541 -7.6639 0.46849
4.9803 -7.502 0.80888
4.8518 -7.4092 1.1564
4.6637 -7.3068 1.0707
4.59 -7.3735 0.9041
4.4947 -7.3473 0.69939
4.5185 -7.452 0.51848
4.4781 -7.6139 0.41374
4.4257 -7.6734 0.29948
4.3448 -7.89 0.36851
4.2591 -8.0686 0.49467
4.1877 -8.1376 0.73509
4.2043 -8.1828 0.95171
4.1377 -8.1471 1.1183
4.1258 -8.0924 1.2207
4.0806 -7.9257 1.3754
4.0591 -7.8591 1.3445
4.0139 -7.7901 1.2183
4.0306 -7.9686 1.2278
4.1163 -8.3375 1.1636
4.1448 -8.6041 1.0945
4.1948 -8.9017 1.0826
4.1329 -9.1516 1.0207
4.0139 -9.3968 1.116
3.8854 -9.4896 1.1683
3.764 -9.5015 1.1921
3.5497 -9.4682 1.285
3.3974 -9.4325 1.4659
3.3426 -9.6396 1.7539
3.2379 -9.9538 1.8848
3.1879 -10.518 2.0086
3.1546 -10.766 1.8277
3.1403 -10.849 1.8182
2.9689 -10.896 1.742
2.8856 -10.985 1.7848
2.7666 -10.892 1.8872
2.5143 -10.785 2.0824
2.3429 -10.927 2.3204
2.2572 -11.006 2.4537
2.1525 -11.046 2.6108
2.0953 -11.127 2.5942
1.9953 -11.265 2.6275
1.9763 -11.42 2.5775
1.9001 -11.592 2.7608
1.7811 -11.53 2.875
1.6692 -11.311 2.9298
1.5264 -11.12 3.0107
1.4074 -11.311 3.0083
1.3288 -11.537 3.0441
1.1527 -11.634 2.975
0.96703 -11.53 3.2059
0.74089 -11.168 3.3416
0.6552 -10.742 3.613
0.44572 -10.082 3.8772
0.16722 -9.6539 3.9391
-0.016068 -9.6396 3.7034
-0.14461 -9.7586 3.4892
-0.22792 -9.8634 3.5392
-0.058914 -10.128 3.7463
0.038681 -10.03 4.1723
0.16008 -9.8086 4.4866
0.27672 -9.3968 4.3318
0.21245 -9.2897 4.427
0.24815 -9.1421 4.3818
0.25529 -8.7541 4.4556
0.26244 -8.647 4.6341
0.25291 -8.1876 4.6722
0.25529 -8.0233 4.5223
0.11009 -7.8424 4.6579
-0.037491 -7.871 4.8603
-0.13033 -7.9781 5.0412
-0.039871 -8.0281 5.0626
0.026779 -7.9733 4.965
0.026779 -8.0376 4.608
-0.044632 -8.0043 4.477
0.060104 -8.0019 4.4009
-0.13985 -7.6234 4.3223
-0.60164 -7.2688 4.4628
-0.97774 -7.0474 4.5532
-1.0158 -6.8855 4.8579
-1.042 -6.6951 4.9983
-1.0991 -6.6427 5.0745
-1.0491 -6.7427 5.1197
-1.0849 -6.9403 5.1483
-1.1801 -6.9331 5.1245
-1.3277 -6.8879 5.034
-1.5395 -6.8379 4.8127
-1.849 -6.7903 4.4985
-1.9299 -6.6522 4.5342
-1.9275 -6.8498 4.6246
-1.987 -7.0997 4.8174
-1.9751 -7.0974 5.0198
-2.1275 -6.9236 5.2078
-2.2155 -6.8212 5.2221
-2.187 -6.7594 5.2483
-2.0656 -6.8474 5.353
-1.9704 -6.9165 5.2483
-2.0656 -7.1355 5.184
-2.1632 -7.4068 5.3221
-2.1156 -7.5615 5.5434
-1.9061 -7.6044 5.5791
-1.7871 -7.6782 5.7029
-1.7847 -7.6449 5.8243
-1.7276 -7.4187 5.7172
-1.9632 -7.3973 5.6434
-2.0632 -7.4973 5.7101
-2.0679 -7.6425 5.8315
-1.9513 -7.6853 5.8315
-1.9299 -7.9662 5.8672
-1.8609 -8.2757 5.7553
-1.9323 -8.2566 5.5458
-2.1917 -8.2709 5.5934
-2.3298 -8.2876 5.6934
-2.3631 -8.109 5.7267
-2.4083 -8.1352 5.9386
-2.3369 -8.0471 6.1052
-2.2893 -7.9019 6.2671
-2.3131 -7.7591 6.2861
-2.3441 -7.8686 6.2028
-2.2869 -8.0162 6.0338
-2.2608 -8.1543 6.1576
-2.2893 -8.6946 6.2599
-2.0918 -8.4589 6.2909
-2.2108 -8.3447 6.06
-2.3655 -8.1947 6.01
-2.4155 -8.0781 6.1171
-2.4536 -7.9424 6.0457
-2.4655 -7.8043 6.0219
-2.494 -7.9043 5.8624
-2.4464 -8.0924 5.7315
-2.4845 -8.2637 5.6791
-2.4417 -8.2923 5.5434
-2.3369 -8.4232 5.5601
-2.2655 -8.4542 5.5387
-2.2703 -8.3233 5.6101
-2.306 -8.1733 5.6244
-2.3298 -8.0209 5.5839
-2.3417 -8.0638 5.6982
-2.3393 -8.0471 5.891
-2.0965 -8.0852 5.8743
-1.8799 -8.2899 5.8981
-1.7918 -8.2661 5.9314
-1.6871 -8.0852 5.8148
-1.9037 -8.0543 5.6482
-2.206 -8.0519 5.5315
-2.475 -7.9281 5.3649
