9.0484 -1.1203 2.9774
8.9532 -1.1607 2.7156
8.8913 -0.39186 2.8822
9.0674 -1.0988 2.8869
9.0817 -1.0512 2.9131
9.1793 -1.0822 2.9822
9.1341 -1.1845 3.0131
9.0412 -1.0607 3.0917
9.0698 -0.94411 3.0655
9.096 -0.9203 3.0274
9.065 -1.0988 3.0583
9.1008 -1.1274 2.9845
9.0341 -0.99171 2.8988
9.0555 -1.125 2.8489
9.0484 -1.0845 2.8155
9.0246 -1.1393 2.8798
9.0222 -1.0607 2.8512
9.0151 -1.0607 2.906
9.0174 -0.93221 2.9108
9.0389 -0.85127 2.8965
9.0484 -0.84413 2.925
9.027 -0.81557 2.9203
9.027 -0.87032 2.956
8.9817 -0.92982 2.8988
9.0103 -1.0346 2.9631
9.0674 -1.0726 2.9774
9.0865 -1.1393 2.9679
9.0746 -1.0893 3.0536
9.0698 -1.0917 3.006
9.0865 -1.0941 3.1083
9.0603 -1.0488 2.9893
9.0198 -1.0393 2.9441
8.9794 -1.0298 2.8703
9.0222 -0.97981 2.9155
9.0032 -1.0274 2.9298
9.0698 -1.1274 2.8941
9.0627 -1.1036 2.8941
9.0389 -1.1084 3.0107
9.0746 -1.0227 2.9655
9.0484 -1.0108 3.0274
9.0198 -0.92982 2.9822
9.0579 -0.91078 2.9655
9.0293 -0.86794 2.9584
9.0008 -0.85603 2.9536
9.0365 -0.87746 2.9131
8.9936 -0.94173 2.9131
9.0222 -1.0179 2.8846
9.0722 -1.0655 2.8512
9.0317 -1.0822 2.9227
9.0317 -1.0536 2.9536
9.0174 -0.95839 2.9869
9.0174 -0.97981 3.0083
9.0317 -0.93221 2.9798
9.0079 -0.93221 2.9393
9.0341 -0.91078 2.975
9.0984 -0.91316 3.0655
9.1817 -0.88698 3.0583
9.2626 -0.83223 2.9988
9.2483 -0.83699 3.0393
9.2483 -0.79176 3.0274
9.2531 -0.67274 3.0631
9.1745 -0.62514 3.0869
9.0579 -0.55849 3.2654
8.9008 -0.54897 3.3202
8.7485 -0.74654 3.0821
8.7223 -1.0012 3.0083
8.7032 -1.1679 2.8584
8.7294 -1.2916 2.9369
8.7247 -1.3464 3.2154
8.6937 -1.1512 3.6034
8.5628 -0.93459 3.7939
8.4771 -0.7632 3.9391
8.2962 -0.71559 3.8177
8.0843 -0.69893 3.7843
7.8701 -0.56563 3.6629
7.6987 -0.53944 3.632
7.6511 -0.64656 3.6677
7.7915 -0.60609 3.5868
7.8891 -0.38234 3.7867
7.9391 -0.40376 3.8248
7.9249 -0.63942 3.5987
7.9129 -1.1964 3.4344
7.9772 -1.7868 3.2035
8.0796 -2.2462 2.9774
8.2986 -2.7008 2.5489
8.4652 -3.0674 2.0324
8.5223 -3.4935 1.9491
8.4604 -3.6387 1.892
8.5771 -3.4078 1.9039
8.6747 -3.5101 2.1966
8.708 -3.4078 2.1943
8.9056 -3.2293 2.4133
8.9746 -3.3197 2.2633
8.7604 -3.3887 2.2919
8.658 -3.9029 2.4323
8.7413 -4.6932 2.5823
8.7389 -5.3621 2.6656
8.4462 -5.6144 2.3276
8.6509 -5.4525 2.0372
8.9698 -5.0003 2.011
8.927 -4.517 1.9324
8.5652 -4.26 2.4442
8.5461 -3.8172 2.6513
8.3962 -3.6458 2.9798
8.3866 -3.6839 3.3178
8.5509 -3.4816 3.3654
8.5604 -3.3745 2.9941
8.3676 -3.3911 2.9369
8.6128 -3.2769 2.9346
8.7032 -2.9222 3.0821
8.996 -2.6294 2.9393
9.0127 -3.2745 2.856
8.9889 -3.7839 3.025
9.4292 -3.6839 3.2154
9.0246 -3.065 3.6749
8.9317 -2.7127 3.7796
8.9317 -2.677 3.8462
8.9865 -2.7032 3.8534
9.0174 -2.6151 3.751
9.0293 -2.6485 3.4963
9.0889 -2.5294 3.5392
9.7934 -1.9486 3.2416
9.3816 -2.1962 3.3416
9.4864 -2.5223 3.444
9.8268 -2.3342 3.1702
9.5459 -2.2581 3.6153
9.2079 -2.8056 3.6391
9.1436 -2.8674 3.8843
8.9746 -2.3819 3.9605
8.9365 -1.9462 4.0438
9.0222 -1.4321 3.7748
9.3388 -1.5106 3.8391
9.3412 -1.9034 3.6749
9.3602 -1.9748 3.3773
9.3197 -1.8653 3.482
9.2626 -2.0343 4.0152
8.8389 -1.4297 3.9867
9.0555 -1.7939 3.851
9.4769 -2.577 3.4987
9.2745 -2.708 3.7986
8.927 -1.6416 4.22
8.8913 -1.0108 4.17
8.9436 -1.1369 3.9962
9.0579 -1.6273 3.5582
9.0603 -1.9439 3.2273
9.2126 -1.8225 2.9607
9.5078 -2.1462 2.8988
9.6054 -2.1843 2.9084
9.7173 -1.9462 3.0012
9.8172 -1.9986 2.9607
10.141 -2.1914 2.9488
10.231 -2.2962 3.0988
10.41 -2.3938 3.0583
10.455 -2.7056 3.0798
10.491 -2.8817 2.8227
10.588 -3.1126 2.637
10.405 -3.3816 2.5537
10.2 -3.3102 2.5537
10.079 -3.1436 2.6513
9.941 -3.0079 2.7584
9.7554 -2.927 3.0274
9.5983 -2.827 3.0917
9.4816 -2.7532 3.1178
9.3721 -2.6746 3.0774
9.2912 -2.7365 2.8298
9.2293 -2.6889 2.6989
9.1341 -2.827 2.3656
9.0841 -3.1102 2.2276
8.9246 -3.2602 2.28
8.758 -3.3007 2.5418
8.5556 -3.2983 2.9631
8.3557 -3.2102 3.1821
8.2795 -3.2197 3.1631
8.2581 -3.1412 3.0155
8.1748 -3.0222 2.8703
8.1915 -3.0603 2.4823
8.2581 -3.234 2.1705
8.1415 -3.6411 1.961
8.0367 -4.091 1.911
8.0248 -4.4528 1.9372
7.9034 -4.5504 2.1252
7.8058 -4.5313 2.3252
7.6487 -4.5385 2.4704
7.5845 -4.5361 2.418
7.5369 -4.448 2.318
7.5083 -4.3814 2.0253
7.513 -4.3647 1.7801
7.4393 -4.6718 1.7134
7.2845 -4.9503 1.6872
7.3369 -5.3288 1.7706
7.3536 -5.4168 1.9039
7.3369 -5.5073 2.0229
7.3464 -5.4573 2.2252
7.3393 -5.443 2.537
7.3678 -5.4192 2.7132
7.3559 -5.5001 2.8108
7.325 -5.4216 2.7941
7.5416 -5.4478 2.756
7.7201 -5.6358 2.5704
7.694 -5.9905 2.737
7.7582 -6.1476 2.5823
7.7368 -6.3761 2.5466
7.7392 -6.6808 2.7275
7.832 -6.8165 2.8798
7.863 -6.8403 3.1178
7.9439 -6.8879 3.3202
7.8606 -7.045 3.1916
7.7178 -7.2449 3.3107
7.5749 -7.4306 3.3273
7.494 -7.4068 3.363
7.375 -7.5068 3.4559
7.3202 -7.6591 3.3725
7.2322 -7.7091 3.444
7.1346 -7.8686 3.5439
7.0275 -8.2019 3.6272
6.8537 -8.4328 3.6225
6.5942 -8.478 3.5796
6.2848 -8.5684 3.5582
6.1039 -8.6494 3.8724
5.9325 -8.8208 3.9438
6.0087 -9.0993 4.1462
5.9015 -9.4063 4.17
5.6849 -9.6563 4.2128
5.5683 -9.8324 4.2485
5.5516 -9.592 4.4413
5.385 -9.135 4.3985
5.1898 -9.0826 4.3437
5.0946 -9.204 4.3461
5.1017 -9.4016 4.4413
4.8208 -9.4706 4.3533
4.5352 -9.6253 4.4223
4.3591 -9.8753 4.5937
4.2662 -10.051 4.6389
4.2662 -9.9443 4.6199
4.2948 -9.5253 4.9769
4.19 -9.0659 5.215
3.9901 -8.9422 5.2792
3.783 -9.304 5.3625
3.7521 -9.6824 5.4506
3.5688 -9.6444 5.253
3.2236 -9.4658 5.0578
2.8618 -9.354 4.8936
2.6166 -9.1064 4.727
2.4143 -8.9826 4.6603
2.3786 -8.9874 4.9103
2.4762 -9.1754 5.1697
2.4643 -9.2564 5.2388
2.5166 -9.1445 5.2792
2.4119 -8.8422 5.1364
2.231 -8.4423 5.284
1.893 -8.0662 5.0936
1.5693 -7.8924 4.8865
1.3312 -7.6068 4.5651
0.98607 -7.4758 4.6175
0.83611 -7.1878 4.815
0.61949 -6.826 5.0602
0.50999 -6.5023 5.1316
0.4005 -6.4142 4.9841
0.26006 -6.3475 5.0031
0.09343 -6.2404 5.0864
0.050583 -6.0928 5.2126
-0.016068 -5.6858 5.2578
-0.020828 -5.3954 5.1388
-0.21364 -5.562 5.0602
-0.38979 -6.0738 5.0436
-0.41835 -6.1881 5.2245
-0.35408 -6.0762 5.4863
-0.3755 -5.9096 5.6934
-0.3636 -5.9 5.8148
-0.39217 -5.7525 5.7101
-0.56117 -6 5.4839
-0.8968 -6.1262 5.472
-1.1967 -6.1095 5.4744
-1.2467 -5.9953 5.4506
-1.1634 -5.8881 5.86
-0.99202 -5.6382 6.0957
-1.1515 -5.7501 6.3123
-1.2753 -5.7168 6.4742
-1.1967 -5.4954 6.6456
-1.2467 -5.0122 6.6765
-1.3776 -4.9193 6.8645
-1.3681 -5.0574 7.0788
-1.2753 -5.1002 7.1192
-1.38 -5.2859 7.2978
-1.5395 -5.4501 7.2597
-1.699 -5.5906 7.3382
-1.749 -5.6192 7.4358
-1.8228 -5.5001 7.4216
-2.0227 -5.5477 7.493
-2.2965 -5.5287 7.4644
-2.2822 -5.6929 7.4477
-2.2869 -5.762 7.512
-2.4012 -5.8691 7.4501
-2.4678 -6.0619 7.4739
-2.6226 -6.0643 7.443
-2.6559 -5.9048 7.6144
-2.6892 -5.7572 7.7024
-2.6892 -5.6715 7.7619
-2.6345 -5.7263 7.8096
-2.625 -5.862 7.9429
-2.6345 -6.0905 7.8143
-2.5583 -6.0928 7.7096
-2.5036 -6.1333 7.7048
-2.3917 -6.2785 7.7548
-2.3155 -6.3095 7.8215
-2.3345 -6.1214 7.8167
-2.425 -6.1309 7.8833
-2.4774 -6.2904 7.9595
-2.444 -6.2262 8.0381
-2.5512 -6.2071 7.9667
-2.6845 -6.5856 7.9976
-2.5845 -6.5594 7.9714
-2.4298 -6.388 8.0857
-2.4702 -6.338 8.1761
-2.475 -6.1309 8.219
-2.4393 -5.9524 8.0452
-2.5773 -5.9429 7.9714
-2.694 -5.9643 7.9024
-2.5797 -6.0333 7.8119
-2.475 -6.1381 7.8905
-2.2965 -6.3142 8
-2.0703 -6.2238 8.0047
-2.2274 -6.1904 8.0166
-2.4464 -6.0476 8.0619
-2.4583 -5.862 8.507
-2.1251 -5.762 8.707
-2.0227 -5.9286 8.0095
-2.3155 -5.9405 7.6739
-2.3107 -5.8096 7.4216
-2.1417 -5.8643 7.4263
-1.8894 -5.9429 7.4144
-1.7061 -5.7358 7.5525
-1.887 -5.8524 7.6167
-2.0608 -5.8929 7.5596
-2.2965 -5.712 7.7167
-2.644 -5.4835 7.75
-2.8225 -5.2264 7.8262
-2.7892 -5.0979 7.9405
-2.7821 -5.2312 7.8738
-2.7059 -5.3526 7.7405
-2.6678 -5.4597 7.6382
-2.7059 -5.6906 7.6144
-2.6987 -5.7144 7.5834
-2.6749 -5.6382 7.7381
-2.6488 -5.6644 7.8119
-2.4655 -5.7882 7.9595
-2.3465 -5.8739 8.0166
-2.5012 -5.7239 8.1452
-2.663 -5.543 8.1476
-2.832 -5.5763 7.9905
-2.9939 -5.7667 7.7191
