9.2007 0.027084 2.2347
9.1603 0.041367 2.28
9.2674 0.043747 2.299
9.2245 -0.015762 2.3133
9.2126 -0.053848 2.3918
9.2602 -0.0014801 2.3633
9.2055 0.015182 2.3014
9.1912 0.086594 2.299
9.2031 0.048508 2.2919
9.2531 -0.013382 2.3085
9.2674 -0.041946 2.4323
9.2983 -0.030045 2.368
9.2483 0.015182 2.3466
9.2602 0.036606 2.3038
9.2698 0.024704 2.3633
9.2483 0.10802 2.249
9.2317 0.14372 2.2276
9.2674 0.041367 2.1966
9.2674 0.077072 2.2585
9.3031 0.015182 2.2109
9.265 0.0032806 2.2204
9.2436 0.055649 2.1705
9.2174 0.055649 2.1133
9.2579 0.0032806 2.1014
9.2983 0.017563 2.1681
9.2936 0.046127 2.2085
9.2698 0.096115 2.2252
9.2436 0.10564 2.3514
9.2555 0.10088 2.2585
9.2126 0.11754 2.1824
9.2507 0.022324 2.1943
9.2959 -0.070511 2.1824
9.3412 -0.053848 2.2038
9.334 0.012802 2.2085
9.2793 0.11992 2.2466
9.246 0.14372 2.1871
9.2222 0.158 2.1609
9.4221 0.14134 2.1705
9.2269 0.15086 2.2204
9.2055 0.11278 2.1228
9.2245 0.027084 2.2157
9.2103 -0.0014801 2.2276
9.2317 -0.039566 2.2133
9.196 -0.082413 2.2371
9.2364 -0.06337 2.2252
9.246 -0.051468 2.1419
9.2579 -0.0086212 2.1514
9.2531 0.024704 2.1633
9.2198 -0.0086212 2.1562
9.2388 -0.06337 2.1252
9.2031 -0.053848 2.2395
9.2436 -0.027664 2.2847
9.1912 0.0080414 2.2752
9.1983 0.081833 2.2062
9.2198 0.10564 2.2204
9.1674 0.14372 2.3395
9.2436 0.12468 2.3252
9.2483 0.096115 2.3252
9.2483 0.1461 2.4085
9.2602 0.16753 2.3537
9.2507 0.16515 2.4085
9.2579 0.14134 2.3537
9.2531 0.091354 2.2633
9.2745 0.029465 2.2609
9.3555 0.084213 2.349
9.465 0.1342 2.3537
9.3912 0.17705 2.4537
9.4007 0.24608 2.5561
9.3864 0.2318 2.4537
9.2079 0.32225 2.418
9.0436 0.25798 2.1609
9.0889 0.088974 2.1062
9.1031 0.11992 2.3656
9.1008 0.27702 2.4728
9.0579 0.21989 2.7203
9.2103 0.51744 2.9488
9.3078 0.66264 3.2107
9.2674 0.21275 3.3511
9.465 -0.099075 3.5035
9.5387 -0.037186 3.2488
9.4388 0.11278 2.9346
9.3245 0.29607 2.7965
9.0746 0.38176 2.9774
8.9222 0.26512 3.094
8.8699 0.096115 3.2916
8.7627 -0.06813 3.6487
8.5533 -0.43471 3.8677
8.3866 -0.71083 3.9367
8.2319 -1.3012 3.5987
8.2414 -1.6654 3.2535
8.2176 -1.951 2.9488
8.2272 -1.9558 2.9512
8.17 -1.6725 3.0036
8.1557 -1.3202 3.1107
8.1724 -1.225 3.3059
8.1081 -1.4178 3.3226
7.9701 -1.9819 3.3583
7.9725 -2.239 3.3797
8.0915 -2.2462 3.2107
8.1296 -2.02 3.0655
8.32 -1.7534 3.2702
8.3319 -1.9177 3.1131
8.3319 -2.3604 3.1059
8.4057 -2.7151 3.2797
8.3105 -3.1721 3.3559
8.2748 -3.353 3.2511
8.3486 -3.0388 3.094
8.439 -2.558 3.0845
8.6009 -2.3461 3.2916
8.5771 -2.4223 3.225
8.6818 -2.7318 3.2607
8.7699 -2.9341 3.3511
8.8699 -2.8222 3.4011
8.8365 -2.6794 3.2607
8.9246 -2.7699 3.3035
9.046 -2.6223 3.3249
9.1293 -2.7199 3.3321
9.0555 -2.8841 3.4654
9.0127 -2.8294 3.4321
9.0246 -2.9198 3.3583
8.9889 -2.8389 3.6796
8.9865 -2.5866 3.9748
8.9127 -2.2486 4.0224
8.8508 -1.9105 4.189
8.8294 -1.4797 4.0938
9.0127 -1.2774 4.0509
9.0508 -1.5963 3.9676
9.1412 -1.882 3.5249
9.2269 -2.3033 3.1726
9.3293 -2.3152 3.1893
9.2293 -1.9343 3.294
9.2222 -1.5368 3.1988
9.1555 -1.663 3.4535
8.9651 -1.6582 3.4392
8.8794 -1.5559 3.5511
8.6961 -1.3964 3.5154
8.9841 -1.3178 3.344
8.8889 -1.7034 3.5677
8.7699 -2.1057 3.6082
8.9389 -2.1224 3.5915
8.8151 -1.7415 3.7106
8.8294 -1.5083 3.7034
8.8246 -1.4107 3.6963
8.7104 -1.4487 3.7891
8.7485 -1.7415 4.1438
8.7223 -1.5154 4.4461
8.8127 -1.5059 4.558
9.0793 -1.663 4.7674
8.9865 -1.8891 4.9864
8.9365 -2.2081 4.9983
8.7889 -2.3009 4.9031
8.7627 -1.9367 4.8722
8.7413 -1.6297 4.8555
8.9127 -1.7106 4.5723
9.0722 -1.8248 4.1509
9.1769 -1.9201 3.9557
9.1365 -1.9819 3.6653
9.0936 -1.9605 3.4535
9.3316 -1.9367 3.3083
9.3078 -1.8558 3.2202
9.1055 -1.582 3.2226
9.0389 -1.663 3.2035
9.0984 -1.6963 2.8869
9.0436 -1.851 2.8608
9.0793 -1.6749 2.975
9.3436 -1.6059 2.9036
9.4078 -1.8439 2.9869
9.5911 -1.9391 2.9584
9.753 -2.0343 3.1726
9.7934 -2.1176 3.4678
9.8768 -2.1129 3.6629
9.8244 -2.1176 3.6368
9.8196 -2.0653 3.6344
9.9267 -1.9677 3.4368
10.015 -2.0867 3.4154
9.9529 -2.3247 3.1202
9.9791 -2.539 2.6822
10.16 -2.4318 2.6703
10.158 -2.3652 2.8132
10.112 -2.5866 2.9274
10.079 -2.8603 2.8393
10.115 -3.0912 2.7965
10.303 -3.3078 2.3656
10.265 -3.4887 2.0943
10.081 -3.5911 2.2228
9.9672 -3.7053 2.6013
9.8553 -3.7101 2.8846
9.7411 -3.6387 3.0012
9.5625 -3.5125 2.9488
9.3269 -3.6625 2.7679
9.1436 -3.7672 2.4133
9.0151 -3.9529 2.0919
8.8794 -4.3385 1.8372
8.5437 -4.6408 2.1657
8.2343 -4.8955 2.5965
7.9558 -5.1121 2.8322
7.6797 -5.2121 2.7251
7.5987 -5.2811 2.6584
7.7106 -5.324 2.8227
7.9653 -5.4406 2.6061
7.9939 -5.6596 2.3823
7.7535 -5.9191 2.3752
7.613 -6.0548 2.5942
7.4845 -6.2262 2.6799
7.4773 -6.5237 2.7679
7.3417 -6.6594 3.0369
7.175 -6.4975 3.2773
6.9608 -6.3904 3.1821
6.8513 -6.5713 3.4416
6.6942 -6.7117 3.0488
6.6656 -7.1331 2.8489
6.5419 -7.2616 2.7846
6.4181 -7.383 2.8393
6.2514 -7.6568 2.9703
6.23 -8.0186 3.0893
6.2229 -8.1685 3.2369
6.1562 -8.2233 3.3797
5.9896 -8.3209 3.6034
5.7897 -8.5565 3.7129
5.573 -8.785 3.8129
5.3898 -8.8469 4.0462
5.2993 -8.7279 3.9581
5.0398 -8.9398 3.7748
4.8851 -8.9802 3.7463
4.6923 -9.0802 3.8772
4.5495 -9.3254 3.951
4.3495 -9.6777 4.0771
4.1424 -10.02 4.4223
4.0329 -10.22 4.7127
4.0306 -10.087 4.8412
3.8639 -9.9371 4.6032
3.6521 -9.8229 4.7984
3.545 -9.4349 4.9341
3.5783 -9.2635 5.0317
3.5997 -9.3849 4.8436
3.6021 -9.6182 4.5508
3.614 -10.018 4.0748
3.4617 -10.32 3.7439
3.2284 -10.454 3.6582
2.9951 -10.28 3.8343
2.7785 -10.056 3.9843
2.5785 -9.6896 4.4818
2.4333 -9.0731 5.084
2.1644 -8.6232 5.1626
2.0382 -8.6065 4.746
1.9216 -8.4232 4.6794
1.724 -8.5161 4.4699
1.524 -8.597 4.4651
1.3717 -8.6351 4.5603
1.3693 -8.328 5.2459
1.305 -7.5758 5.5982
0.7885 -7.3259 5.9029
0.41002 -7.2902 5.8291
0.045822 -7.3544 5.5768
-0.11128 -7.4616 5.2245
-0.24696 -7.4473 5.0531
-0.28267 -7.114 5.134
-0.24696 -6.7451 5.1626
-0.31837 -6.6641 5.3292
-0.51595 -6.1428 5.1197
-0.6183 -5.3549 5.2792
-0.43739 -5.2621 5.3768
-0.18983 -6.0786 5.5268
-0.056534 -6.8236 5.4268
-0.17793 -6.9783 5.403
-0.38264 -7.0426 5.0983
-0.30171 -6.9522 5.2959
-0.36836 -6.5404 5.8672
-0.65401 -6.2523 6.4337
-0.79445 -5.7715 6.7146
-0.79683 -5.1288 6.8574
-0.7635 -5.2407 6.8074
-0.90157 -5.8262 6.448
-0.90871 -6.1952 6.3361
-0.88014 -5.9857 6.3242
-0.89919 -5.8858 6.3194
-1.0063 -6.0452 5.9814
-1.0563 -6.3071 5.7482
-0.81587 -5.831 5.5268
-1.261 -5.781 5.7196
-1.0087 -5.9667 5.7767
-0.79445 -6.1928 6.1243
-0.98488 -6.2857 6.3599
-1.0277 -6.1785 6.4527
-1.0539 -6.2523 6.5884
-1.2491 -6.2761 6.636
-1.4443 -5.9548 6.8836
-1.4943 -5.6334 6.8622
-1.6466 -5.6715 7.024
-1.6538 -5.6525 7.0145
-1.5585 -5.4811 6.9788
-1.5109 -5.781 6.9859
-1.5205 -6.1643 6.9836
-1.6228 -6.4118 7.0288
-1.768 -6.3833 7.1359
-2.0156 -6.2523 7.2573
-2.1989 -6.2904 7.3073
-2.3417 -6.4499 7.243
-2.3536 -6.4928 7.3501
-2.406 -6.2761 7.3501
-2.6464 -6.2904 7.3073
-2.7416 -6.4785 7.3121
-2.594 -6.5618 7.1597
-2.4393 -6.5903 7.293
-2.5321 -6.3499 7.631
-2.6654 -6.1809 7.7286
-2.8178 -6.2952 7.8381
-2.7487 -6.4904 7.662
-2.6511 -6.6475 7.5001
-2.525 -6.5761 7.5025
-2.4369 -6.757 7.3668
-2.3417 -6.976 7.3549
-2.2655 -6.9688 7.4287
-2.1989 -6.8093 7.4525
-2.1655 -6.588 7.6001
-2.137 -6.588 7.681
-1.9323 -6.5356 7.662
-1.8085 -6.5642 7.612
-1.8989 -6.776 7.5644
-1.8228 -6.6594 7.5215
-1.8109 -6.557 7.512
-1.8847 -6.3809 7.5144
-2.087 -6.3975 7.6215
-2.1965 -6.2333 7.6263
-2.2084 -6.1714 7.5191
-2.1917 -6.3475 7.3763
-2.2798 -6.488 7.3121
-2.2631 -6.3809 7.2002
-2.3679 -6.3285 7.1192
-2.3131 -6.6403 7.512
-2.1132 -6.5713 7.6929
-2.0132 -6.5356 7.662
-2.056 -6.3856 7.7334
-2.1251 -6.438 7.7929
-2.1632 -6.4071 7.7477
-2.0346 -6.4928 7.5311
-1.937 -6.8141 7.3835
-1.918 -6.9046 7.2502
-1.9989 -6.7594 7.155
-2.0751 -6.8022 7.1454
-2.2655 -6.9474 7.324
-2.3322 -6.7213 7.7143
-2.0679 -6.6213 7.9548
-2.1346 -6.6165 7.6525
-2.663 -6.3166 7.3263
-2.5964 -6.2642 7.8191
-2.7844 -6.3595 7.4311
-1.7204 -6.8808 7.9762
-1.6609 -6.726 7.6644
-1.7276 -6.807 7.5691
-1.8751 -6.7736 7.3573
