9.4388 -0.12288 1.2873
9.4197 -0.21095 1.2469
9.3055 -0.17049 1.2921
9.4031 -0.23952 1.3421
9.3674 -0.17287 1.285
9.3674 -0.075272 1.2945
9.2341 -0.034805 1.3064
9.3269 -0.032425 1.3016
9.3602 -0.10622 1.2969
9.2959 -0.022903 1.3064
9.2959 -0.11336 1.2992
9.3602 -0.15144 1.3873
9.4007 -0.17287 1.354
9.3983 -0.14668 1.4516
9.4435 -0.17763 1.3349
9.3935 -0.080032 1.5706
9.3721 -0.06575 1.5468
9.3888 -0.1562 1.573
9.4031 -0.1205 1.523
9.4269 -0.10146 1.4921
9.3221 -0.077652 1.523
9.3602 -0.15144 1.5278
9.3269 -0.13954 1.5444
9.3245 -0.082413 1.5658
9.3459 -0.0014801 1.573
9.2983 0.06279 1.7039
9.3412 0.22227 1.7706
9.2436 0.29607 1.7777
9.2936 0.32463 1.8063
9.2936 0.31511 1.7087
9.2602 0.31749 1.711
9.3531 0.55315 2.0205
9.4507 0.85545 2.2062
9.6244 0.85783 2.2657
9.6459 0.58647 2.0157
9.6482 0.28893 1.6539
9.6578 0.20323 1.4992
9.6744 0.23656 1.4302
9.5887 0.048508 1.5063
9.5768 -0.17763 1.7777
9.6411 -0.47041 1.6706
9.7149 -0.75844 1.8681
9.7982 -1.1774 2.0014
9.7101 -1.4725 2.0205
9.6221 -1.7344 1.8729
9.5506 -1.8986 1.8586
9.4269 -2.0843 1.9086
9.3626 -2.1224 1.9848
9.2602 -2.1129 2.0848
9.1317 -2.0486 2.2871
8.9556 -1.9986 2.3014
8.8389 -1.8891 2.2966
8.6961 -2.001 2.1871
8.4485 -2.2247 2.2085
8.2819 -2.4461 2.1895
8.3009 -2.6413 2.0562
8.2367 -2.746 2.0229
8.1843 -2.8127 1.9015
8.12 -2.8793 1.98
8.0272 -3.1388 1.9443
8.032 -3.503 1.9991
8.0486 -3.6387 1.8824
8.1986 -3.7625 1.6825
8.2153 -3.9529 1.5111
8.0177 -4.0148 1.4801
7.9439 -3.8815 1.4468
8.0748 -4.0124 1.5635
8.0034 -4.0862 1.8943
8.0415 -4.179 2.1181
8.1177 -4.179 2.1943
8.1034 -3.9243 2.2228
8.082 -3.7339 2.3228
8.0582 -3.5625 2.2181
8.101 -3.5482 2.3442
8.1343 -3.6625 2.3704
8.2319 -3.7506 2.2823
8.2533 -3.703 2.6132
8.4414 -3.5363 2.587
8.639 -3.5459 2.4204
8.589 -3.6434 2.0229
8.6294 -3.8029 1.9205
8.8223 -3.7696 1.711
8.7104 -3.9005 1.8681
8.8246 -3.8101 2.1657
8.896 -3.5816 2.4109
9.0032 -3.3031 2.6894
9.1531 -2.9531 2.6584
9.1888 -2.7984 2.6822
9.1936 -2.9627 2.7037
9.3316 -3.2888 2.4252
9.3174 -3.8386 2.3633
9.284 -3.8363 2.2704
9.246 -3.4126 2.5561
9.1698 -3.1245 2.6537
9.1079 -2.9579 2.8108
9.0151 -2.8127 2.9607
9.0936 -2.4961 2.9703
9.0793 -2.5104 2.737
9.1246 -2.8056 2.6465
9.1293 -3.0293 2.5561
9.0174 -3.1483 2.5347
9.265 -3.1364 2.7203
8.9413 -2.8627 3.0798
8.6747 -2.6056 3.5987
8.4938 -2.4675 3.7582
8.589 -2.5033 3.7129
8.7604 -2.508 3.6891
8.7984 -2.3676 3.8962
8.8127 -2.5318 3.8677
9.0055 -2.7413 3.732
9.0055 -2.8436 3.6629
8.9436 -2.877 3.5892
8.9484 -2.6889 3.7843
8.7913 -2.5937 3.9772
8.8056 -2.7579 3.7915
8.7532 -3.0864 3.6701
8.8223 -2.9412 3.6225
8.8199 -2.7294 3.7391
8.6699 -2.7151 3.832
8.6937 -2.5604 3.8534
8.6247 -2.4628 3.8581
8.6413 -2.4057 3.6701
8.7128 -2.777 3.5368
8.7651 -3.1317 3.3559
8.7485 -3.3007 3.2345
8.6961 -3.0388 3.194
8.6437 -2.8651 3.1607
8.6056 -3.0317 3.2059
8.5414 -3.0055 3.2392
8.5128 -2.8793 3.244
8.5247 -2.7508 3.2083
8.7128 -2.7603 3.1083
8.7508 -2.8817 3.2107
8.7342 -2.7937 3.0583
8.7794 -3.2959 3.0774
8.5842 -3.3745 3.2726
8.5223 -3.015 3.6034
8.5104 -2.9674 3.6749
8.5342 -3.2531 3.701
8.5914 -3.3364 3.7034
8.8342 -3.2269 3.6201
8.8722 -3.1769 3.3702
8.7532 -3.2912 3.2821
8.5652 -3.2102 3.5154
8.6366 -2.8603 3.4535
8.8056 -3.0317 3.3725
8.9436 -3.1412 3.3511
9.0032 -3.3316 3.1964
9.0032 -3.4625 3.0488
8.8889 -3.5173 3.006
8.8794 -3.1769 3.0726
9.0531 -2.8341 3.0012
9.1222 -2.6485 3.1083
9.1412 -2.5199 3.1059
9.1769 -2.6532 3.0298
9.1603 -2.9579 2.9941
9.2888 -3.1983 2.8869
9.4292 -3.3173 2.8346
9.5007 -3.4411 2.7751
9.4007 -3.6363 2.8108
9.6601 -3.572 2.3871
9.8006 -3.4744 2.0419
9.7077 -3.7291 1.8396
9.5887 -4.0124 1.6396
9.5483 -4.348 1.7301
9.3983 -4.4409 1.7848
9.2222 -4.4528 1.8515
9.0508 -4.3861 2.0038
8.9484 -4.0148 1.9657
8.9746 -3.9529 2.0229
9.0293 -3.9957 1.8848
8.9865 -4.1029 1.6134
8.727 -4.1862 1.5278
8.8413 -4.2195 1.3945
8.8627 -4.7979 1.3587
8.6461 -5.3621 1.2826
8.5247 -5.6691 1.4801
8.5985 -5.4525 1.4659
8.6699 -5.1693 1.3945
8.5937 -5.0526 1.3349
8.4819 -5.086 1.254
8.4485 -5.0598 1.2278
8.5176 -4.9265 1.0279
8.4247 -5.1074 0.9041
8.1843 -5.4192 0.91124
8.1105 -5.6073 0.88029
8.1605 -5.9381 0.95409
8.0582 -6.0595 1.0707
7.9986 -6.1095 1.1588
7.951 -6.0952 1.2207
7.9487 -6.2166 1.3159
7.9201 -6.1309 1.2659
8.001 -6.0976 1.2207
8.0367 -6.0429 1.0207
8.0153 -6.0357 0.916
7.8606 -6.1928 0.94456
7.6892 -6.3237 1.0326
7.4964 -6.2857 1.0779
7.4393 -6.3547 1.1683
7.3345 -6.3047 1.1921
7.2322 -6.2476 1.2612
7.2417 -6.288 1.2992
7.2536 -6.4023 1.2731
7.1488 -6.3523 1.3635
7.2012 -6.3523 1.1469
7.1655 -6.457 0.90172
7.1846 -6.8189 0.7708
7.2179 -6.9926 0.69701
7.2583 -7.1402 0.74699
7.2441 -7.1307 0.87077
7.0346 -7.1593 0.90648
6.8799 -7.1616 0.916
6.7299 -7.1902 0.97313
6.6395 -7.2521 0.90886
6.5204 -7.3259 0.97075
6.3371 -7.3497 0.98741
6.261 -7.483 0.8065
6.2181 -7.5425 0.56609
6.1372 -7.6401 0.38042
5.9634 -7.7448 0.16856
5.8111 -7.8805 0.20903
5.8349 -7.9733 0.22807
5.7682 -8.109 0.16142
5.6754 -8.2733 -0.024246
5.5302 -8.3923 -0.12898
5.4493 -8.3875 -0.39558
5.3683 -8.5065 -0.70741
5.3064 -8.8588 -0.77168
5.2136 -9.2421 -0.74312
5.1351 -9.4039 -0.7336
5.0446 -9.2849 -0.64076
4.9065 -9.0921 -0.45509
4.7304 -9.0612 -0.28847
4.4352 -9.2611 -0.60982
4.2638 -9.6229 -0.83119
4.19 -9.742 -1.005
4.0972 -10.082 -1.3001
4.0258 -10.111 -1.5096
3.9139 -9.961 -1.5882
3.8401 -10.125 -1.7476
3.7878 -10.397 -1.4548
3.464 -10.356 -1.3192
3.2593 -10.294 -0.93593
3.0951 -10.237 -0.66695
3.0284 -10.408 -0.66457
3.0475 -10.746 -0.91689
3.0022 -11.037 -1.1597
2.9046 -11.589 -1.4191
2.7928 -12.144 -1.7215
2.5952 -12.27 -1.4977
2.4072 -11.93 -1.0549
2.2143 -11.377 -0.39558
2.1715 -10.911 0.085251
2.1167 -10.568 0.36137
1.9239 -10.142 0.53276
1.7954 -10.316 0.26616
1.8144 -11.118 -0.34322
1.943 -12.129 -0.63838
1.9454 -12.565 -0.95259
1.8763 -12.546 -0.79311
1.8121 -11.837 -0.2361
1.524 -10.913 0.72081
1.2241 -9.9633 1.4516
0.84801 -9.1873 1.911
0.41478 -8.7422 2.1395
0.35527 -9.035 1.9372
0.4243 -9.7467 1.2469
0.4005 -10.447 0.87315
0.27672 -10.53 1.066
0.20531 -9.9229 1.4635
-0.082718 -8.9112 2.0372
-0.43977 -7.7924 2.6037
-0.64687 -7.1854 2.9917
-0.85158 -7.095 3.4916
-0.7516 -7.2902 3.7296
-0.57307 -7.7901 3.613
-0.62306 -8.2804 2.9417
-0.56117 -8.7279 2.5013
-0.64211 -8.7279 2.6561
-0.73256 -8.2566 3.1012
-0.83015 -7.971 3.6201
-0.99202 -7.8186 3.8772
-1.1206 -8.0209 4.0724
-1.0539 -8.1233 4.07
-1.1277 -7.7924 3.9605
-1.1824 -7.214 3.7463
-1.3348 -7.3497 3.5201
-1.4443 -7.7186 3.2416
-1.5966 -7.7424 3.1416
-1.6871 -7.8448 3.0774
-1.8513 -7.9424 3.1893
-2.0489 -7.7758 3.4939
-2.1798 -7.3735 3.6487
-2.2941 -7.1616 3.7225
-2.4631 -6.9331 3.8796
-2.6012 -6.5927 4.1985
-2.6345 -6.5213 4.2485
-2.5274 -7.0855 4.3271
-2.3726 -7.3806 4.1747
-2.256 -7.7329 4.1581
-2.2869 -7.5568 4.189
-2.4821 -7.4663 4.3461
-2.6654 -7.6639 4.3794
-2.6607 -7.5711 4.646
-2.6868 -7.4116 5.0555
-2.5512 -7.4235 5.2768
-2.4821 -7.433 5.5339
-2.5702 -7.6163 5.3816
-2.5464 -7.871 5.0531
-2.6059 -8.1257 4.8412
-2.694 -8.14 4.6484
-2.6797 -8.2328 4.6199
-2.713 -8.2304 4.7389
-2.7035 -8.228 5.034
-2.7464 -8.1614 5.2578
-2.832 -8.1804 5.3649
-2.9154 -8.2185 5.4506
-2.8559 -8.3661 5.4173
-2.9106 -8.3304 5.1031
-3.0153 -8.1043 5.0364
-3.0796 -8.1733 4.9674
-2.9677 -8.3114 4.9603
-2.7583 -8.3375 4.9483
-2.6178 -8.6184 4.9507
-2.4726 -8.7612 4.996
-2.5369 -8.6398 5.0436
-2.5393 -8.5994 5.0912
-2.5583 -8.6589 5.0959
-2.6892 -8.5542 5.134
-2.7773 -8.4566 5.0602
-2.9035 -8.3875 5.0697
-3.0368 -8.2518 5.0102
-3.0344 -8.3161 4.9245
-2.982 -8.3566 4.8698
-3.0653 -8.309 4.8865
-3.1177 -8.3613 4.8079
-3.201 -8.5208 4.8793
-3.1225 -8.5542 4.9579
-2.5583 -8.4494 5.0483
-2.6797 -8.7113 4.9745
-2.6702 -8.5922 4.827
-2.7654 -8.7041 4.8127
-2.8416 -8.6732 4.965
-2.9273 -8.3828 4.9698
-2.8178 -8.447 5.0126
-2.7368 -8.2995 4.8722
-2.6749 -8.3447 4.8912
-2.5821 -8.6256 4.9912
-2.6297 -8.7684 4.9817
-2.6392 -8.697 5.0936
-2.575 -8.5018 5.1769
