8.6175 -2.9603 3.1583
8.5437 -2.9936 3.1464
8.5866 -2.9365 3.0488
8.608 -2.9008 3.0012
8.6818 -3.015 2.9036
8.6842 -3.0269 2.7084
8.7651 -3.0174 2.5537
8.9079 -2.8674 2.6037
9.046 -2.7818 2.5727
8.946 -2.7865 2.7798
8.9103 -2.727 2.9536
8.9413 -2.6746 3.0322
8.9436 -2.7699 3.1274
8.9984 -2.9032 2.806
9.0389 -3.2221 2.6989
9.0746 -3.3078 2.756
8.946 -3.0864 2.9298
8.7842 -2.8008 3.125
8.7532 -2.4913 3.5392
8.7651 -2.189 3.632
8.8127 -2.2128 3.4916
9.0484 -2.3985 3.4154
9.0793 -2.5842 3.3797
9.0746 -2.7341 3.3583
9.315 -2.6818 3.1012
9.1198 -2.9817 3.2321
8.9627 -3.1198 3.4797
8.8056 -3.2483 3.6415
8.6651 -3.0436 3.751
8.6366 -2.7532 3.8605
8.5628 -2.5818 3.8296
8.7961 -2.4937 3.7201
8.7508 -2.4461 3.7153
8.7413 -2.6961 3.5677
8.9389 -2.8627 3.632
8.9936 -2.8817 3.4511
8.9056 -3.1174 3.4368
8.8223 -2.9531 3.5915
8.6318 -2.5699 3.732
8.5414 -2.4604 3.7653
8.5152 -2.4794 3.8272
8.5128 -2.5628 3.9605
8.5556 -2.539 4.001
8.5771 -2.5937 3.9867
8.7389 -2.4913 3.8201
8.6866 -2.4913 3.7701
8.7104 -2.4937 3.5987
8.7413 -2.6342 3.5654
8.727 -2.6366 3.5487
8.7532 -2.5747 3.5201
8.7818 -2.5699 3.5368
8.6247 -2.6318 3.4868
8.7223 -2.6556 3.4059
8.6985 -2.7484 3.344
8.6794 -2.8032 3.3178
8.6556 -2.7413 3.3154
8.6842 -2.7199 3.3773
8.677 -2.6818 3.4392
8.6152 -2.5985 3.4749
8.5842 -2.5128 3.6177
8.5604 -2.4842 3.5368
8.5818 -2.5818 3.5439
8.6723 -2.6127 3.4916
8.6437 -2.7722 3.3725
8.608 -2.9032 3.4844
8.5723 -2.6699 3.4987
8.6628 -2.6818 3.3773
8.6723 -2.7151 3.482
8.7604 -2.5866 3.4225
8.5747 -2.5509 3.5773
8.5342 -2.5556 3.5725
8.4842 -2.5889 3.5773
8.6556 -2.7318 3.4773
8.6152 -2.927 3.4654
8.5556 -2.8841 3.4416
8.5652 -2.8484 3.5106
8.5652 -2.7389 3.4225
8.5556 -2.7746 3.5273
8.5556 -2.7437 3.6677
8.5914 -2.6151 3.6272
8.6913 -2.7389 3.613
8.6199 -3.0912 3.632
8.6342 -3.1793 3.5987
8.5247 -3.0103 3.7153
8.4152 -2.8746 3.7534
8.489 -2.8532 3.7439
8.508 -2.9151 3.5463
8.6056 -3.096 3.6391
8.6461 -2.8889 3.6153
8.6485 -2.7794 3.5773
8.539 -2.8936 3.8034
8.5271 -2.8127 3.7629
8.5604 -2.7651 3.7439
8.6152 -2.5866 3.7058
8.5795 -2.6865 3.6082
8.6247 -2.8032 3.482
8.7223 -2.8294 3.4202
8.6937 -2.8889 3.2392
8.8127 -3.0031 3.0322
8.8389 -3.1007 2.8846
9.0841 -3.0222 2.9988
9.1412 -2.9674 3.2511
9.2055 -2.796 3.5463
9.3364 -2.8817 3.7629
9.4007 -2.8698 3.6534
9.5054 -2.9198 3.6701
9.6054 -3.1126 3.651
9.7077 -3.3054 3.5606
9.822 -3.4316 3.4535
9.9458 -3.4078 3.4249
10.046 -3.4673 3.3297
10.015 -3.4744 3.175
10.039 -3.4982 3.1797
10.027 -3.572 3.1488
10.034 -3.6649 3.0798
10.046 -3.7601 3.0512
9.8934 -3.8267 2.9512
9.6792 -3.9362 2.9369
9.5078 -3.9434 2.9179
9.5292 -3.8981 2.8536
9.4078 -3.9529 2.737
9.3293 -4.0172 2.6441
9.1722 -4.1671 2.7203
9.0032 -4.348 2.668
8.808 -4.4194 2.6465
8.6818 -4.379 2.5751
8.589 -4.4552 2.4942
8.4652 -4.5575 2.449
8.2795 -4.7789 2.3633
8.2081 -4.9455 2.1633
8.1748 -5.0074 2.2038
8.032 -5.0574 2.1443
7.8296 -5.2383 2.1252
7.7201 -5.4692 2.0871
7.6702 -5.493 1.8705
7.5773 -5.5216 1.6301
7.4512 -5.6549 1.4135
7.3655 -5.8786 1.3326
7.2417 -6.1357 1.1469
7.1846 -6.3856 1.1421
7.0727 -6.4642 1.4325
6.9013 -6.3999 1.5349
6.7632 -6.3142 1.6468
6.5799 -6.2 1.6777
6.5371 -6.0905 1.4064
6.6133 -5.9691 1.1445
6.5538 -6.1119 1.0588
6.4681 -6.3428 0.96837
6.3633 -6.6856 0.88268
6.3276 -6.7855 0.85887
6.2467 -6.8117 0.88268
6.2562 -6.7522 1.1636
6.2443 -6.6665 1.2707
6.1658 -6.5737 1.3587
6.1848 -6.6403 1.3564
6.2181 -6.638 1.3659
6.2395 -6.7022 1.2326
6.3229 -6.776 1.0422
6.4038 -6.8617 0.88029
6.4942 -6.9545 0.81602
6.4443 -7.0545 0.69939
6.4371 -7.0855 0.87315
6.4228 -7.0569 1.0445
6.3371 -7.0878 1.2421
6.2776 -7.0736 1.3445
6.2086 -7.0593 1.4516
6.1443 -7.0974 1.5373
6.1181 -7.095 1.4397
6.1158 -7.0402 1.3754
6.2015 -6.9188 1.1564
6.2324 -6.8546 1.035
6.2229 -6.9141 1.1279
6.2324 -6.9998 1.104
6.1729 -7.0878 1.2278
6.1372 -7.1283 1.373
6.1753 -7.1426 1.5397
6.1967 -7.1593 1.5896
6.2276 -7.2188 1.6753
6.2467 -7.1878 1.7229
6.1777 -7.1236 1.7182
6.1729 -7.0141 1.7301
6.18 -6.9307 1.6111
6.2372 -6.9093 1.592
6.2443 -6.9593 1.542
6.2848 -7.0736 1.454
6.261 -7.1378 1.4563
6.28 -7.3068 1.4968
6.2753 -7.314 1.4968
6.2824 -7.3544 1.5563
6.211 -7.3068 1.504
6.2134 -7.2807 1.6658
6.2157 -7.2878 1.6134
6.1681 -7.1783 1.5516
6.2419 -7.2378 1.5706
6.2538 -7.333 1.4373
6.2586 -7.4163 1.4302
6.2848 -7.4711 1.3635
6.2681 -7.5282 1.3587
6.2872 -7.5782 1.5206
6.2848 -7.6091 1.5278
6.2467 -7.6353 1.4587
6.2753 -7.6234 1.6277
6.3062 -7.7353 1.5516
6.3395 -7.7829 1.5492
6.4014 -7.9067 1.5206
6.3395 -7.8948 1.542
6.2753 -7.8781 1.542
6.2181 -7.9852 1.5016
6.1919 -8.2114 1.5611
6.1634 -8.4447 1.6396
6.1539 -8.547 1.5944
6.1062 -8.6113 1.5587
6.061 -8.5446 1.4302
5.9658 -8.4113 1.4992
5.892 -8.5137 1.7015
5.8182 -8.528 1.6468
5.773 -8.647 1.7991
5.7063 -8.8612 1.9991
5.6802 -8.9374 1.9205
5.7373 -9.0326 1.8301
5.6373 -9.1683 1.7539
5.5611 -9.1635 1.7491
5.4421 -9.1326 1.7706
5.2826 -9.2706 1.7015
5.1612 -9.7205 1.6301
4.9684 -10.101 1.6991
4.928 -10.289 1.8443
4.8232 -10.349 1.8515
4.7542 -10.411 1.7301
4.6304 -10.532 1.8396
4.5019 -10.347 1.9681
4.3138 -10.223 1.9443
4.1234 -10.356 1.8658
3.9115 -10.632 1.5754
3.7568 -10.906 1.6254
3.5116 -10.932 1.5777
3.4355 -10.939 1.7967
3.3212 -10.882 1.9229
3.295 -10.806 1.98
3.1332 -10.78 2.0752
2.8927 -10.551 2.0419
2.6357 -10.511 1.9872
2.4024 -10.644 1.8658
2.3334 -10.696 1.9515
2.3191 -10.98 1.9086
2.2239 -11.268 1.9396
2.231 -11.394 2.0729
2.0929 -11.284 2.1681
1.8097 -11.084 2.4156
1.7097 -10.801 2.4323
1.5645 -10.773 2.4585
1.4621 -10.566 2.5489
1.2312 -10.254 2.5085
0.84325 -10.23 2.4656
0.58141 -10.523 2.5108
0.63853 -10.716 2.3038
0.76945 -10.508 2.1847
0.59807 -10.211 2.1609
0.45763 -9.8277 2.2657
0.19102 -9.5515 2.3752
0.038681 -9.2064 2.6299
-0.03511 -9.0588 2.7179
-0.17079 -9.0802 2.8679
-0.33028 -9.0707 2.9584
-0.43739 -8.9898 3.025
-0.55403 -8.8136 2.9631
-0.61116 -8.5208 2.9393
-0.68971 -8.0519 2.7584
-0.60878 -7.7305 2.9012
-0.52071 -7.7853 3.2107
-0.51833 -8.2923 3.4487
-0.50642 -8.3899 3.751
-0.55403 -8.3637 3.8558
-0.73018 -8.2066 3.9653
-0.9706 -8.2304 4.2271
-1.0682 -7.9971 4.3056
-1.2039 -7.6449 4.4247
-1.2586 -7.3711 4.6032
-1.0491 -7.2045 4.6032
-1.0253 -7.0997 4.696
-1.4443 -7.0569 4.8341
-1.5633 -7.233 5.184
-1.4824 -7.2783 5.3387
-1.7204 -7.3616 5.2649
-1.7204 -7.6758 5.3149
-1.7299 -7.552 5.3316
-1.8942 -7.2902 5.3768
-1.9132 -7.1735 5.3173
-1.9465 -6.8855 5.3387
-2.1084 -6.5903 5.553
-2.0465 -6.2619 5.8719
-2.0084 -6.0548 5.9695
-2.1132 -6.457 5.8672
-2.1655 -6.8474 5.8148
-2.2036 -6.8474 5.9029
-2.4083 -6.6356 5.9267
-2.4274 -6.5689 5.9624
-2.4845 -6.6094 5.991
-2.5036 -6.7022 6.129
-2.6083 -6.5784 6.1909
-2.644 -6.4832 6.3766
-2.713 -6.4309 6.3551
-2.8297 -6.676 6.3932
-2.8059 -6.5784 6.3099
-2.8773 -6.3666 6.2576
-2.8868 -6.288 6.1814
-2.9154 -6.4618 6.2742
-2.8344 -6.5023 6.4194
-2.8582 -6.5999 6.5837
-2.8059 -6.6879 6.6313
-2.8297 -6.8665 6.667
-2.8392 -6.9212 6.5051
-3.0034 -6.9046 6.4599
-3.0963 -6.9165 6.6146
-3.1129 -6.5999 6.7693
-3.082 -6.5356 6.9812
-2.9772 -6.3975 7.0455
-2.9653 -6.2404 6.9074
-3.1058 -6.2381 6.8574
-3.1677 -6.3999 6.9669
-3.2677 -6.4666 6.9836
-3.1701 -6.6737 6.974
-3.0844 -6.8593 6.8407
-3.0915 -6.8355 7.0812
-3.0653 -6.8308 7.2454
-3.1177 -6.8998 7.3478
-3.1272 -6.807 7.412
-3.151 -6.6451 7.4311
-3.1439 -6.6308 7.5049
-3.1034 -6.607 7.4882
-3.0463 -6.438 7.4454
-2.8916 -6.3475 7.3549
-2.8559 -6.4809 7.0383
-2.8606 -6.6189 6.7717
-2.9154 -6.7951 6.7836
-2.9558 -6.707 6.8479
-3.1486 -6.4166 6.9336
-3.2772 -6.3952 6.9598
-3.1629 -6.4642 7.0145
-3.1558 -6.4832 7.0621
-3.3319 -6.5618 6.9003
-3.5819 -6.588 6.7336
-3.7056 -6.3833 6.7431
-3.8104 -6.5832 6.5551
-3.9437 -6.7332 6.5408
-4.0437 -6.9688 6.7074
-3.9389 -6.876 6.9788
-3.9508 -6.7141 7.0502
-3.8651 -6.8927 7.105
-3.7866 -6.895 7.2168
-3.6485 -6.7713 7.1407
