9.1198 -0.94649 2.2514
9.1579 -0.89412 2.2419
9.1531 -0.96077 2.1609
9.1698 -0.9203 2.1847
9.1793 -0.9084 2.2133
9.215 -0.88698 2.1871
9.2245 -0.91554 2.2657
9.2317 -0.93935 2.2919
9.265 -0.95363 2.2681
9.2864 -1.0322 2.2395
9.3221 -1.0441 2.318
9.2531 -1.0155 2.3228
9.2483 -0.99409 2.28
9.2507 -1.0084 2.3038
9.2341 -0.97267 2.2347
9.2293 -0.97029 2.2633
9.2293 -0.90126 2.2514
9.2269 -0.77034 2.2395
9.1745 -0.7632 2.3323
9.196 -0.69893 2.3656
9.1817 -0.62514 2.3847
9.1912 -0.55373 2.4252
9.1008 -0.44661 2.5228
9.077 -0.37758 2.4823
9.0293 -0.46565 2.4585
9.0103 -0.50374 2.4775
9.0174 -0.47279 2.6251
8.9746 -0.51326 2.5989
8.9936 -0.56087 2.7417
9.0746 -0.63228 2.6608
9.0936 -0.75606 2.806
9.0055 -0.75606 2.9369
8.9389 -0.74178 3.0012
8.8699 -0.77034 2.9655
8.7913 -0.87508 2.8727
8.7294 -0.96077 2.5537
8.6604 -1.1488 2.418
8.708 -1.2869 2.1847
8.7746 -1.3559 1.9681
8.9032 -1.3012 1.9705
8.9508 -1.5654 2.1086
8.8794 -1.7891 1.8991
8.8841 -2.2747 1.8991
8.9222 -2.6223 1.8443
8.9556 -2.8913 1.7682
8.9651 -3.0103 1.5325
9.0436 -3.2055 1.2921
8.9865 -3.5268 1.2112
8.896 -3.3507 0.97313
8.8746 -3.5101 1.3873
8.927 -3.8315 1.3802
9.0484 -4.2124 1.2445
8.9556 -4.517 1.1921
8.8984 -4.548 1.2612
8.758 -4.5313 1.254
8.7104 -4.5932 1.2873
8.6485 -4.5385 1.3587
8.6842 -4.4266 1.3587
8.827 -4.2124 1.2183
8.8532 -4.0124 1.0207
8.6009 -4.0553 0.90172
8.5223 -4.3599 1.1755
8.5414 -4.5028 1.2612
8.4723 -4.479 1.2421
8.4104 -4.4194 1.3064
8.4676 -4.1695 1.1469
8.4747 -3.9434 1.0469
8.4581 -3.7434 0.89696
8.6437 -3.7149 0.92314
8.8008 -3.7601 1.0707
8.6913 -3.8696 1.1636
8.6461 -3.9196 1.3707
8.6866 -4.06 1.6777
8.5295 -3.9529 1.5896
8.489 -3.9029 1.573
8.6723 -3.8196 1.6182
8.877 -3.6696 1.4064
8.9675 -3.5982 1.423
9.0341 -3.3959 1.285
8.9865 -3.3935 1.6349
9.0079 -3.4387 1.9586
9.0341 -3.503 2.1538
9.0246 -3.5625 2.2442
9.0198 -3.5173 2.3514
9.2222 -3.3435 2.23
8.927 -3.0555 2.3966
9.1127 -2.7818 2.368
9.146 -2.7556 2.518
9.0293 -2.7222 2.6132
8.9603 -2.5699 2.8346
8.9222 -2.7008 2.956
9.0603 -2.7746 3.0083
9.0531 -2.4771 3.0869
8.9841 -2.2033 3.1988
8.977 -1.8891 3.2988
9.1174 -1.8201 3.7058
8.8294 -1.9558 3.7248
9.0151 -2.2319 3.5868
9.1079 -2.3509 3.3916
9.3269 -2.4199 3.1702
9.6863 -2.3914 3.0131
9.9077 -2.4937 3.1916
9.384 -2.5175 3.5963
9.1484 -2.0105 3.9081
8.9936 -1.7249 3.8177
8.9056 -1.9177 3.8177
8.8413 -1.9224 3.801
8.9317 -1.9248 3.4701
9.0222 -2.07 3.394
9.1008 -2.0415 3.2988
9.0627 -2.1081 3.2178
8.8818 -2.1629 3.4321
8.8413 -2.0153 3.3392
8.9198 -2.1867 3.3202
8.8818 -2.0153 3.344
8.8627 -1.8272 3.4606
8.8675 -1.7606 3.3702
8.9532 -1.832 3.2083
9.0174 -1.9962 3.025
8.9936 -2.0462 3.006
9.1031 -2.3319 2.975
9.0531 -2.6723 2.9298
9.0484 -2.6556 3.0512
9.0174 -2.608 3.0583
9.0555 -2.4723 2.8727
9.1626 -2.3842 2.8203
9.2769 -2.4295 2.8655
9.2983 -2.22 3.0179
9.2959 -2.0605 3.0393
9.3602 -2.0653 3.1464
9.3697 -2.0034 3.075
9.6102 -2.1272 2.8893
9.7625 -2.9198 2.7394
9.841 -3.5482 2.3609
9.9624 -3.9529 2.1371
9.9458 -3.8101 1.9134
9.7839 -3.3031 2.0705
9.7077 -2.8889 2.2181
9.6792 -2.8056 2.4847
9.634 -2.9008 2.5537
9.4911 -3.046 2.6132
9.4031 -3.0055 2.5918
9.3388 -3.0388 2.6441
9.2864 -3.015 2.5132
9.2912 -3.0817 2.4109
9.2983 -3.1007 2.0848
9.2388 -3.146 2.0014
9.1841 -3.1745 2.011
9.1198 -3.2316 1.9681
9.065 -3.2816 2.0395
8.9484 -3.4245 2.1324
8.8889 -3.4673 2.1966
8.8175 -3.4554 2.2942
8.7961 -3.5411 2.4061
8.827 -3.5268 2.4299
8.7818 -3.6387 2.3061
8.7604 -3.7315 2.3014
8.6747 -3.7244 2.2347
8.658 -3.534 2.0705
8.5985 -3.5459 2.0967
8.5342 -3.7839 2.13
8.4509 -4.0672 2.2442
8.4176 -4.2719 2.2895
8.489 -4.4361 2.3085
8.4628 -4.5028 2.1514
8.4176 -4.5694 2.0205
8.3652 -4.6146 1.892
8.3628 -4.7694 1.7848
8.3081 -4.8074 1.6396
8.27 -4.9788 1.4968
8.3486 -5.0264 1.4397
8.2986 -4.9693 1.4016
8.2391 -5.0217 1.4516
8.2176 -5.1264 1.3826
8.1653 -5.1955 1.3802
8.0296 -5.1121 1.3802
7.9439 -5.0907 1.3135
7.8154 -5.1217 1.2945
7.7749 -5.293 1.2159
7.6702 -5.3859 1.2493
7.5773 -5.4049 1.2374
7.4988 -5.3787 1.3349
7.3797 -5.3264 1.423
7.3298 -5.3954 1.5349
7.2512 -5.5358 1.5777
7.2798 -5.6906 1.6563
7.2393 -5.6906 1.6492
7.206 -5.6025 1.6206
7.1179 -5.731 1.6373
7.0965 -5.8215 1.5896
7.0608 -5.8358 1.5278
7.0179 -5.9262 1.4135
6.9846 -6.0333 1.4159
7.0275 -6.1428 1.5182
7.0108 -6.2476 1.5492
7.0632 -6.2976 1.6373
7.0679 -6.4047 1.7206
7.1227 -6.4213 1.7539
7.0965 -6.3856 1.6944
7.0989 -6.4689 1.6444
7.0608 -6.5094 1.4087
7.0703 -6.5665 1.3921
6.9941 -6.5927 1.4159
7.056 -6.6689 1.5968
7.1679 -6.757 1.6206
7.2131 -6.8617 1.792
7.256 -6.9974 1.7491
7.2822 -7.0783 1.6682
7.2774 -7.1854 1.7872
7.2726 -7.3902 1.6563
7.2964 -7.5187 1.3445
7.2084 -7.7472 1.5278
7.0941 -7.7782 1.5658
7.037 -7.9234 1.6539
6.9584 -8.0114 1.9705
6.9418 -8.0995 2.2062
6.918 -8.1995 2.449
6.8656 -8.3304 2.5085
6.7704 -8.3732 2.3966
6.6395 -8.4399 2.1895
6.5823 -8.6113 1.9205
6.5252 -8.6422 1.6753
6.4133 -8.9326 1.5611
6.4276 -9.2159 1.573
6.349 -9.611 1.9229
6.1586 -9.7015 1.9205
6.0348 -9.6325 2.2252
5.9801 -9.6753 2.2871
5.8777 -9.761 2.249
5.8468 -9.9157 2.0586
5.8539 -10.137 2.0729
5.5159 -10.147 1.8539
5.116 -10.258 1.8824
4.8399 -10.347 1.7277
4.5995 -10.494 1.7872
4.6019 -10.835 1.7872
4.6019 -11.115 1.761
4.5423 -11.389 1.961
4.2615 -11.142 1.6301
3.7854 -10.806 1.5182
3.4712 -10.854 1.7991
3.3379 -10.954 2.1086
3.2546 -10.892 2.23
3.0094 -10.87 2.3061
2.857 -10.749 2.2847
2.7761 -10.751 2.4252
2.7023 -10.749 2.4371
2.5047 -10.661 2.537
2.1858 -10.616 2.7156
1.9739 -10.613 2.8036
1.7549 -10.682 2.7013
1.5835 -10.811 2.5299
1.5455 -10.68 2.487
1.574 -10.582 2.5132
1.6026 -10.482 2.5108
1.5478 -10.249 2.9346
1.4978 -9.6325 3.2059
1.336 -9.173 3.5606
1.0789 -8.9326 3.6272
0.77422 -8.9564 3.7724
0.5457 -9.0564 3.5677
0.52428 -9.4992 3.4654
0.53618 -9.4444 3.2392
0.45049 -9.2397 3.444
0.34813 -8.7636 3.6796
0.23149 -7.9043 3.8153
0.072006 -6.638 4.0533
-0.16841 -6.1381 4.2104
-0.16127 -6.3356 4.001
-0.18269 -7.0974 3.8177
-0.2422 -7.4378 3.8677
-0.2303 -7.2045 4.4556
-0.58736 -6.5118 4.608
-0.82301 -6.3356 4.8769
-0.93965 -6.0548 5.0388
-1.023 -5.6311 5.015
-1.2086 -5.5787 5.2507
-1.3991 -5.2478 5.1816
-1.4538 -5.0217 5.2483
-1.4348 -5.0122 5.234
-1.4895 -5.2264 5.1174
-1.58 -5.6096 4.9269
-1.5847 -6.0833 5.1673
-1.6062 -6.2214 5.4268
-1.6347 -6.1095 5.7124
-1.6895 -5.7072 5.8624
-1.9061 -5.3573 6.1457
-2.1179 -5.3335 6.4385
-2.1465 -5.3811 6.6789
-2.2584 -5.4097 6.8217
-2.3179 -5.7477 6.9026
-2.325 -5.9691 6.5551
-2.3536 -6.2238 6.4599
-2.3679 -6.4356 6.2861
-2.4845 -6.5856 6.2028
-2.5321 -6.4809 6.0386
-2.6035 -6.288 6.1957
-2.8154 -6.3333 6.3147
-2.9344 -6.3452 6.4432
-3.0796 -6.1547 6.6217
-3.1201 -6.0714 6.8645
-3.1105 -6.2642 7.0145
-3.0344 -6.2999 7.0621
-3.0368 -6.338 6.9717
-3.1939 -6.269 6.936
-3.182 -6.4166 6.8526
-3.1105 -6.6403 6.7574
-3.0915 -6.7236 6.7217
-3.1248 -6.5451 6.8503
-3.1082 -6.4071 6.9431
-3.0011 -6.3856 7.1811
-2.982 -6.507 7.2811
-2.963 -6.4785 7.274
-3.0368 -6.4547 7.3097
-3.032 -6.5832 7.3454
-3.0725 -6.6213 7.462
-3.0415 -6.5689 7.512
-3.0844 -6.507 7.5953
-3.1653 -6.5427 7.5406
-3.2819 -6.7189 7.3478
-3.1653 -6.7498 7.3954
-3.0725 -6.6237 7.4216
-3.1558 -6.4166 7.3097
-3.1748 -6.4332 7.3335
-3.1701 -6.4451 7.3287
-3.1105 -6.4975 7.2573
-3.0439 -6.607 7.2954
-2.9868 -6.7475 7.3406
-2.9439 -6.7808 7.3573
-2.9106 -6.6832 7.4573
-2.9344 -6.6713 7.5906
-2.8701 -6.6308 7.5001
-2.7844 -6.4999 7.4311
-2.8939 -6.4547 7.4239
-2.8892 -6.3737 7.3049
-2.8011 -6.388 7.2835
-2.8344 -6.5404 7.3073
-2.9225 -6.6618 7.343
-2.8892 -6.6332 7.4573
-2.2227 -6.6951 7.7667
-2.1203 -6.6951 7.4287
-2.2869 -7.0379 7.3501
-2.5369 -6.7689 7.3525
-2.3917 -6.4309 7.6167
-2.2965 -6.3214 7.712
-2.3012 -6.3904 7.4382
-2.4417 -6.2333 7.3121
-2.4036 -5.8596 7.543
-2.3417 -6.0167 7.4287
-2.594 -6.2047 7.4573
-2.8344 -6.1809 7.5096
