9.2602 -0.5085 1.9396
9.2721 -0.52278 2.0014
9.3055 -0.55849 1.9919
9.3126 -0.63704 1.9991
9.3007 -0.67274 1.9515
9.3245 -0.73225 1.9515
9.365 -0.71083 1.9824
9.3959 -0.69179 2.0014
9.3293 -0.63466 1.9634
9.3102 -0.60133 2.0514
9.2817 -0.62514 2.061
9.2888 -0.61086 1.9943
9.2912 -0.54182 2.0157
9.3055 -0.5442 2.0181
9.315 -0.6656 1.9753
9.3221 -0.66322 1.9491
9.3364 -0.59181 1.9586
9.3269 -0.59657 1.9467
9.2912 -0.59181 1.9491
9.3197 -0.55849 2.0014
9.3674 -0.5442 2.0276
9.3316 -0.52516 1.9538
9.2936 -0.51802 2.0752
9.265 -0.57515 2.0205
9.2721 -0.63704 1.98
9.315 -0.69893 1.9086
9.3388 -0.6656 1.98
9.3031 -0.68465 1.9419
9.2912 -0.66084 1.9729
9.3221 -0.60371 1.9991
9.3245 -0.60609 2.0491
9.3007 -0.54897 1.9824
9.2245 -0.51326 2.0205
9.3078 -0.53468 1.9086
9.3269 -0.53468 1.8896
9.3769 -0.52754 1.9372
9.3316 -0.55849 1.8896
9.3555 -0.59419 1.9277
9.3674 -0.54897 1.9681
9.3388 -0.57039 1.911
9.2888 -0.60609 1.9848
9.2864 -0.56801 1.961
9.2745 -0.53944 1.9848
9.2602 -0.50374 1.9967
9.2698 -0.50136 1.9753
9.2912 -0.59181 2.0134
9.3221 -0.63704 1.9729
9.3912 -0.71321 1.9753
9.3769 -0.65132 1.9634
9.3674 -0.60133 1.9657
9.3102 -0.53706 2.0181
9.3055 -0.57753 2.0586
9.2745 -0.57991 2.011
9.2698 -0.52516 1.9419
9.2436 -0.57039 1.8896
9.2007 -0.53706 1.9229
9.2198 -0.4847 1.9134
9.3007 -0.49422 1.911
9.2745 -0.46803 1.8991
9.3269 -0.43709 1.9491
9.3126 -0.44423 1.9729
9.3293 -0.37758 1.9824
9.3078 -0.34663 1.8991
9.2721 -0.37758 1.9443
9.2912 -0.34187 1.9586
9.2626 -0.32045 1.9943
9.2531 -0.29665 1.9324
9.2936 -0.37996 2.0062
9.3102 -0.40852 1.9634
9.215 -0.35139 1.9538
9.2317 -0.37996 1.93
9.2031 -0.45613 1.8872
9.1888 -0.54182 2.0848
9.1817 -0.59895 2.2633
9.2436 -0.62514 2.3418
9.1745 -0.46089 2.3609
9.1484 -0.34425 2.6299
9.1983 -0.17525 2.6394
9.1341 -0.43709 2.6132
9.1222 -0.59419 2.5132
9.0722 -0.74892 2.4037
9.0246 -0.70607 2.3371
8.9389 -0.61562 2.3704
8.8794 -0.52278 2.3775
8.877 -0.5085 2.4775
8.8794 -0.66322 2.487
8.9413 -0.91792 2.5204
9.0508 -1.1084 2.5846
9.1817 -1.1798 2.7632
9.2103 -1.0536 2.6227
9.1127 -1.0512 2.6275
8.9936 -1.025 2.6394
8.9127 -1.2012 2.6584
8.9675 -1.2821 2.518
9.0222 -1.3512 2.5442
9.0889 -1.3678 2.3157
9.2936 -1.4416 2.2942
9.3388 -1.4059 2.18
9.5744 -1.4892 2.2966
9.6554 -1.6344 2.3514
9.6149 -1.6511 2.3038
9.5459 -1.6154 2.368
9.4102 -1.5582 2.3537
9.3555 -1.5678 2.3038
9.2555 -1.4249 2.2109
9.2174 -1.2774 2.1205
9.2341 -0.97981 1.9205
9.1841 -0.95601 1.6373
9.0627 -1.1917 1.6515
8.9889 -1.6035 1.8301
8.9913 -2.1533 2.08
8.9722 -2.439 2.2181
8.9365 -2.6199 2.3585
9.0365 -2.339 2.3561
8.7961 -2.0105 1.8896
8.5271 -1.8177 1.93
8.5176 -1.8058 1.7729
8.5842 -2.2605 1.7706
8.4581 -2.7818 1.9634
8.4033 -3.3435 2.2228
8.3129 -3.7387 2.5632
8.3866 -3.9362 2.7465
8.4581 -3.8529 2.8179
8.3509 -3.6673 2.7417
8.201 -3.3507 2.8631
8.4009 -2.9555 2.6394
8.608 -2.7341 2.6061
8.7032 -2.6984 2.6037
8.8651 -2.6175 2.618
8.8294 -2.8436 2.5823
8.9579 -3.2126 2.4632
9.3745 -3.653 2.3157
9.2959 -3.8125 2.1609
9.3388 -3.5101 2.1966
9.5007 -3.0103 2.2704
9.4626 -2.8722 2.6941
9.2388 -2.6485 3.1393
8.9889 -2.5247 3.5701
8.8342 -2.8008 3.7177
8.7961 -3.184 3.5463
8.6866 -3.4316 3.2273
8.4866 -3.2602 3.0798
8.439 -3.0603 2.6965
8.4271 -3.0555 2.5942
8.4295 -3.0555 2.7251
8.4819 -3.0103 3.0512
8.4009 -3.0365 3.1607
8.4485 -3.1388 3.3059
8.5033 -3.1912 3.2773
8.4795 -3.2102 3.1821
8.4819 -3.065 3.2273
8.4438 -2.9508 3.344
8.439 -2.877 3.3249
8.3224 -2.8127 3.1726
8.4604 -2.746 3.0845
8.689 -2.6485 2.8346
8.8437 -2.6532 2.7822
8.9413 -2.727 2.6037
8.927 -3.0079 2.6346
9.0365 -3.0817 2.6656
8.9198 -3.2031 2.5537
8.9341 -3.3173 2.5013
8.8175 -3.5006 2.3633
8.6985 -3.3316 2.4537
8.6009 -2.7913 2.8441
8.8508 -2.4533 2.7989
8.9127 -2.5509 2.8536
8.9675 -2.8627 2.7727
9.1531 -2.8222 2.7846
9.2007 -2.8198 2.7894
9.0484 -3.0269 2.7156
9.0008 -2.9103 2.9655
9.0746 -2.4985 3.0655
9.0627 -2.3652 3.3749
8.9436 -2.0391 3.7177
8.8627 -1.5678 4.1081
8.9698 -1.3654 4.2247
9.2579 -1.5678 4.2557
9.0912 -1.9201 4.5746
9.1079 -2.0058 4.5008
9.1769 -2.3057 4.4009
9.0436 -2.4009 4.3747
9.0151 -2.2319 4.4532
8.977 -2.3176 4.1604
9.1484 -2.6294 3.7296
9.5816 -2.9174 3.8462
8.9936 -2.1367 3.7772
8.7842 -1.5868 4.1271
9.0365 -2.5842 4.0176
8.8746 -2.4913 3.9319
8.877 -2.3604 4.2509
8.7294 -2.0319 4.5104
8.7247 -1.7677 4.4628
8.7294 -1.7082 4.3318
8.9556 -1.5059 3.9748
9.3507 -1.3845 3.3178
9.2483 -1.7296 2.7465
8.7604 -2.1771 3.0631
9.2626 -1.8296 2.9036
10.153 -1.444 2.3799
10.424 -1.4202 2.8988
10.386 -1.5225 3.3892
10.838 -1.8748 3.4487
11.138 -2.2033 3.5701
11.16 -2.4271 3.3868
11.093 -2.4842 2.706
11.336 -2.6699 2.4275
11.698 -3.0126 2.3204
11.653 -3.6482 2.2728
11.429 -4.4242 2.0181
11.291 -5.1455 1.5801
11.243 -5.6715 0.96599
11.186 -5.8715 0.36851
11.036 -6.1666 0.17094
10.976 -6.6118 0.070969
10.793 -7.0926 -0.26942
10.591 -7.7948 -1.0859
10.286 -8.8041 -1.8309
10.303 -9.7443 -1.6619
9.6911 -9.98 -0.77168
9.1365 -10.07 -0.67409
8.4985 -9.3587 -0.50746
8.0058 -8.5875 0.29948
7.5154 -7.7805 1.1993
6.887 -7.1164 1.2564
6.0943 -7.2688 1.0731
5.4445 -7.7496 0.47087
4.9803 -8.5375 0.29234
4.4805 -9.035 -0.22658
3.9449 -9.4373 -0.77644
3.7092 -9.6467 -1.2478
3.4688 -9.6515 -1.7048
3.2879 -10.001 -1.8857
3.107 -10.175 -1.8357
2.9427 -10.206 -1.6215
2.6452 -9.304 -1.3239
2.6023 -8.9636 -1.1502
2.4762 -9.2088 -0.84309
2.3833 -9.3825 -0.47652
2.2786 -9.3754 -0.58125
2.1667 -9.4492 -0.75978
2.2429 -9.8229 -0.99782
2.469 -10.301 -1.3382
2.5047 -10.492 -1.3025
2.3833 -10.589 -1.0335
2.1739 -10.447 -0.71455
1.9906 -10.163 -0.28371
1.962 -9.8396 -0.038528
2.0358 -9.3897 0.1757
1.9549 -9.1992 0.2733
1.674 -9.5944 0.14714
1.6407 -9.8657 0.18999
1.7073 -10.042 0.55418
1.3598 -10.054 1.2588
1.1884 -9.5944 1.6254
0.92894 -9.0993 2.2323
0.679 -8.3613 2.6299
0.29814 -7.9138 2.7751
0.14342 -7.9662 2.7679
-0.22316 -8.1209 2.8251
-0.5945 -8.0805 3.2654
-0.62068 -7.6829 3.1678
-0.64211 -7.4497 3.3083
-0.93251 -7.2235 3.3559
-1.2562 -7.1545 3.482
-1.5157 -6.9998 3.9676
-1.8537 -6.4499 4.2676
-1.8204 -6.1143 4.6341
-2.0084 -5.9905 4.7865
-2.1251 -6.1405 4.6151
-2.2727 -6.4285 4.5699
-2.3488 -6.2785 4.696
-2.6107 -5.8286 4.9483
-2.9534 -5.6453 5.1102
-3.0153 -5.2716 5.0888
-3.1939 -4.7598 5.4697
-3.2058 -4.5242 6.06
-3.1225 -4.8884 6.0766
-3.1748 -5.3097 5.9719
-3.151 -5.7334 5.9195
-2.9296 -6.069 5.6458
-2.9058 -6.3714 5.3935
-2.6845 -6.2952 5.2626
-2.4393 -6.507 5.1935
-2.494 -6.5856 5.2364
-2.6821 -6.7713 5.6958
-2.5083 -7.0712 6.2647
-2.3274 -7.0688 6.586
-2.4583 -7.3354 6.7431
-2.4583 -7.4854 6.498
-2.6202 -7.6829 6.2766
-2.713 -7.7901 6.2599
-2.6749 -7.6258 6.0957
-2.8178 -7.4116 5.9005
-2.7535 -7.2092 5.9005
-2.5321 -7.3211 6.1028
-2.4988 -7.3735 6.2195
-2.4869 -7.3473 6.4051
-2.5083 -7.1212 6.4527
-2.4988 -7.0545 6.4194
-2.6583 -6.9474 6.2671
-2.8606 -6.6332 6.4289
-3.0011 -6.3761 6.4527
-3.0915 -6.1428 6.5908
-3.082 -6.1762 6.7455
-2.9701 -6.2071 6.7812
-2.8368 -6.2666 6.6717
-2.8035 -6.3666 6.5361
-2.8106 -6.6261 6.6313
-2.8368 -6.7117 6.7622
-2.8701 -6.5118 6.955
-2.9249 -6.369 7.0407
-2.9154 -6.3928 7.0169
-2.7797 -6.5285 7.0169
-2.8701 -6.6832 6.9383
-2.8654 -7.0521 6.7074
-2.9868 -7.1474 6.6122
-3.2248 -7.0593 6.7122
-3.3367 -6.9712 6.8622
-3.3557 -6.9926 7.0597
-3.3557 -6.9022 7.2454
-3.2938 -6.7379 7.3144
-3.1962 -6.8212 7.2359
-3.1296 -6.9831 7.1764
-3.1153 -6.8974 6.8455
-3.1082 -7.1045 6.6694
-3.101 -7.283 6.6313
-3.201 -7.3402 6.7098
-3.2224 -7.2473 6.8598
-3.3295 -7.1902 7.024
-3.3724 -7.0498 7.1526
-3.4486 -6.9593 7.1883
-3.351 -6.8808 7.155
-3.3438 -6.8165 7.0954
-3.3081 -6.9879 7.0526
-3.3224 -7.0783 6.7812
-3.2819 -7.0283 6.786
-3.2105 -6.8927 6.8312
-3.3034 -6.5951 6.4908
-3.201 -6.8212 6.5075
-3.1463 -6.7713 6.6432
-3.1177 -6.6618 6.6575
-3.0796 -6.8212 6.7098
-3.0558 -6.9522 6.8003
-2.5607 -6.9426 6.9145
-2.7725 -7.0902 6.6384
-2.713 -6.8831 6.4956
-2.8963 -7.1926 6.5337
-3.0249 -6.9688 6.6765
-3.013 -6.4594 6.8407
-3.0629 -6.6641 6.9264
