9.3721 -0.18001 1.9062
9.3388 -0.13478 1.9086
9.2793 -0.16335 1.8872
9.2888 -0.19191 1.8634
9.3578 -0.17525 1.8943
9.3031 -0.19429 1.9419
9.3364 -0.14906 1.8967
9.3388 -0.11812 1.9372
9.3816 -0.1205 1.9443
9.3888 -0.077652 1.961
9.3269 -0.12526 1.9657
9.3316 -0.099075 2.0134
9.3102 -0.099075 1.9705
9.3459 -0.070511 1.9443
9.3293 -0.089554 1.9824
9.3007 -0.24904 1.8586
9.3364 -0.32045 1.8515
9.3055 -0.31331 1.8277
9.3626 -0.31331 1.8182
9.2912 -0.26808 1.8943
9.2959 -0.25856 1.911
9.3031 -0.24904 1.9634
9.265 -0.23476 1.9991
9.2436 -0.27046 1.9419
9.2269 -0.2657 1.9253
9.2317 -0.26094 1.8705
9.246 -0.31807 1.9467
9.3055 -0.32045 1.8777
9.3316 -0.30141 1.8991
9.3555 -0.3871 1.8753
9.3364 -0.31331 1.9419
9.334 -0.25856 1.9729
9.3007 -0.26094 1.9396
9.3578 -0.24666 1.9848
9.3483 -0.18953 1.9443
9.334 -0.20857 1.9324
9.3078 -0.29665 1.8753
9.4483 -0.34663 1.9181
9.4388 -0.37044 1.9158
9.4221 -0.32045 1.9562
9.4816 -0.24428 1.9491
9.4816 -0.19191 2.0276
9.4983 -0.23714 1.9681
9.5483 -0.17049 1.9919
9.5292 -0.17287 1.9443
9.4364 -0.075272 1.842
9.4245 -0.099075 1.9443
9.4292 -0.18001 1.8348
9.4721 -0.19191 1.8586
9.4769 -0.10384 1.9634
9.4792 -0.075272 2.0372
9.4054 -0.015762 2.2419
9.3316 0.074692 2.3228
9.2079 0.20799 2.3728
9.1436 0.24132 2.4204
9.1079 0.30797 2.5275
9.1246 0.25084 2.3799
8.9913 0.34129 2.4252
8.9579 0.49126 2.5394
8.8651 0.41032 2.449
8.7151 0.041367 2.1205
8.5795 -0.13002 2.0776
8.5295 -0.28712 2.1062
8.4343 -0.52278 2.2561
8.3819 -0.81557 2.1752
8.3033 -1.1988 1.9419
8.2391 -1.8296 1.542
8.1629 -2.1319 1.2992
8.0153 -2.1938 0.84221
8.1129 -2.7484 0.84459
8.3009 -3.1436 0.95885
8.2034 -3.5816 0.98027
8.0867 -4.2052 0.99217
7.9463 -4.6503 1.0422
7.8225 -4.9479 1.1421
7.7987 -4.9765 1.0898
7.8844 -4.7575 0.76604
7.9225 -4.6908 0.68272
8.0653 -4.6194 0.46849
8.27 -4.7503 0.28282
8.3557 -5.205 0.37804
8.3819 -5.6001 0.58751
8.4319 -5.8381 0.64702
8.589 -5.7596 0.7708
8.7556 -5.6358 0.82555
8.6937 -5.5049 0.84221
8.5961 -5.2978 1.0207
8.6342 -4.9598 1.2302
8.7128 -4.6313 1.2707
8.7413 -4.7432 1.4849
8.7437 -4.6313 1.3492
8.8532 -4.567 1.4278
8.9317 -4.479 1.3897
8.8032 -4.5075 1.235
9.065 -4.2861 0.98265
9.2317 -4.3219 1.0231
9.0341 -4.5194 1.0517
8.8223 -4.8241 1.204
8.946 -4.8194 1.5159
8.8056 -4.5647 2.099
8.8223 -4.0362 2.4751
8.9056 -3.6339 2.2466
8.8365 -3.7839 2.2895
8.8032 -3.4911 2.0538
8.896 -3.4054 2.3537
8.9103 -3.5482 2.5846
8.877 -3.8839 2.4847
8.808 -4.429 2.1276
8.8246 -4.5337 2.1443
8.8556 -3.9862 2.4775
8.8008 -3.3673 2.8679
8.7746 -3.2078 3.1821
8.7104 -3.2769 3.2083
8.8818 -3.165 2.9203
8.7746 -3.2793 2.6346
8.7366 -3.434 2.6227
8.7723 -3.0484 2.3918
8.9651 -2.8817 2.3395
8.9032 -3.1507 1.98
9.0389 -3.2055 2.0086
9.0484 -2.827 2.0871
9.2626 -2.6461 1.9919
9.5126 -2.7318 2.399
9.1436 -2.8222 2.6108
9.046 -2.7675 2.9917
9.0055 -2.5199 3.1226
8.8199 -2.6461 3.1059
9.0174 -2.9222 2.9369
9.3578 -3.1102 2.8108
9.3578 -2.9579 2.9941
9.1888 -2.7865 3.5058
9.0698 -2.6413 3.5296
8.9841 -2.5913 3.4559
8.9413 -2.8103 3.3178
9.0222 -2.7675 3.1988
9.3602 -2.7913 2.7965
9.2888 -2.8436 2.6061
9.2317 -2.6651 2.3561
9.0317 -3.2412 2.1633
8.8056 -3.6387 2.18
8.7746 -3.4221 2.3061
8.7294 -2.9555 2.5632
8.6794 -2.7484 2.6299
8.6009 -2.6746 2.7156
8.7175 -2.8436 2.7298
8.4723 -2.7675 2.9155
8.5152 -2.6294 3.1321
8.4343 -3.0912 3.1559
8.4128 -2.9579 3.363
8.4557 -2.8746 3.6011
8.5676 -2.9865 3.5915
8.5128 -3.0888 3.6487
8.6033 -3.0579 3.5963
8.5152 -3.0246 3.5368
8.5247 -3.0793 3.3725
8.5747 -3.1698 3.3273
8.7699 -3.4102 3.2345
8.6675 -3.7339 3.2488
8.7366 -3.5839 3.2511
8.7842 -3.434 3.3654
8.8508 -3.2126 3.3345
8.8603 -2.9936 3.2964
8.7675 -2.9103 3.3059
8.7627 -3.0055 3.2035
8.7818 -3.0436 3.1393
8.7746 -3.2126 3.0583
8.7699 -3.0603 3.0631
9.0555 -2.8555 2.8251
9.0674 -2.5009 2.8512
9.0341 -2.4461 2.7894
9.2341 -2.4342 2.6799
9.5602 -2.5723 2.7679
9.6839 -2.5747 2.6965
9.8672 -2.8508 2.5204
10.017 -3.353 2.5037
10.098 -3.722 2.2181
10.186 -4.2362 2.2181
10.231 -4.4218 2.1443
10.117 -4.2314 2.3014
10.098 -3.8196 2.537
10.012 -3.6339 2.6799
9.9434 -3.841 2.8274
9.8768 -3.9767 2.668
9.7673 -3.9243 2.5013
9.7458 -3.9553 2.1538
9.7673 -4.0267 1.7706
9.9982 -4.2481 1.6801
10.058 -4.498 1.5111
9.9601 -4.9027 1.3992
9.972 -5.1264 1.4944
9.8934 -5.1431 1.3445
9.7958 -4.9669 1.4278
9.5292 -4.6718 1.5444
9.284 -4.5551 1.8182
9.0412 -4.4147 1.8443
8.946 -4.4956 2.0491
8.7151 -4.4099 2.1419
8.6628 -4.6503 2.2871
8.6104 -4.9431 1.9062
8.32 -5.4002 1.4944
8.0296 -5.643 1.404
7.9772 -5.7096 1.5349
8.0772 -5.6787 1.8301
7.9201 -5.5477 1.9086
7.7677 -5.6073 1.98
7.6392 -5.6525 1.8182
7.6416 -5.9762 1.7491
7.6321 -6.3166 1.6301
7.5749 -6.7427 1.5992
7.4559 -6.5356 1.7158
7.344 -6.4999 1.4778
7.156 -6.7808 1.0469
6.9727 -7.4116 0.7946
6.9251 -7.7663 0.86839
6.8965 -7.9495 1.0041
6.6275 -8.0805 1.2826
6.4752 -8.1995 1.3968
6.3205 -8.2019 1.4278
6.1086 -8.2233 1.4825
5.9349 -8.2209 1.3326
5.8301 -8.2447 1.2564
5.7016 -8.3114 0.98265
5.3898 -8.4708 0.88982
5.1922 -8.6779 0.85649
5.0898 -9.0326 1.085
5.0732 -9.2492 1.1826
4.7851 -9.2207 1.0921
4.5828 -9.4111 1.116
4.6661 -9.4801 1.4087
4.6542 -9.035 1.5397
4.3091 -8.9303 1.5016
3.8782 -8.9017 1.4682
3.7164 -9.1969 1.3445
3.6045 -9.4206 1.304
3.5926 -9.7896 1.3468
3.6045 -10.32 1.3373
3.5521 -10.796 1.5063
3.564 -10.946 1.711
3.4521 -10.492 2.099
3.1879 -9.9681 2.2204
2.9761 -10.02 2.1705
2.7356 -10.089 2.1586
2.7785 -10.004 2.318
2.7142 -10.023 2.1038
2.3405 -10.089 2.1276
2.2001 -9.9514 2.1847
2.1977 -9.8372 2.4228
2.0525 -9.8491 2.8346
2.1263 -9.7872 3.2273
1.6526 -10.244 2.8512
1.3241 -10.442 3.0131
1.3122 -9.98 3.3606
1.117 -9.6729 3.6606
0.83849 -9.3111 3.97
0.56474 -8.766 4.2795
0.40526 -8.3018 4.4651
0.21959 -8.2257 4.5389
-0.011307 -8.4328 4.3842
-0.13509 -8.716 4.0462
-0.31599 -8.7255 4.0581
-0.5088 -8.4113 4.0867
-0.59212 -8.0519 4.2771
-0.73494 -7.8519 4.3509
-0.82063 -8.14 4.5842
-0.82539 -8.4209 4.9555
-0.7159 -8.7351 5.1745
-0.52309 -8.8422 5.2626
-0.53737 -8.5756 5.2816
-0.6064 -7.4163 5.1888
-0.56831 -6.3547 4.9174
-0.38503 -6.2523 4.8008
-0.44691 -6.9379 4.5699
-0.58498 -7.7877 4.5675
-0.74922 -8.0471 4.7508
-0.83253 -7.8139 5.2364
-0.82777 -7.3973 5.6744
-0.80873 -7.4021 5.9195
-1.042 -7.2426 5.8743
-1.361 -7.2473 5.7267
-1.4919 -6.8403 5.5863
-1.5109 -6.4356 5.5077
-1.499 -6.1357 5.4339
-1.3205 -6.2738 5.472
-1.2539 -6.4975 5.553
-1.38 -6.6594 5.641
-1.4157 -6.8498 5.9172
-1.2539 -6.8141 5.9576
-1.1063 -6.7379 5.7124
-1.3634 -6.9688 5.4958
-1.499 -7.1878 5.4816
-1.5133 -7.0236 5.5339
-1.668 -6.9855 5.4697
-1.7561 -7.2688 5.6625
-1.7133 -7.3687 5.9314
-1.8132 -7.1759 6.1076
-2.0727 -7.1854 6.2242
-2.1489 -6.9022 6.129
-2.037 -6.4928 5.7434
-2.1703 -6.9664 5.522
-2.2679 -7.3949 5.3887
-2.3274 -7.5972 5.3792
-2.444 -7.5853 5.5553
-2.6083 -7.6687 5.7886
-2.6107 -7.6496 5.9267
-2.7035 -7.5401 5.9386
-2.8273 -7.5925 5.9243
-2.7106 -7.4401 5.9981
-2.6464 -7.2021 6.0671
-2.7416 -7.1997 5.979
-2.7916 -7.4949 5.8553
-2.6964 -7.5092 5.8457
-2.6464 -7.4044 5.96
-2.4845 -7.3783 5.8577
-2.2512 -7.8258 5.8719
-2.0798 -8.0495 6.0148
-2.0989 -8.0448 6.2695
-2.0918 -7.7758 6.467
-2.037 -7.5401 6.7527
-2.0703 -7.2807 6.8265
-2.1465 -7.2069 6.6955
-2.3607 -7.4711 6.4932
-2.4155 -7.3925 6.2742
-2.425 -7.4949 6.1957
-2.5012 -7.6449 6.0267
-2.5654 -7.7639 6.1671
-2.4893 -7.5853 6.3171
-2.5083 -7.4021 6.2147
-2.5345 -7.3473 6.3123
-2.6773 -7.314 6.3647
-2.7202 -7.1902 6.3528
-2.7297 -7.4282 6.1481
-2.5916 -7.9067 6.0981
-2.4774 -8.0209 6.2076
-2.5512 -7.8091 6.2385
-2.6726 -7.7496 6.1766
-2.7297 -7.8591 6.1171
-2.7868 -7.6544 6.2052
-2.7368 -7.3544 6.279
-2.6226 -7.4282 6.2147
-2.4988 -7.5044 6.2671
-2.5297 -7.4735 6.1647
-2.6178 -7.5996 6.1385
-2.6821 -7.6591 6.0076
-2.8678 -7.6734 6.01
-2.9796 -7.6568 6.1719
-2.8654 -7.6806 6.2861
-2.7178 -7.5449 6.5313
-2.663 -7.5211 6.3099
-2.6488 -8.0043 6.0909
-2.4012 -8.2304 5.9838
-2.3345 -7.8115 5.8434
