9.3816 0.28416 2.0776
9.3697 0.33891 2.1181
9.3174 0.33177 2.1181
9.2888 0.35081 2.1014
9.3269 0.37462 2.0514
9.3102 0.42699 2.08
9.2507 0.34843 2.0134
9.2602 0.32939 1.9586
9.3031 0.28178 1.9943
9.3007 0.24608 2.0871
9.3031 0.22704 2.0134
9.3245 0.29845 2.0967
9.2602 0.37224 2.1705
9.2912 0.3889 2.0586
9.2674 0.3651 2.0657
9.246 0.43413 2.0586
9.2626 0.3889 2.03
9.2864 0.38176 1.9562
9.3412 0.28654 1.8753
9.3745 0.28416 1.8824
9.384 0.24132 1.9253
9.3674 0.32225 1.9657
9.4031 0.32701 2.0324
9.2817 0.36272 1.9515
9.3102 0.42937 1.9824
9.2198 0.4127 1.8658
9.2436 0.41747 1.9086
9.3174 0.42699 1.8801
9.2936 0.38414 1.9753
9.3102 0.33415 1.9919
9.3721 0.35796 2.0419
9.4007 0.37938 2.0253
9.3483 0.39366 1.9324
9.3221 0.43651 1.9848
9.2531 0.41985 1.93
9.2293 0.37938 1.9134
9.1864 0.36748 1.8586
9.2293 0.377 1.8467
9.2626 0.33415 1.911
9.284 0.377 1.961
9.3412 0.35796 2.1038
9.334 0.39128 2.0657
9.3816 0.41032 2.1157
9.3531 0.41747 2.0943
9.2936 0.45079 1.9991
9.3102 0.40556 2.0014
9.3078 0.38652 1.9848
9.3459 0.36034 1.93
9.2936 0.3532 1.8848
9.2864 0.34129 1.9562
9.2626 0.38414 2.0348
9.1793 0.43651 1.9872
9.1912 0.47221 2.1157
9.196 0.51506 2.1086
9.2126 0.55077 2.1419
9.2174 0.56029 2.1419
9.2579 0.56029 2.1133
9.2293 0.50316 2.0848
9.2317 0.47459 1.9919
9.1936 0.35081 2.0372
9.2293 0.29845 2.0086
9.2103 0.28893 2.0657
9.1579 0.29369 2.2085
9.1412 0.28654 2.1966
9.1079 0.23894 2.2085
9.1864 0.19133 2.2538
9.1936 0.27464 2.2204
9.3078 0.1223 2.3704
9.4697 -0.15382 2.3371
9.4769 -0.23714 2.3418
9.4792 -0.020523 2.5608
9.4673 0.18419 2.6775
9.503 0.21989 2.6418
9.4626 0.18181 2.7108
9.3626 0.046127 2.5061
9.3959 -0.42043 2.4371
9.4935 -0.71083 2.3061
9.503 -0.70607 2.5204
9.4745 -0.37758 3.0298
9.3078 0.053268 3.6058
9.1603 0.53172 3.9986
9.1936 0.67455 3.8034
9.1603 0.42461 3.3987
8.9794 0.44841 2.8893
8.9175 0.22227 2.5418
8.9198 -0.056229 2.7775
8.6747 0.18657 3.1631
8.5152 0.34605 3.6272
8.2676 0.41508 4.239
7.9963 0.3889 4.5723
7.9058 0.27226 4.5794
7.8749 0.072311 4.408
7.6225 -0.18953 3.8201
7.3988 -1.0393 3.513
7.5178 -1.344 3.4368
7.5749 -1.4345 3.3202
7.475 -1.5773 3.3868
7.6106 -1.7439 3.3226
7.7344 -1.7487 3.1607
7.8487 -1.632 3.2845
7.9201 -1.5011 3.1464
7.8177 -1.6987 3.2345
7.9344 -2.0676 3.2321
8.339 -2.7294 3.1226
8.6199 -3.0626 2.8179
8.6366 -3.2578 2.7822
8.7009 -3.3435 2.8013
8.8627 -3.4506 2.9179
8.8984 -3.3364 2.837
8.7461 -3.1745 3.1202
8.7104 -2.7175 2.9869
8.7746 -2.6127 2.8917
8.6842 -2.8413 2.6418
8.8151 -3.1055 2.7203
9.0365 -3.146 2.6394
9.046 -3.3745 2.5751
9.1603 -3.4506 2.4561
9.1888 -3.3507 2.3752
9.284 -3.0769 2.5108
9.4031 -2.7818 2.5251
9.2888 -2.9317 2.6037
9.315 -3.0103 2.6037
9.365 -2.8294 2.687
9.4411 -2.8865 2.7727
9.4245 -2.8175 2.668
9.4173 -2.3295 2.6799
9.165 -1.7201 2.6203
9.0174 -1.3154 2.6727
9.0508 -0.95125 2.6489
9.2388 -0.89174 2.6299
9.2293 -1.0417 2.8536
9.2198 -1.294 3.1178
9.2721 -1.5749 3.1416
9.4102 -1.632 3.0655
9.4888 -1.3845 3.3892
9.4411 -1.1464 3.3559
9.4673 -1.0203 2.8893
9.8482 -1.0845 3.4249
9.5816 -1.1084 3.4892
9.3102 -1.6606 3.5844
9.4792 -1.8796 3.6082
9.4626 -2.0986 3.563
9.3531 -2.4057 3.5487
9.2436 -2.2319 3.6534
9.1507 -1.7344 3.9462
9.2602 -1.4892 4.039
9.146 -1.5892 3.8129
9.2317 -1.2631 3.651
8.9889 -1.0607 3.6439
8.8199 -1.5487 3.7843
8.9484 -1.5606 3.8629
9.0008 -1.4583 3.8843
8.9675 -1.3702 3.8986
8.896 -1.5654 3.951
8.877 -1.6725 3.7748
8.8151 -1.8605 3.8034
8.8675 -2.0177 3.8891
8.9817 -1.7415 4.039
9.0936 -1.4749 4.2509
9.0984 -1.244 4.0771
9.0531 -1.4059 3.9176
8.9151 -1.5202 3.6082
8.9413 -1.344 3.5296
8.9794 -1.0322 3.263
8.9722 -1.175 3.2369
9.0531 -1.3059 3.1131
9.2388 -1.5749 3.0893
9.5102 -1.7534 3.2107
9.5292 -2.0534 3.1916
9.7792 -2.2605 3.1583
10.174 -2.5294 3.1678
10.443 -2.5318 3.075
10.303 -2.5651 3.3249
10.172 -2.7794 3.394
10.208 -2.9174 3.2583
10.222 -2.7318 3.3035
10.274 -2.289 3.582
10.141 -2.0891 3.6201
10.196 -2.1105 3.8986
10.186 -2.0081 4.0629
10.127 -1.5701 3.9462
10.062 -1.7558 3.7891
9.8982 -2.2843 3.6225
9.8839 -2.4461 3.7153
9.8577 -2.4366 3.6344
9.7316 -2.4866 3.5296
9.5649 -2.4747 3.5915
9.4292 -2.5033 3.8296
9.3174 -2.658 3.8534
9.1055 -2.7841 3.8891
8.9579 -2.677 3.8938
9.0079 -2.5366 3.7129
9.0579 -2.5937 3.3321
8.8889 -2.8246 3.0536
8.6128 -3.2412 2.9227
8.5985 -3.7506 2.9441
8.589 -4.0719 3.1369
8.5128 -4.3695 3.025
8.2795 -4.6004 3.2297
8.1105 -4.6313 3.3535
7.901 -4.7456 3.2868
7.5559 -4.7622 3.2511
7.3536 -4.7884 3.175
7.3202 -4.8931 3.2464
7.4512 -4.9003 3.0179
7.3988 -4.7575 2.8917
7.1798 -4.9527 2.9155
7.1274 -5.3811 2.9131
7.2179 -5.7977 2.8965
7.2084 -6.1143 2.7465
7.1798 -6.2666 2.7203
7.1227 -6.1452 2.5632
7.0727 -6.2095 2.6584
7.0465 -6.2714 2.7846
6.9679 -6.5404 3.0274
6.918 -6.6594 3.0417
6.9608 -6.9926 3.2345
6.9275 -7.2711 3.313
6.8989 -7.5116 3.5035
6.6775 -7.6472 3.4868
6.5466 -7.7877 3.4963
6.4371 -7.9733 3.3987
6.3324 -8.0519 3.4202
6.0824 -8.1233 3.413
6.0325 -8.478 3.5368
6.0134 -8.6541 3.5487
5.9634 -8.8469 3.3345
5.9706 -8.9636 3.344
5.8682 -8.8041 3.4082
5.7563 -8.9136 3.5463
5.573 -8.8922 3.6606
5.3755 -8.9207 3.7534
5.2136 -8.797 4.0676
5.0327 -8.766 4.1533
4.9541 -8.8303 4.5556
4.7828 -8.8089 4.4818
4.5066 -9.2421 4.3128
4.3376 -9.4611 3.9914
4.3162 -9.8443 3.9224
4.2424 -10.068 3.97
4.3281 -10.016 4.1557
4.19 -9.9419 4.239
3.7092 -9.7919 4.4294
3.3426 -9.2706 4.527
3.1593 -8.8493 4.3961
3.1165 -9.1897 4.5437
2.819 -9.3778 4.22
2.7166 -9.5182 4.2271
2.5357 -9.5849 4.3723
2.3215 -9.2088 4.5651
2.2762 -9.0493 4.7698
2.0096 -8.9564 4.8817
1.7716 -8.816 5.1055
1.4407 -8.5922 5.2507
1.1479 -8.3447 5.3268
0.78136 -8.2161 5.3054
0.70042 -8.0257 5.2554
0.6433 -8.0519 4.9126
0.45525 -8.2114 4.7365
0.43382 -8.3018 4.6889
0.50285 -7.4973 4.8389
-0.58974 -7.1807 5.2126
-0.80159 -6.726 5.4363
-0.79921 -6.1119 5.7363
-1.3134 -5.6263 6.1552
-1.5943 -5.1597 6.5146
-1.2872 -4.8717 6.5694
-1.242 -5.1026 6.3504
-1.1229 -5.6001 6.2647
-0.78731 -5.9905 5.9886
-0.63258 -6.5951 5.7482
-0.48976 -6.9474 5.6839
-0.38979 -7.1831 5.5744
-0.41835 -7.0736 5.5077
-0.41597 -6.7355 5.741
-0.41359 -6.5404 5.7743
-0.63734 -6.5523 6.0052
-0.83968 -6.488 6.0862
-0.98012 -6.3928 6.1385
-1.1277 -6.2142 6.1266
-1.0515 -6.3833 6.2742
-0.873 -6.5594 6.2123
-0.88252 -6.5404 6.1052
-1.0015 -6.2738 6.0933
-1.2396 -6.2095 6.0267
-1.2562 -6.1095 5.9695
-1.3062 -5.9143 5.9076
-1.3515 -5.7334 6.3242
-1.1467 -5.5858 6.4932
-1.2015 -5.9715 6.6027
-1.4491 -6.2095 6.5718
-1.6966 -6.0333 6.6717
-1.9537 -5.831 6.7098
-2.0965 -5.9357 6.7193
-2.1203 -5.9238 6.7384
-2.1632 -5.6977 6.8146
-2.1227 -5.3906 6.9383
-2.0918 -5.3764 6.7789
-2.1346 -5.9191 6.8407
-2.0489 -6.0881 6.9764
-2.1251 -6.3714 6.9098
-2.1037 -6.638 6.8955
-2.1394 -6.7594 6.9336
-2.2251 -6.7236 6.8312
-2.3941 -6.6951 6.9193
-2.4345 -6.5784 6.9669
-2.406 -6.4261 7.0312
-2.4393 -6.4451 6.9764
-2.5559 -6.5142 6.9907
-2.5916 -6.826 6.9907
-2.5202 -7.0569 6.8812
-2.3774 -7.0736 7.0026
-2.4369 -7.0474 6.9859
-2.4464 -6.9641 7.0002
-2.4988 -7.0236 6.9717
-2.3869 -7.0759 7.0931
-2.4702 -7.0093 7.024
-2.5964 -7.0712 6.9407
-2.763 -7.2711 6.9383
-2.6845 -7.3187 6.8645
-2.4798 -7.164 6.9479
-2.5631 -7.0593 6.9978
-2.4464 -7.1116 7.2454
-2.2679 -7.0426 7.1716
-2.1917 -7.0164 6.974
-2.4012 -7.0878 7.1311
-2.4036 -7.1236 7.2597
-2.2108 -7.2497 7.2216
-2.2417 -7.2307 7.2049
-2.3917 -7.1878 7.1335
-2.3131 -7.114 7.2859
-2.037 -7.0997 7.443
-1.8442 -7.1188 7.3906
-1.9823 -7.064 7.2787
-2.0418 -7.0426 7.3216
-1.9704 -6.9165 7.3097
-2.1084 -6.9093 7.224
-2.3226 -6.9022 7.005
-2.406 -6.7284 7.055
-2.4607 -6.5689 7.1002
-2.7154 -6.6975 7.0098
-3.1891 -6.657 7.0145
-3.2415 -6.557 7.2906
-3.0368 -6.6522 7.3454
-2.7963 -6.8855 7.1669
-2.8773 -6.9141 7.0026
-2.9463 -6.7094 6.8669
-3.0558 -6.7355 6.7241
-2.8297 -6.8046 6.9288
-2.7654 -6.7784 6.905
-2.644 -6.6903 7.0716
