9.2174 -0.36092 2.4728
9.2341 -0.3633 2.4561
9.196 -0.20857 2.487
9.2293 -0.18715 2.5275
9.3864 -0.43947 2.5632
9.2959 -0.32759 2.4894
9.196 -0.36092 2.4466
9.2222 -0.38234 2.4299
9.2555 -0.38234 2.3871
9.246 -0.39186 2.3085
9.2055 -0.39662 2.3109
9.2293 -0.39186 2.2323
9.215 -0.37996 2.2514
9.2483 -0.399 2.2919
9.1936 -0.39662 2.3109
9.1912 -0.31331 2.3157
9.2245 -0.35616 2.368
9.2007 -0.35139 2.3418
9.2126 -0.32045 2.4109
9.2364 -0.38234 2.3871
9.2126 -0.36806 2.4537
9.2007 -0.43471 2.4513
9.2031 -0.43709 2.4394
9.2483 -0.47279 2.3871
9.2793 -0.48232 2.4656
9.3197 -0.48946 2.3823
9.3126 -0.49898 2.3728
9.3483 -0.5085 2.2942
9.2983 -0.46803 2.3038
9.2531 -0.39186 2.2609
9.246 -0.33711 2.23
9.2341 -0.30379 2.23
9.2531 -0.20381 2.2395
9.196 -0.18239 2.1657
9.196 -0.17287 2.1943
9.2198 -0.19429 2.23
9.215 -0.2776 2.2395
9.2174 -0.24428 2.3133
9.2007 -0.31807 2.3157
9.1817 -0.31807 2.3775
9.2364 -0.33949 2.4371
9.1936 -0.30379 2.4037
9.2269 -0.38472 2.3871
9.2959 -0.44899 2.4418
9.2412 -0.51564 2.4156
9.2269 -0.58705 2.4537
9.2126 -0.5085 2.5323
9.1864 -0.51564 2.4823
9.1864 -0.45851 2.4109
9.1936 -0.45851 2.4966
9.1769 -0.45613 2.3966
9.2174 -0.34425 2.3633
9.2222 -0.37996 2.3442
9.2531 -0.3633 2.3323
9.2103 -0.31093 2.3228
9.196 -0.28474 2.3442
9.2007 -0.32045 2.3299
9.2364 -0.22523 2.3109
9.3078 -0.22523 2.4014
9.3578 -0.16573 2.3133
9.315 -0.19191 2.23
9.4102 -0.24904 2.1419
9.4197 -0.2419 2.1205
9.3793 -0.28951 2.1895
9.2674 -0.42043 2.1371
9.3388 -0.47279 2.2157
9.3388 -0.52516 2.2942
9.2721 -0.73225 2.3466
9.3388 -0.72749 2.5251
9.3602 -0.66084 2.7489
9.3197 -0.46327 3.0369
9.2626 -0.27522 3.1226
9.2055 0.015182 3.3011
9.0793 0.15086 3.4939
9.027 0.4008 3.4868
8.9651 0.28178 3.4487
8.9175 0.35558 3.5677
8.9365 0.38652 3.7915
8.9889 0.39604 3.7486
8.9675 0.12468 3.8439
8.9889 0.053268 3.7272
8.8318 0.19847 3.7486
8.7318 0.31749 3.6915
8.6056 0.2675 3.6653
8.4128 0.11516 3.6677
8.3152 -0.17763 3.5035
8.2771 -0.58705 3.4701
8.339 -1.0774 3.0012
8.4223 -1.5749 2.8417
8.2748 -2.2152 2.5846
8.2581 -2.4556 2.3895
8.0915 -2.6485 1.9681
7.813 -3.0126 1.7682
7.713 -3.6268 1.5849
7.9106 -4.2671 1.6087
8.22 -4.9146 1.9181
8.5199 -4.786 2.349
8.3152 -4.1767 2.2871
7.9177 -3.7149 2.7679
7.8368 -3.165 2.8155
7.9391 -2.996 2.9322
8.1343 -2.9722 2.8703
8.4033 -3.315 2.7703
8.3581 -3.6911 2.5989
8.6866 -3.9672 2.7227
8.7913 -3.9696 2.9393
8.777 -3.7648 3.2464
8.8294 -3.3697 3.2607
8.5914 -3.2269 3.1655
8.6056 -3.284 3.175
8.7532 -3.3054 3.2821
8.8532 -3.2507 3.3011
8.9317 -3.2126 3.4916
8.9675 -3.0055 3.4749
8.9913 -2.9865 3.1678
9.0222 -2.8532 2.925
9.0579 -2.8936 2.8393
9.3245 -2.9674 3.0179
9.246 -2.9436 3.0012
9.1341 -2.7556 3.094
9.0912 -2.4699 3.244
9.046 -2.3866 3.3154
9.077 -2.2128 3.0417
8.9984 -2.2414 3.3392
8.9127 -2.1391 3.2797
8.9627 -1.882 3.2178
9.2817 -1.8177 2.6941
9.6292 -2.0081 3.0774
9.2245 -1.7844 3.1297
9.3102 -2.4318 2.9488
9.6102 -2.7603 2.9607
9.2793 -2.3961 3.2297
9.1198 -1.8367 3.5963
9.027 -1.3392 3.7129
9.0246 -1.2488 3.7439
8.927 -1.3273 3.7748
8.8651 -1.5225 3.7486
8.927 -1.6344 3.6534
9.1507 -1.6106 3.4154
9.5126 -1.6249 3.3059
9.4411 -1.7011 3.2845
9.2126 -1.9153 3.6201
9.0055 -1.9034 3.7962
8.8389 -1.7868 3.9534
8.7937 -1.6582 3.9986
8.7366 -1.6201 4.001
8.6842 -1.6844 3.92
8.6294 -1.8034 3.97
8.7508 -1.763 3.7772
8.8199 -2.1867 3.5463
8.777 -2.3914 3.5296
8.7675 -2.0248 3.5796
8.8032 -1.7891 3.7082
8.9532 -1.7487 3.6772
9.096 -1.7701 3.5392
9.1745 -1.7415 3.5511
9.2269 -1.9105 3.4749
9.284 -1.9129 3.4106
9.4554 -1.8534 3.2559
9.6816 -2.0391 3.0893
9.8577 -2.2009 2.8846
9.853 -2.3676 2.7679
9.8244 -2.7032 2.856
9.7054 -2.5699 2.8251
9.9553 -2.2724 2.5608
10.136 -2.0938 2.568
10.184 -1.9201 2.7037
10.179 -2.0081 2.6346
10.148 -2.5842 2.6656
10.093 -3.0079 2.7322
10.01 -3.1412 2.8608
9.8291 -2.9627 2.9941
9.8649 -2.8389 3.0869
9.7577 -2.6723 3.1464
9.5483 -2.6413 3.2012
9.3697 -2.8198 3.2868
9.4483 -2.9912 3.244
9.4578 -3.0484 3.1631
9.3888 -3.096 3.1202
9.2602 -3.1983 3.1488
9.1983 -3.3221 3.2012
9.1365 -3.4007 3.1107
9.0508 -3.4435 2.9155
9.0365 -3.4982 2.7775
8.858 -3.5887 2.4585
8.877 -3.8291 2.1609
8.7485 -3.9481 2.2919
8.4914 -4.2266 2.8727
8.2557 -4.4575 3.3011
8.001 -4.5408 3.2868
7.9034 -4.7408 3.2345
7.8796 -4.6718 3.1797
7.832 -4.7075 2.9822
7.7558 -4.8908 2.518
7.6797 -5.1645 2.1895
7.613 -5.5692 2.0395
7.4297 -5.8239 2.0134
7.3583 -5.862 1.98
7.3583 -6.1071 2.3895
7.2298 -6.3809 2.5799
7.1131 -6.5237 2.7394
7.1631 -6.5713 2.8036
7.1631 -6.6046 2.7489
7.1679 -6.6022 2.6465
7.1465 -6.6903 2.5156
7.1869 -7.0926 2.4942
7.2417 -7.5901 2.5561
7.3559 -8.0495 2.5632
7.3607 -8.1781 2.6894
7.306 -7.8876 3.0774
7.2036 -7.7686 3.3321
6.9537 -7.9353 3.3226
6.7728 -8.0495 3.463
6.5585 -8.1423 3.5201
6.4347 -8.2661 3.4749
6.2729 -8.6327 3.3987
6.1753 -8.9731 3.3487
6.1562 -9.2135 3.1988
6.1491 -9.4135 3.2154
6.0824 -9.3468 2.975
5.9658 -9.4777 2.8988
5.7278 -9.5682 2.8441
5.4374 -9.642 2.7703
5.235 -9.7681 3.006
5.0874 -9.7681 3.0845
4.9351 -9.8181 3.2559
4.9375 -10.078 3.3107
5.0018 -10.109 3.1274
4.8661 -9.9443 2.9322
4.6733 -10.051 2.8084
4.3971 -10.142 2.6394
4.1686 -10.04 2.8584
3.9782 -9.9633 3.1059
3.8639 -9.8753 3.4225
3.8639 -9.8443 3.4559
3.852 -9.7134 3.5439
3.7925 -9.4635 3.5082
3.7711 -9.2088 3.3773
3.6021 -9.0278 3.3868
3.276 -9.1921 3.444
3.026 -9.3968 3.5535
2.838 -9.5301 3.5749
2.6904 -9.6206 3.532
2.6071 -9.4968 3.8843
2.4095 -8.9874 4.0152
2.1644 -8.6089 4.1295
1.9501 -8.2852 4.0771
1.6407 -8.3209 3.87
1.3788 -8.6708 3.6011
1.2884 -8.9564 3.6939
1.1194 -8.6803 3.7272
0.66472 -8.6113 4.1081
0.291 -8.3851 4.4223
0.086288 -7.94 4.7365
0.048203 -7.5949 4.8246
-0.085098 -7.3997 4.8389
-0.10176 -7.2235 4.4151
-0.41121 -7.0498 4.4937
-0.67543 -6.7713 4.7198
-0.64925 -6.2119 4.7984
-0.79683 -6.2833 5.2483
-0.873 -6.507 5.3673
-1.0206 -6.4809 5.4173
-1.1158 -6.2619 5.453
-1.28 -5.9857 5.6625
-1.3562 -5.643 5.9029
-1.4324 -5.3168 5.991
-1.3277 -5.0169 6.0981
-1.1824 -5.1883 6.0029
-1.1848 -5.8477 5.791
-1.3348 -6.2404 5.941
-1.5681 -6.1785 6.0481
-1.8299 -6.2023 6.0481
-2.0346 -6.0262 6.0124
-2.3084 -5.9262 6.179
-2.4964 -5.781 6.4551
-2.425 -5.4573 6.8574
-2.5678 -5.3335 6.8074
-2.663 -4.9312 7.0978
-2.8225 -4.7932 7.0145
-2.8273 -5.1621 6.9859
-2.6488 -5.3168 6.9026
-2.7011 -5.8429 7.0002
-2.6488 -6.0048 7.174
-2.813 -5.7382 7.3978
-2.9796 -5.3073 7.3478
-3.1843 -5.1074 7.2668
-3.1629 -5.0383 7.2406
-3.1105 -4.9336 7.3263
-2.9653 -4.9836 7.3073
-2.8082 -5.2526 7.2502
-2.7844 -5.4049 7.2264
-2.7106 -5.6977 7.1978
-2.6154 -5.8905 7.2645
-2.4274 -5.8691 7.3525
-2.5083 -5.8524 7.4692
-2.4583 -5.7667 7.5215
-2.4726 -5.7548 7.5715
-2.4893 -5.8524 7.5072
-2.5607 -5.8143 7.5406
-2.6178 -5.8001 7.5929
-2.4512 -5.7763 7.7643
-2.2965 -5.643 7.3787
-2.4036 -5.9215 7.0098
-2.5916 -6.1405 6.8526
-2.8368 -6.1571 6.8265
-2.9963 -6.0667 6.8931
-3.1463 -5.9667 6.9931
-3.2415 -5.9762 7.074
-3.1415 -6.0952 7.2716
-2.7892 -6.269 7.7191
-2.7797 -6.2738 7.3311
-2.8773 -6.0786 7.4501
-3.151 -6.1262 7.5049
-2.9772 -6.2833 7.4787
-2.7368 -6.2023 7.4834
-2.4988 -6.2928 7.6834
-2.2036 -6.4309 7.7405
-2.1727 -6.6713 7.5215
-2.3822 -6.6213 7.4311
-2.5393 -6.3356 7.4834
-2.8439 -6.2428 7.4834
-2.8678 -6.2452 7.5191
-2.7844 -5.9715 7.5739
-2.8844 -5.9572 7.4168
-2.9487 -6.05 7.7834
-3.1653 -5.9119 7.5263
-3.1748 -5.9834 7.4335
-3.4557 -5.9572 7.4501
-3.6223 -6.0928 7.3121
-3.6771 -6.0476 7.3335
-3.689 -5.9595 7.4811
-3.6295 -6.1405 7.4858
-3.5033 -6.2571 7.5311
-3.2796 -6.0905 7.6286
-3.0058 -6.0357 7.7762
-2.9273 -6.0238 7.9833
-2.8559 -6.2476 8.0095
-2.8749 -6.1595 7.9714
-2.9011 -6.0333 7.931
-2.9201 -5.9191 7.5191
-2.9487 -6.2642 7.5549
-2.8463 -6.5761 7.6215
-2.832 -6.3785 7.6405
-2.9439 -6.388 7.8691
-2.8511 -6.3975 7.8952
-2.7892 -6.1976 7.881
-3.0725 -5.95 7.8405
-3.2986 -5.9262 7.7405
-3.2034 -6.0928 7.7858
-3.151 -6.1643 7.581
