9.2269 -0.58467 2.0586
9.2174 -0.64418 2.0014
9.2483 -0.69179 1.8896
9.3055 -0.7632 1.9086
9.3436 -0.75606 1.9253
9.315 -0.72035 1.98
9.3531 -0.78462 2.0205
9.2912 -0.787 2.03
9.3935 -0.73701 2.061
9.3316 -0.59419 2.0443
9.2507 -0.6656 2.0395
9.1864 -0.70607 1.9753
9.246 -0.70607 1.9277
9.2531 -0.67989 1.8586
9.3269 -0.67751 1.9586
9.2959 -0.72987 1.861
9.2983 -0.77034 1.9776
9.3293 -0.72035 1.9824
9.3126 -0.71321 1.9824
9.3269 -0.77034 1.9538
9.3674 -0.67036 1.9824
9.384 -0.68941 2.0514
9.3721 -0.61324 2.0038
9.3769 -0.60371 1.9562
9.3745 -0.55611 1.961
9.5126 -0.51088 1.9086
9.5102 -0.47755 1.8967
9.4388 -0.40852 1.9062
9.4507 -0.45137 1.842
9.384 -0.47993 1.8586
9.284 -0.52278 1.93
9.2388 -0.54659 1.9205
9.2222 -0.58705 1.9753
9.2888 -0.59657 1.961
9.4126 -0.55373 2.0491
9.6078 -0.55611 2.1109
9.7601 -0.51088 1.9396
9.6459 -0.58467 2.0824
9.4197 -0.57277 2.0729
9.3031 -0.64894 1.9991
9.2174 -0.74892 1.9562
9.1127 -0.90364 1.9753
9.1079 -0.73225 1.9967
9.046 -0.78938 2.0776
8.9532 -0.7632 2.2252
8.996 -0.66322 2.3966
9.0674 -0.5204 2.3799
9.215 -0.5085 2.4823
9.2936 -0.43947 2.5132
9.2959 -0.58943 2.3871
9.3507 -0.95839 2.3252
9.3602 -1.0631 2.4585
9.3555 -1.1036 2.5751
9.3935 -1.4749 2.8132
9.6102 -1.6392 2.9393
9.7673 -1.6725 2.9607
9.8601 -1.7772 2.875
9.9244 -1.5297 2.7584
9.9601 -1.4487 2.4323
9.8458 -1.6082 2.2181
9.7292 -1.7796 2.2514
9.553 -1.6773 2.3537
9.3912 -1.6154 2.4894
9.165 -1.6059 2.4894
9.0174 -1.7225 2.5156
8.7556 -2.0772 2.787
8.3866 -2.3128 2.6799
8.1272 -2.5699 2.449
7.8558 -2.7722 2.18
7.7368 -2.7841 2.0752
7.5273 -2.8579 1.98
7.2441 -3.2055 2.2014
7.0489 -3.5578 2.2752
6.8489 -3.8981 2.3656
6.8132 -4.0838 2.2776
6.8013 -4.2838 2.0157
6.787 -4.3052 1.5658
6.7585 -4.31 1.404
6.7656 -4.298 1.1398
6.8822 -4.7265 1.3492
7.0989 -5.1431 1.2921
7.2536 -5.4954 1.3492
7.2679 -5.5787 1.4016
7.2464 -5.4835 1.6468
7.2464 -4.9979 1.5658
7.3417 -4.4361 1.4135
7.563 -4.0386 1.5206
7.9249 -4.0648 1.9419
8.2343 -4.1124 2.2514
8.5104 -4.3599 2.3537
8.6199 -4.6218 2.5013
8.7651 -4.5099 2.6656
8.8699 -4.1195 2.8155
8.8699 -3.6601 2.6656
9.1246 -3.2864 2.5775
9.6054 -2.8056 2.1205
9.5221 -3.2673 1.7848
9.5126 -4.1124 1.7991
9.672 -4.867 1.9967
9.6935 -4.9622 2.2133
9.7339 -4.6361 2.5704
9.722 -4.0029 2.4204
9.5983 -3.6292 2.4085
9.6268 -3.3173 2.3347
9.6816 -2.9531 2.3228
9.7601 -2.9484 1.9967
9.5292 -3.4292 1.404
9.6149 -3.6434 1.3683
9.4626 -3.2769 1.911
9.2079 -2.8984 2.368
8.9865 -2.6294 2.8155
8.9627 -2.5532 3.0131
8.7889 -2.6889 3.0488
8.8223 -3.0341 2.9964
8.9794 -3.134 3.0012
9.3793 -2.9603 2.618
9.3316 -2.996 2.4775
9.3293 -2.2724 2.3585
9.3126 -1.663 2.8251
9.3197 -2.1343 3.1559
8.977 -2.8865 3.5035
8.7818 -2.7484 3.8296
8.9651 -2.6984 4.0962
8.9675 -3.1245 3.9938
9.2198 -3.096 4.02
9.3769 -2.6651 3.9153
9.1269 -2.8936 3.9914
8.9698 -2.8698 3.9867
9.0246 -2.5271 3.901
9.0508 -2.5009 3.9034
8.8151 -2.3438 4.0533
8.6675 -2.1272 4.0795
8.8199 -2.2533 3.8581
8.8389 -2.7341 3.7034
8.8151 -2.9484 3.4511
8.9032 -3.215 3.2654
8.9889 -3.5363 3.1559
8.7627 -3.0579 3.4892
8.808 -2.4937 3.444
8.7151 -2.5699 3.1607
8.758 -2.6032 3.0583
8.4247 -2.4747 2.7346
8.2486 -2.4652 3.4487
8.4938 -2.3747 3.1916
8.6271 -2.7937 3.1297
8.6271 -2.577 3.225
8.5604 -2.3223 3.2131
8.5176 -2.5604 3.2654
8.6723 -2.9008 3.0964
8.8889 -3.0841 2.8917
9.1269 -3.0745 2.8179
9.2269 -3.1674 2.7894
9.0531 -3.2959 2.787
8.8937 -3.2435 2.8489
8.9032 -2.9341 2.737
8.8651 -2.6699 2.9988
8.8223 -2.4009 2.7441
9.0174 -2.1462 2.6203
9.0746 -1.7082 2.8869
9.1174 -1.3869 3.1155
9.3555 -1.6416 3.1083
9.6197 -2.2533 2.9274
10.02 -3.0412 2.568
10.331 -3.7863 2.03
10.553 -4.3195 1.4444
10.786 -4.5266 1.1778
10.962 -4.5908 1.1326
10.936 -4.4956 1.3849
10.843 -4.3338 1.5825
10.762 -4.1552 1.8777
10.796 -4.0719 2.0134
10.658 -3.991 2.1205
10.427 -3.7339 1.9491
10.322 -3.5459 1.8086
10.265 -3.1174 1.2207
10.291 -3.0722 0.89458
10.2 -3.3983 0.79936
10.008 -4.0005 0.82317
9.8149 -4.5051 0.88029
9.6935 -4.786 0.83269
9.5054 -5.005 0.98741
9.165 -4.9812 0.97551
8.9008 -5.0383 1.2754
8.7294 -4.8408 1.2778
8.589 -4.717 1.2683
8.4057 -4.5242 1.2421
8.2343 -4.3599 1.0945
8.0201 -4.2861 1.0945
7.7677 -4.4242 1.2064
7.6654 -4.6741 1.2826
7.4607 -5.0003 1.2088
7.2631 -5.2097 1.1969
7.1108 -5.4882 1.2112
6.9846 -5.7667 1.2469
6.818 -6.0476 1.1921
6.7537 -6.2404 1.0755
6.6466 -6.3523 1.0802
6.5419 -6.3571 0.93504
6.4324 -6.3428 0.91124
6.2467 -6.3737 1.035
6.0539 -6.3047 0.99455
5.8992 -6.4737 0.97313
5.8849 -6.7332 0.96123
5.892 -6.826 0.88982
5.773 -6.7951 0.87315
5.6087 -6.8093 0.69939
5.5445 -6.9117 0.72557
5.5302 -7.0331 0.79936
5.4754 -7.0878 0.78032
5.5064 -7.2307 0.84935
5.4255 -7.3021 0.8922
5.4659 -7.3663 0.95171
5.5326 -7.5639 0.94218
5.5849 -7.6377 0.77556
5.7111 -7.7734 0.6613
5.7659 -7.9662 0.50182
5.7944 -7.9924 0.37804
5.7968 -8.0614 0.28044
5.842 -8.1947 0.49229
5.9111 -8.1876 0.48991
5.9872 -8.2709 0.68272
6.0182 -8.2804 0.79698
5.992 -8.2495 0.94218
5.9301 -8.2709 0.80888
5.9587 -8.3732 0.74699
6.0087 -8.4232 0.57799
6.0396 -8.5542 0.44469
6.0444 -8.7565 0.26616
6.0206 -8.8184 0.13286
5.9325 -8.9255 0.17332
5.8349 -8.8446 0.36375
5.7397 -8.7303 0.6256
5.6183 -8.4994 0.85173
5.5445 -8.3804 1.0255
5.5088 -8.3304 1.0231
5.5659 -8.409 1.1302
5.504 -8.6637 0.8922
5.3945 -9.1683 0.56371
5.4088 -9.6087 0.48991
5.4136 -9.7896 0.38756
5.3707 -9.7753 0.48515
5.2684 -9.7967 0.48277
5.2779 -9.8705 0.51134
5.2088 -9.9062 0.52562
5.0994 -9.8015 0.60655
5.1446 -9.6944 0.79936
5.0946 -9.7039 0.72795
5.0375 -9.8086 0.67082
4.8851 -10.092 0.81841
4.7447 -10.251 0.91124
4.6138 -10.351 0.96599
4.4328 -10.456 1.1326
4.2757 -10.663 1.0065
4.3329 -10.658 0.95409
4.1996 -10.716 0.96599
4.102 -10.901 1.0255
3.9853 -11.134 1.1921
3.7187 -10.999 0.99455
3.7497 -10.461 1.1231
3.5069 -10.247 1.2826
3.2926 -10.606 1.3254
2.8332 -10.794 1.4801
2.3548 -10.83 1.7515
2.1001 -10.551 1.9039
1.8763 -10.356 2.1133
1.7145 -10.004 2.5394
1.793 -10.099 2.6727
1.5669 -10.363 2.7965
1.3288 -10.323 2.9774
1.2622 -9.9586 3.1274
1.1813 -9.8205 3.6296
0.88609 -9.8396 3.8653
1.0694 -9.6015 4.3818
0.68376 -9.5563 4.4413
0.26244 -9.4563 4.4413
0.18388 -9.3183 4.6627
-0.049393 -9.3659 4.5984
-0.43977 -9.2968 4.5413
-0.53023 -9.104 4.4223
-0.58974 -8.7208 4.1438
-0.62544 -8.4113 4.0176
-0.83968 -8.2661 3.8129
-1.0611 -7.8972 3.6415
-1.2515 -7.602 3.7225
-1.4562 -7.5282 3.6915
-1.7228 -7.6925 3.6606
-1.7276 -7.8638 3.6582
-1.4657 -8.3923 3.6296
-1.5205 -8.8469 3.4654
-1.58 -8.8826 3.2059
-1.6918 -8.5113 3.1559
-1.7799 -7.9019 3.0917
-1.6371 -7.2664 3.2273
-1.5395 -6.9165 3.4225
-1.3919 -6.8379 3.5249
-1.1134 -7.483 3.8772
-1.2943 -8.4351 4.2128
-1.5562 -8.9136 4.0819
-1.7347 -9.254 4.1604
-1.549 -9.4777 4.0343
-1.4705 -9.4444 4.1819
-1.7252 -8.9564 4.2842
-2.0513 -8.0376 4.0414
-1.9965 -7.3021 4.2247
-1.799 -7.2283 4.0676
-1.7157 -8.2471 3.9462
-1.8085 -8.7993 3.9629
-2.1251 -8.397 4.3461
-2.4488 -7.5163 4.6151
-2.6131 -7.3402 4.6746
-2.6488 -7.652 4.6318
-2.6702 -7.7615 4.8698
-2.9677 -7.3711 4.9698
-3.132 -7.4092 5.0888
-2.9177 -7.5544 4.8888
-3.013 -7.5711 4.6175
-2.7511 -7.4259 5.2245
-2.4321 -6.8212 5.0388
-2.5131 -7.1474 4.8579
-2.3893 -7.383 4.7603
-2.5845 -7.621 4.9245
-2.5964 -7.5377 5.0602
-2.6154 -7.3497 5.2626
-2.1608 -7.5044 5.7815
-1.7371 -7.6306 6.0386
-1.5728 -7.802 6.3909
-2.0537 -7.8329 6.348
-2.5535 -8.0567 5.8624
-2.4678 -7.6758 5.3792
-2.3893 -7.0593 5.3625
-2.5892 -6.9474 5.6886
-2.2679 -7.4068 5.7505
-2.2227 -7.7567 5.9124
-2.3345 -7.89 5.9124
-2.3893 -7.8067 6.1885
-2.4083 -7.5068 6.3456
-2.494 -7.4592 6.5813
-2.594 -7.2426 6.8241
-2.7154 -6.7308 6.9693
-2.7844 -6.5784 6.9122
-2.8297 -6.676 6.936
-2.6773 -6.6284 6.8598
-2.5297 -6.5356 6.7551
-2.4464 -6.5475 6.7193
-2.375 -6.7784 6.6265
-2.3488 -6.9141 6.7098
-2.3345 -6.9331 6.7336
-2.3345 -6.9498 6.7098
-2.3988 -6.9807 6.8503
-2.2846 -6.9736 7.0431
-2.2798 -6.9688 6.9098
