9.2531 0.57695 2.1919
9.1722 0.58409 2.2728
9.1603 0.55791 2.28
9.1936 0.51268 2.2371
9.2341 0.45793 2.18
9.2364 0.46983 2.1109
9.2412 0.47459 2.0871
9.246 0.4127 2.1705
9.2007 0.3889 2.2895
9.265 0.43889 2.3228
9.2341 0.40318 2.3276
9.1983 0.53886 2.299
9.1864 0.47221 2.2038
9.2436 0.44365 2.1943
9.2555 0.4865 2.1348
9.2341 0.51268 2.1395
9.2388 0.54839 2.1633
9.2698 0.52934 2.2157
9.3197 0.51982 2.18
9.2721 0.56029 2.1895
9.2745 0.59361 2.2085
9.2626 0.62456 2.1514
9.2483 0.62694 2.1514
9.2698 0.67216 2.0848
9.4054 0.63408 1.9657
9.196 0.68883 1.9753
9.2031 0.66978 1.9776
9.2412 0.6436 2.0372
9.2864 0.66264 2.0157
9.3197 0.61028 1.9824
9.2555 0.62218 2.0919
9.2555 0.61028 2.0633
9.2936 0.66264 2.2085
9.2769 0.61504 2.2157
9.2507 0.61742 2.1633
9.2602 0.54839 2.1728
9.2103 0.60313 2.13
9.2698 0.54601 2.149
9.1912 0.55077 2.1514
9.165 0.53172 2.149
9.2055 0.47697 2.1181
9.196 0.52934 2.1681
9.1864 0.56743 2.2014
9.2412 0.53172 2.1276
9.2293 0.51982 2.249
9.2245 0.4984 2.1752
9.2198 0.53648 2.2181
9.2174 0.53648 2.1966
9.1888 0.55077 2.1657
9.215 0.58647 2.2062
9.2555 0.60313 2.1538
9.246 0.58171 2.1847
9.2531 0.67216 2.1728
9.2341 0.70787 2.1609
9.2412 0.71025 2.1824
9.2269 0.72453 2.2204
9.1793 0.70311 2.1895
9.1603 0.74596 2.1943
9.1674 0.87926 2.2752
9.1079 0.97447 2.2014
9.1365 1.0197 2.1824
9.1269 1.0816 2.4442
8.9056 1.1578 2.5061
8.7175 1.172 2.537
8.5795 1.4148 2.5347
8.5842 1.4101 2.6703
8.5866 1.4648 2.9631
8.6675 1.3815 3.1297
8.6199 1.3244 3.1297
8.5009 1.4863 3.2273
8.4866 1.4648 3.2702
8.4819 1.3339 3.025
8.6199 1.5172 2.8703
8.7651 1.3815 3.1107
8.6699 0.94115 3.3868
8.6104 0.42699 3.3749
8.727 -0.38234 2.7227
9.3674 -1.6535 2.2895
9.7387 -2.1224 2.3656
9.4388 -2.2557 2.8013
9.0222 -2.0581 3.4321
8.7794 -1.9153 3.9415
8.5366 -1.5368 4.2128
8.2153 -1.1726 4.3985
8.0462 -0.99409 4.3985
8.151 -1.0012 4.0129
8.3652 -1.3892 3.7272
8.3628 -1.7868 3.5368
8.3486 -2.1462 3.5415
8.3533 -2.3819 3.6439
8.2224 -2.5104 3.8819
8.3081 -2.389 3.6629
8.0843 -2.3985 3.2345
8.001 -2.539 3.1083
8.1938 -2.458 2.8608
8.3176 -2.5866 2.6132
8.5152 -2.8484 2.7322
8.6413 -2.8246 3.0655
8.6937 -2.3819 3.3368
8.4628 -2.3652 3.3844
8.4152 -2.5985 3.0369
8.6461 -2.9246 2.9369
8.8199 -3.1507 2.6918
8.8365 -3.165 2.6584
8.8127 -3.1864 2.9393
8.927 -3.2816 2.8441
8.896 -3.4459 2.5775
8.9508 -3.7529 2.3871
9.1293 -3.9029 1.9991
9.1388 -3.8386 1.742
8.9222 -3.8386 2.0014
8.9127 -3.7053 2.3918
8.8556 -3.4959 3.0155
8.7104 -3.4459 3.4011
8.727 -3.3388 3.3678
8.5366 -3.4625 3.1416
8.6628 -3.5935 3.0226
8.8627 -3.5601 2.9369
8.8532 -3.3792 2.9917
8.7889 -3.1936 3.1345
8.8651 -2.8508 3.1274
9.1531 -2.4961 2.8965
8.927 -2.5056 3.2702
8.9556 -2.6056 3.5677
8.9675 -2.6437 3.6677
8.9675 -2.7032 3.7724
9.2912 -2.8056 3.3654
9.334 -3.2983 3.3892
9.0341 -3.315 3.3345
9.1507 -3.1864 3.4344
9.096 -2.6865 3.7129
8.9317 -2.2724 3.8986
8.9508 -2.1057 3.8558
8.996 -2.1605 4.1009
9.0032 -2.0343 4.2818
8.9746 -2.1819 4.3033
8.9175 -2.3961 4.2223
9.027 -2.3985 4.239
8.9722 -2.408 4.2509
8.8437 -2.2962 4.358
8.7389 -2.1248 4.508
8.6913 -2.0557 4.558
8.8175 -2.0248 4.427
8.808 -2.1486 4.3414
8.8675 -2.2509 4.2699
8.9079 -2.3176 3.8867
8.9389 -2.3985 3.782
9.0793 -2.2795 3.7082
9.0865 -2.2033 3.7058
8.8675 -2.1533 3.7082
8.9556 -2.02 3.5249
9.1722 -2.0105 3.4487
9.1293 -1.8534 3.4535
9.0174 -2.0653 3.5249
9.1698 -2.1152 3.4368
9.4316 -2.189 3.2607
9.5459 -2.3652 3.2821
9.5887 -2.508 3.3892
9.7744 -2.3699 3.0821
9.9863 -2.4961 2.7013
10.2 -2.8674 2.5704
10.274 -3.3316 2.5156
10.327 -3.8077 2.4299
10.248 -4.1243 2.468
10.077 -3.9838 2.5299
10.065 -3.7601 2.6251
9.9315 -3.6934 2.8084
9.7077 -3.3792 2.7536
9.5935 -3.0555 2.637
9.6221 -2.8222 2.4133
9.7934 -2.7889 2.4609
9.6221 -2.8817 2.4847
9.4673 -2.9984 2.3799
9.3983 -3.3911 2.5299
9.4197 -3.3626 2.1943
9.3555 -3.8505 2.0824
9.2769 -4.1052 1.9824
9.2507 -4.348 1.8491
9.2222 -4.3457 1.7682
9.0389 -4.3147 1.8824
8.9389 -4.3528 1.9729
8.7723 -4.4409 2.1133
8.7104 -4.4052 2.1276
8.6532 -4.3242 2.1205
8.6532 -4.4171 2.149
8.6294 -4.5004 2.1038
8.489 -4.5051 2.0324
8.3724 -4.6432 2.0205
8.22 -4.7789 1.9681
8.0629 -4.9003 1.861
7.9034 -5.1217 1.911
7.7558 -5.2312 1.98
7.6154 -5.1883 1.8848
7.5059 -5.3145 1.9538
7.3821 -5.4859 1.961
7.2893 -5.5025 1.8015
7.2179 -5.5239 1.8158
7.0751 -5.5239 1.8182
6.9727 -5.5406 1.861
6.7942 -5.6501 1.9039
6.6871 -5.7858 1.9705
6.6061 -5.9357 2.2085
6.5918 -5.9476 2.3633
6.5133 -6.0857 2.518
6.499 -6.2 2.487
6.5276 -6.4166 2.5918
6.53 -6.5903 2.6108
6.6037 -6.6737 2.4394
6.5776 -6.8427 2.2752
6.4966 -6.8189 2.0943
6.4633 -7.0855 2.1014
6.4657 -7.3473 2.0324
6.5585 -7.6948 2.1371
6.5799 -7.9995 2.3109
6.499 -8.0519 2.4823
6.4371 -8.0638 2.5775
6.4181 -8.0781 2.5061
6.311 -8.1709 2.4751
6.211 -8.2209 2.4085
6.0467 -8.3923 2.4632
5.8896 -8.5304 2.4585
5.8016 -8.7303 2.6418
5.7682 -8.8874 2.8512
5.7016 -8.985 2.9441
5.5135 -9.0897 3.0202
5.3398 -9.1469 2.9726
5.1541 -9.2088 2.8631
4.9803 -9.1683 2.7965
4.9803 -9.4658 2.8108
4.878 -9.7134 2.9155
4.8851 -9.911 3.0726
4.928 -9.9086 3.4392
4.8661 -9.7515 3.6296
4.7542 -9.7229 3.6677
4.6518 -10.087 3.6368
4.5328 -10.454 3.6487
4.1948 -10.363 3.7248
4.1401 -9.8157 3.8986
3.9615 -9.1135 4.3723
3.7497 -8.6565 4.9722
3.5878 -8.9517 5.3483
3.5331 -9.323 5.5339
3.4402 -9.4325 5.6244
3.3712 -9.2683 5.7291
3.4569 -9.1659 5.3959
3.1998 -9.3611 5.0126
2.8404 -9.6467 5.0221
2.7428 -9.5301 5.1126
2.6738 -9.1873 5.4292
2.5904 -9.104 5.6791
2.4762 -9.0707 5.5244
2.2715 -9.2516 5.5054
2.0739 -9.2635 5.2507
1.8644 -9.254 5.4863
1.6835 -8.9612 5.3173
1.2074 -8.6041 5.6863
1.0575 -8.2233 5.7339
1.1408 -8.1995 5.9433
0.98369 -8.2518 5.9671
0.6433 -8.1947 5.8767
0.53142 -8.1543 6.1576
0.41716 -7.4663 5.9267
-0.23744 -7.5901 5.7577
0.0077362 -7.2997 5.6506
0.091049 -6.8855 5.3982
-0.39455 -6.4118 5.2102
-0.65877 -6.0833 5.5934
-0.82777 -5.9238 5.7767
-0.68733 -5.6834 5.8029
-0.48738 -5.7406 5.9552
-0.21364 -6.0333 5.9957
-0.037491 -6.2 5.9314
-0.0041656 -6.0333 5.5125
-0.24696 -5.9191 5.2983
-0.56117 -5.8239 5.0936
-0.83253 -6.1357 5.0769
-0.69923 -6.2904 5.1911
-0.39931 -6.0857 5.2126
-0.17317 -6.2999 5.4292
-0.23744 -6.5523 5.7148
-0.41835 -6.4547 6.0362
-0.62782 -6.0476 6.3647
-0.83253 -5.9643 6.2909
-0.90157 -5.9619 6.1623
-1.0182 -6.0881 6.1338
-0.95631 -5.9691 6.1362
-0.92299 -6.069 6.2385
-1.0015 -6.2714 6.4623
-1.0539 -6.2452 6.4075
-1.2348 -6.4523 6.4194
-1.3729 -6.5189 6.3623
-1.411 -6.2714 6.1552
-1.4633 -6.1809 6.11
-1.5443 -6.3809 6.198
-1.6228 -6.4618 6.2385
-1.7085 -6.7141 6.3361
-1.8228 -6.8189 6.4837
-1.8537 -6.6594 6.4837
-1.9156 -6.5475 6.4837
-2.0251 -6.4951 6.448
-1.9989 -6.3356 6.5027
-1.9585 -6.4118 6.5432
-2.0918 -6.4999 6.5837
-2.0727 -6.507 6.7574
-1.9132 -6.5427 6.767
-1.8704 -6.3666 6.7717
-2.0322 -6.4999 6.7074
-1.9942 -6.5975 6.7479
-2.0656 -6.6689 6.7527
-2.1798 -6.8712 6.8717
-2.1703 -6.9093 7.0145
-2.0751 -6.7784 7.105
-2.1084 -6.9498 7.124
-2.0703 -7.1973 7.155
-2.0679 -7.1521 7.2549
-2.106 -7.0736 7.293
-2.0013 -7.1402 7.4549
-1.9846 -7.0855 7.4263
-2.1536 -6.9331 7.3882
-2.3226 -6.8331 7.3644
-2.4179 -6.9141 7.4406
-2.4202 -7.0331 7.3811
-2.4845 -7.0236 7.2502
-2.6202 -7.0355 7.2978
-2.6392 -7.1878 7.0431
-2.7106 -7.3045 7.005
-2.7606 -7.4092 6.9764
-2.5559 -7.3949 7.0931
-2.5464 -7.3164 7.105
-2.594 -7.2259 6.9502
-2.5821 -7.2235 7.0359
-2.3798 -7.3925 7.2549
-2.2822 -7.4711 7.2145
-2.3584 -7.4282 7.124
-2.3774 -7.1973 7.1645
-2.237 -6.9855 7.2049
-2.3226 -6.9379 7.1573
-2.5869 -6.8236 6.9026
-2.7345 -6.6975 6.9598
-2.9177 -6.6142 6.8669
-2.8654 -6.5784 6.8931
-2.8939 -6.5761 6.855
-2.8416 -6.6713 6.7408
-2.8797 -6.9403 6.6932
-2.9844 -6.9522 6.7884
-3.1415 -6.8355 6.8669
-3.1439 -6.7951 6.8407
-3.1701 -6.8784 6.8598
-3.0986 -6.9426 6.9717
-2.9725 -6.8998 6.9169
-2.8392 -7.0022 6.9693
