9.1864 0.44603 1.354
9.2531 0.35081 1.3111
9.3745 0.30559 1.4397
9.3555 0.32701 1.5682
9.3578 0.32939 1.6182
9.2912 0.46507 1.6254
9.3626 0.46031 1.5873
9.4126 0.50792 1.5301
9.3983 0.58171 1.5159
9.365 0.54124 1.4992
9.3388 0.50316 1.5349
9.3793 0.40794 1.5587
9.3388 0.27464 1.5539
9.3888 0.22942 1.6206
9.3674 0.29845 1.6158
9.3364 0.44841 1.5825
9.334 0.47221 1.5682
9.3197 0.48412 1.5706
9.3459 0.45555 1.5087
9.334 0.43889 1.473
9.3483 0.44841 1.5254
9.3436 0.37224 1.4587
9.3745 0.31035 1.4921
9.3769 0.27702 1.4825
9.4102 0.29131 1.5016
9.3769 0.31511 1.504
9.3436 0.45079 1.5825
9.365 0.48888 1.4801
9.3769 0.43413 1.4421
9.3912 0.49126 1.4921
9.384 0.41508 1.4944
9.3888 0.30559 1.5087
9.3745 0.2318 1.4778
9.4173 0.20323 1.4325
9.4459 0.2556 1.5444
9.4269 0.30083 1.5325
9.3436 0.39366 1.5825
9.3126 0.40794 1.5016
9.2888 0.47697 1.5349
9.2555 0.40318 1.454
9.2531 0.38414 1.3802
9.246 0.41508 1.3754
9.2626 0.34367 1.5968
9.4269 0.10326 1.7015
9.4792 0.15324 1.6825
9.4792 0.24846 1.8729
9.3983 0.39604 1.9586
9.534 0.45793 1.9562
9.4769 0.51268 1.7706
9.415 0.46983 1.5444
9.5983 0.28654 1.4635
9.7387 0.027084 1.6944
9.6911 -0.030045 2.1538
9.503 0.39366 2.6275
9.2864 1.0126 3.0655
9.0912 1.3934 3.2773
8.8532 1.1935 3.2178
8.896 0.85545 3.294
9.0508 0.40794 3.2607
9.1507 -0.21333 3.1297
9.1341 -0.64656 3.1464
9.0151 -0.78462 3.0893
8.8651 -0.94411 2.9774
8.7984 -1.2131 3.0821
8.6628 -1.6463 3.1416
8.6175 -1.5868 2.9917
8.6366 -1.2964 2.5727
8.3605 -1.6368 2.5418
8.1653 -2.0891 2.5846
8.1034 -2.6508 2.9584
8.0462 -2.8746 3.2321
7.9439 -2.9793 3.4225
7.9963 -3.0412 3.4059
7.9796 -2.9865 2.9869
8.001 -3.0484 2.6346
8.051 -2.9698 2.5418
7.9939 -2.8603 2.318
7.9034 -3.1483 2.418
7.9177 -3.3435 2.6489
7.8344 -3.5435 2.3847
7.8273 -3.872 2.2966
8.0272 -4.0743 2.2942
8.0534 -4.0291 1.7563
8.37 -4.2957 1.4492
8.6628 -4.5194 1.5516
8.9103 -4.548 1.0398
8.7865 -4.8289 1.285
8.6318 -4.7884 1.5968
8.7175 -4.5789 2.1038
8.7389 -4.1933 2.8679
8.8508 -3.5816 3.0583
8.896 -3.6934 2.9036
9.2269 -3.9196 2.3585
9.1412 -4.2885 1.8277
9.246 -4.6503 1.7539
9.2198 -4.7598 2.011
8.9984 -4.5813 2.4704
8.7366 -4.1767 2.9155
8.5461 -3.9243 3.1821
8.4866 -3.6363 3.4154
8.4771 -3.0983 3.4678
8.5247 -2.6532 3.1702
8.4295 -2.4342 2.9036
8.439 -2.1676 2.7703
8.389 -2.2509 2.6799
8.3486 -2.8008 2.6846
8.3819 -3.1864 2.7346
8.3652 -2.9246 2.9988
8.2843 -2.7127 3.0679
8.4247 -2.5175 3.1845
8.5366 -2.2081 3.4273
8.7675 -1.801 3.6677
9.2269 -1.563 3.3321
9.1531 -2.001 3.0012
9.6197 -2.3652 3.4225
9.3412 -2.777 3.8629
9.2531 -3.3983 4.1295
9.246 -3.4197 4.07
9.3388 -2.9079 4.5318
9.1341 -2.6556 4.7341
9.1079 -3.3983 4.2961
9.0246 -3.6553 4.1081
8.9651 -2.7794 4.0462
8.9175 -2.7841 4.0605
8.9436 -2.8365 4.1152
8.9222 -2.6008 3.8772
8.8699 -2.9389 3.6891
8.9794 -3.0317 3.5344
8.8246 -2.8532 3.8653
8.6818 -2.6485 4.0676
8.5818 -2.8913 3.8058
8.7342 -3.134 3.5844
8.539 -2.8127 3.8724
8.6033 -2.4295 3.8201
8.4057 -2.4818 3.8129
8.3795 -2.6294 3.7225
8.4795 -2.6675 3.6987
8.8056 -2.8984 3.394
8.9294 -3.234 3.3844
8.8794 -3.0864 3.3345
8.8032 -3.0246 3.5439
8.6913 -2.8056 3.6606
8.8508 -2.5437 3.6058
8.8913 -2.3223 3.5344
8.9532 -2.289 3.6677
8.9175 -2.2938 3.6868
8.8889 -2.1367 3.6725
9.065 -2.0986 3.4297
9.3769 -2.3461 3.2654
9.6554 -2.5985 2.9274
9.8887 -2.7222 2.8846
9.9339 -3.1602 2.7489
9.7744 -3.4483 2.737
9.7934 -3.403 2.8798
9.8863 -3.234 2.9417
9.8006 -3.1007 2.9274
9.6792 -3.0912 2.9441
9.5721 -2.9174 2.9084
9.4983 -2.7484 2.8512
9.453 -2.5794 2.9131
9.3674 -2.7389 3.1131
9.4126 -3.0103 3.056
9.4959 -3.3864 3.0202
9.5292 -3.6649 2.6394
9.4435 -3.9243 2.2657
9.4197 -4.1243 1.9229
9.3816 -4.3385 1.8348
9.1698 -4.4361 1.9848
9.0198 -4.448 2.3347
8.9032 -4.298 2.7417
8.8627 -4.0933 2.9536
8.7937 -4.0029 2.9869
8.7151 -4.3171 2.5727
8.7461 -4.6313 2.2704
8.6128 -4.9765 1.9348
8.3652 -5.2835 1.7729
8.2819 -5.4668 1.7301
8.2438 -5.6739 1.7658
8.2724 -5.7953 1.8824
8.2248 -5.6834 2.199
8.1581 -5.4097 2.23
8.0129 -5.2454 2.1752
8.0248 -5.2716 2.099
7.9891 -5.3454 1.9562
7.8177 -5.6144 1.9181
7.6083 -5.7263 1.7753
7.6392 -5.8334 1.4968
7.694 -6.2119 1.4254
7.7297 -6.3261 1.2707
7.6202 -6.3856 1.2516
7.6321 -6.3547 1.3492
7.5654 -6.4213 1.4754
7.5059 -6.4547 1.6849
7.4059 -6.3547 1.8539
7.4131 -6.1857 1.8301
7.3512 -6.1452 1.6158
7.3678 -6.3047 1.4492
7.4012 -6.3404 1.1302
7.344 -6.4451 0.97075
7.2583 -6.4713 0.88744
7.2131 -6.5427 1.0326
7.2084 -6.6403 1.2302
7.1846 -6.8141 1.5944
7.0655 -6.7046 1.5397
6.9632 -6.5594 1.4206
6.6894 -6.5642 1.2588
6.5966 -6.7974 1.0398
6.6085 -6.8784 1.0731
6.6275 -6.7927 1.2802
6.5323 -6.7236 1.6777
6.3943 -6.6094 1.9491
6.3324 -6.6237 2.1276
6.28 -6.7498 2.1109
6.2729 -6.9474 2.0324
6.1515 -7.0617 1.9158
6.0967 -7.0045 1.7872
5.9682 -7.0117 1.592
5.9015 -7.0712 1.5492
5.792 -7.0521 1.6063
5.7778 -7.0878 1.7087
5.7206 -7.145 1.9086
5.823 -7.2592 2.0324
5.7801 -7.2997 2.0752
5.8587 -7.264 2.0586
5.7897 -7.2378 2.2466
5.7301 -7.2616 2.2085
5.7349 -7.4973 2.2633
5.6825 -7.6401 2.1752
5.6564 -7.621 2.0395
5.6278 -7.6663 1.9515
5.5945 -7.6972 1.9324
5.5707 -7.8186 1.9515
5.504 -7.8734 1.9729
5.4302 -8.04 1.9443
5.3802 -8.3447 2.03
5.3469 -8.5018 2.1348
5.2588 -8.6517 2.1847
5.1041 -8.8517 2.0776
5.0232 -8.9969 1.9776
4.9089 -9.2088 1.8562
4.8827 -9.4516 1.9229
4.7851 -9.6253 1.9205
4.6542 -9.8396 1.9705
4.5638 -10.018 2.2157
4.4543 -9.9681 2.4156
4.3805 -10.111 2.4799
4.1234 -10.282 2.3799
3.8068 -10.404 2.3014
3.545 -10.804 2.2561
3.2474 -11.127 2.3966
3.0546 -10.975 2.5085
3.0737 -11.044 2.6846
3.1665 -11.399 2.8013
3.1832 -11.204 2.9655
3.0499 -10.894 3.2845
2.9903 -10.78 3.5892
2.8142 -10.575 4.0176
2.5309 -10.113 4.4628
2.2881 -9.6206 4.8436
2.162 -9.611 5.0745
2.0525 -9.6658 5.0983
1.8882 -9.5134 5.1864
1.8597 -9.8396 4.9936
1.7764 -10.225 4.8674
1.8073 -10.249 4.6865
1.7454 -10.18 4.6365
1.6692 -9.8253 4.6746
1.3193 -9.2635 4.8984
0.9337 -8.797 5.334
0.72423 -8.5304 5.5815
0.66948 -8.409 5.6149
0.59569 -8.278 5.6577
0.50999 -8.2114 5.6553
0.38383 -8.1233 5.0697
0.19102 -8.4399 4.9364
0.060104 -8.2733 4.9983
0.036301 -8.059 4.9864
-0.023209 -8.4946 4.9388
0.1458 -8.6208 4.7555
0.41002 -8.2019 4.9174
0.52428 -7.7186 4.8912
0.32195 -7.4306 4.9245
-0.039871 -7.2569 4.6984
-0.29457 -7.1188 4.6556
-0.48024 -7.0712 4.5342
-0.4969 -7.114 4.3699
-0.2422 -7.0997 4.2604
-0.09938 -7.1307 4.3556
0.012497 -6.9141 4.3414
0.052963 -6.895 4.3652
-0.018448 -6.9165 4.2604
-0.17079 -7.2021 4.2533
-0.15889 -7.6901 4.3485
-0.14223 -7.9805 4.4223
-0.15413 -8.0329 4.5008
-0.24458 -7.9019 4.6151
-0.44215 -7.4782 4.4818
-0.49452 -6.9426 4.5413
-0.55165 -7.1021 4.4199
-0.67067 -7.5949 4.2699
-0.81349 -8.0138 4.3866
-0.93727 -7.9852 4.3818
-1.0444 -7.8519 4.4604
-1.1491 -8.1138 4.5484
-1.1253 -8.4399 4.4128
-1.2515 -8.4994 4.6579
-1.5205 -8.2066 4.8246
-1.6823 -7.9686 4.9864
-1.6799 -7.7663 5.1626
-1.6585 -7.6496 5.253
-1.7133 -7.5235 5.2768
-1.6847 -7.602 5.2245
-1.7299 -7.9329 5.0102
-1.9037 -8.1614 4.9912
-1.8894 -8.2733 5.0578
-1.8228 -8.4161 5.0031
-1.8585 -8.378 5.034
-1.9513 -8.2566 5.1697
-2.056 -8.2447 5.334
-2.1013 -8.1066 5.403
-2.0846 -8.0186 5.4125
-2.0465 -7.8686 5.3887
-2.0703 -8.2066 5.115
-2.0941 -8.647 4.8722
-2.0275 -8.7684 4.8627
-2.0299 -8.578 4.9055
-2.0965 -8.5423 4.9793
-2.1132 -8.7136 4.9245
-2.137 -8.6922 4.9722
-2.187 -8.4946 5.1102
-2.2298 -8.1685 5.1673
-2.3084 -8.0352 5.2673
-2.256 -8.1209 5.2269
-2.187 -8.2185 5.3149
-2.1298 -8.2066 5.3411
-2.056 -8.1662 5.3435
-1.9918 -8.3304 5.1697
-2.0346 -8.6517 5.0912
-2.0084 -8.7398 5.0102
-1.9465 -8.647 4.8603
-2.0441 -8.6922 4.9198
-2.0894 -8.766 5.0769
-1.9918 -8.7303 5.1673
-2.0275 -8.6922 5.084
-2.0703 -8.985 5.0721
-2.0275 -9.0374 5.1269
-1.9156 -8.7589 5.2007
-1.9275 -8.8279 5.1769
-1.918 -8.9564 5.134
-1.8704 -9.0683 5.2364
-2.0061 -8.8565 5.1364
