9.3912 0.44841 1.323
9.3316 0.51268 1.4016
9.415 0.45793 1.4064
9.4173 0.45317 1.4635
9.315 0.55077 1.4444
9.2864 0.56029 1.4302
9.3316 0.55553 1.4801
9.315 0.51506 1.4754
9.3316 0.61504 1.5254
9.3674 0.40794 1.4373
9.5483 0.5222 1.4754
9.4864 0.48174 1.4921
9.484 0.39128 1.4563
9.4316 0.46031 1.4801
9.3507 0.44365 1.3778
9.2959 0.39128 1.3421
9.2555 0.4127 1.2278
9.2626 0.47221 1.2659
9.3459 0.45079 1.2921
9.334 0.41508 1.2588
9.2579 0.44365 1.3016
9.2936 0.41508 1.4111
9.3555 0.44127 1.4849
9.3388 0.50554 1.4801
9.3864 0.51744 1.5444
9.3912 0.56029 1.4754
9.3483 0.56981 1.4064
9.3126 0.52696 1.4159
9.3197 0.4865 1.3683
9.3412 0.38652 1.4682
9.3626 0.30321 1.5492
9.3197 0.25798 1.5063
9.3626 0.21751 1.6468
9.4673 0.27226 1.5777
9.4316 0.31511 1.4849
9.4483 0.37938 1.4682
9.4745 0.40556 1.4135
9.4031 0.36986 1.3659
9.4578 0.34367 1.3302
9.4626 0.32939 1.2969
9.4102 0.35796 1.373
9.3888 0.44603 1.3587
9.3674 0.4865 1.3754
9.3721 0.4984 1.2992
9.3436 0.53886 1.3516
9.3221 0.49126 1.3659
9.3436 0.56743 1.3373
9.3459 0.55077 1.454
9.334 0.52458 1.4135
9.334 0.52458 1.3468
9.3531 0.5222 1.3302
9.3578 0.54362 1.3135
9.3602 0.53172 1.4183
9.3912 0.52934 1.2635
9.3959 0.42461 1.3564
9.4364 0.4127 1.3802
9.4507 0.45793 1.3849
9.5054 0.57695 1.5611
9.5959 0.60789 1.5159
9.5911 0.71977 1.4801
9.484 0.82689 1.4682
9.3959 0.81261 1.423
9.3745 0.73643 1.3826
9.4007 0.76024 1.3564
9.4007 0.79356 1.354
9.4102 0.86736 1.6158
9.3388 0.95781 1.9943
9.3507 0.8864 2.1252
9.3102 0.40794 2.2347
9.2864 0.49364 2.3799
9.5387 0.66502 2.8132
9.6601 0.39366 2.9488
9.841 0.33177 2.8298
9.7887 0.57219 2.7441
9.7958 0.94591 2.8417
9.7125 1.0197 2.9488
9.6578 1.3387 3.0655
9.4959 1.4339 3.1869
9.4411 1.4172 3.1893
9.4126 1.1768 3.2654
9.3221 1.0602 3.2607
9.0698 0.72691 3.056
8.9056 0.16991 3.1893
8.7913 -0.070511 3.4202
8.5985 -0.15858 3.3464
8.3628 -0.39424 3.3868
8.0343 -0.42281 3.3226
7.9272 -0.46089 3.0202
7.763 -1.1274 2.668
7.7344 -1.8344 2.7298
7.5392 -1.8248 2.787
7.3107 -1.7606 3.0345
7.1584 -2.051 3.3059
7.3512 -2.2628 3.6868
7.5345 -2.2557 3.6653
7.4393 -2.3081 3.5439
7.3321 -2.2009 3.4963
7.4821 -1.8915 2.9417
7.6083 -2.1819 2.7298
7.6963 -2.6746 2.6251
7.8296 -3.096 2.6084
8.1367 -3.6339 2.5489
8.2295 -4.1433 2.3704
8.1319 -4.5813 2.2633
8.0962 -4.4647 2.4609
8.1915 -3.8363 2.7275
8.2629 -3.0317 3.2321
8.4128 -2.4437 3.5582
8.7151 -2.2938 3.532
8.508 -2.7937 3.1488
8.7175 -3.1983 2.7417
9.1555 -3.9005 2.4204
9.1412 -4.1552 1.8348
9.0341 -3.9481 1.8658
9.1579 -3.4102 2.3109
9.1008 -2.7818 2.8846
9.0008 -2.2295 3.3559
8.8984 -1.9939 3.6844
9.0127 -1.8891 3.6106
9.1103 -2.0891 3.4749
9.2388 -2.3557 3.2154
9.2626 -2.4152 3.2559
9.2198 -2.2105 3.2892
9.1626 -2.22 3.4463
9.2174 -2.1724 3.5749
9.2507 -2.1367 3.6296
9.2126 -1.9867 3.7225
9.2364 -1.8867 3.8605
9.4197 -1.5059 3.7034
9.2245 -1.3583 3.4035
9.4578 -1.2369 4.0319
9.0722 -1.2559 4.0724
9.2531 -1.951 3.851
9.2293 -2.2295 3.7796
9.2103 -2.1438 3.7391
9.0484 -1.7106 3.9081
9.215 -1.4535 4.2414
9.0412 -1.4559 4.2128
9.1246 -1.8701 4.1271
9.1293 -1.8296 4.2842
8.9508 -2.0343 4.3913
9.0127 -2.2057 4.3961
9.3721 -2.2533 4.1247
9.7863 -2.3866 3.7605
9.6554 -2.6818 3.8986
9.3531 -1.9248 3.9891
9.1531 -1.5916 3.7296
9.4292 -1.5844 3.513
9.0555 -1.5725 3.2845
9.1507 -1.6035 3.4797
8.9294 -0.92506 3.7748
8.7842 -0.55849 3.6772
9.0198 -0.90126 3.6772
9.3221 -0.97029 3.3249
9.6911 -1.544 3.0988
9.872 -1.782 2.9393
9.853 -1.582 2.9584
10.058 -1.2274 3.2369
10.298 -1.3916 3.1678
10.543 -1.9129 3.056
10.603 -2.5628 3.0726
10.7 -2.6461 3.056
10.884 -2.7484 3.2821
10.879 -3.1579 3.2488
10.765 -3.4387 3.1512
10.6 -3.2459 3.1178
10.665 -2.5604 2.9584
10.605 -2.1748 2.8465
10.412 -2.4295 2.6965
10.117 -2.8151 2.6084
10.091 -3.0507 2.6632
10.077 -3.1721 2.7513
9.9791 -3.234 2.9726
9.7839 -3.2316 3.194
9.5983 -3.2364 3.2892
9.4721 -3.1364 3.2321
9.2555 -3.165 3.1083
8.9984 -3.1293 2.9988
8.7627 -3.1864 2.6132
8.5318 -3.4506 2.4014
8.3486 -3.6244 2.5061
8.1224 -3.8363 2.6799
8.0391 -4.0862 2.9369
7.9677 -4.1957 2.9512
7.9772 -4.2314 2.9607
7.9177 -4.279 2.587
7.6606 -4.3195 2.449
7.3179 -4.4932 2.08
6.9894 -4.7456 1.761
6.7966 -4.717 1.3302
6.7418 -4.8551 1.5325
6.7418 -4.7836 1.8324
6.6728 -4.8122 2.1109
6.5657 -4.9146 2.349
6.568 -5.0407 2.3228
6.5871 -5.0098 2.587
6.5252 -5.086 2.4347
6.4681 -5.3764 2.2871
6.4181 -5.7215 2.2323
6.4109 -6.0214 2.4014
6.4347 -6.0881 2.5323
6.4752 -6.1571 2.7894
6.5133 -6.1286 2.8584
6.599 -6.219 2.8965
6.6871 -6.4047 2.8417
6.8156 -6.5975 2.8084
6.9251 -6.7713 2.7727
6.9917 -7.0093 2.7203
6.9203 -7.3521 2.8132
6.8584 -7.6068 3.2107
6.7823 -7.7591 3.4416
6.7823 -7.9448 3.6487
6.7204 -8.1352 3.9391
6.549 -8.1162 4.0367
6.4942 -8.0067 3.8629
6.2824 -8.0852 3.8986
6.0682 -8.0709 3.8819
5.992 -8.209 4.0962
5.8611 -8.4042 4.2723
5.7611 -8.6827 4.4437
5.5159 -8.8279 4.5627
5.3517 -8.7898 4.5818
5.3279 -8.6803 4.7317
5.3183 -8.7755 4.7079
5.3112 -8.8231 4.6817
5.2017 -8.966 4.5199
5.0827 -9.204 4.4032
5.0232 -9.4968 4.2342
4.9732 -9.6372 4.0271
4.8827 -9.8467 3.9748
4.7637 -10.063 4.02
4.6233 -9.9729 4.1224
4.4186 -9.9062 4.1176
4.3091 -9.8372 3.9534
4.1305 -10.051 3.9129
4.1091 -10.287 3.8343
4.1401 -10.542 3.682
4.1234 -10.689 3.5915
3.9425 -10.608 3.3392
3.6259 -10.523 3.2345
3.1403 -10.387 3.5296
3.0713 -9.999 3.6653
2.9975 -9.7348 3.8343
2.8047 -10.13 3.5796
2.688 -10.556 3.2845
2.4405 -10.699 2.956
2.2286 -10.849 3.2392
1.8954 -10.087 4.2319
1.5883 -8.4804 5.1673
1.1575 -7.4259 5.8719
0.8242 -7.0974 6.5908
0.76945 -7.1807 6.8407
0.62425 -7.4806 7.0478
0.22673 -7.1783 6.736
-0.23982 -7.1688 6.3623
-0.40169 -6.9522 6.2076
-0.21126 -6.8855 6.1838
-0.2422 -6.6641 6.2195
-0.8611 -6.8879 6.3218
-0.4612 -6.895 6.1433
-0.23982 -6.9046 5.6244
-0.43025 -7.026 5.0031
-0.64925 -6.6522 4.7175
-0.59688 -6.2738 5.1697
-0.43977 -6.2928 5.1578
-0.43501 -6.4999 5.284
-0.13271 -6.25 5.8053
-0.0017853 -6.3261 6.298
0.0029755 -6.7546 6.6313
0.036301 -6.7784 6.6622
-0.23268 -6.7022 6.7693
-0.38264 -6.6022 6.6241
-0.33266 -6.4594 6.5813
-0.42549 -6.1381 6.2457
-0.49214 -5.1383 5.7101
-0.55879 -4.8741 5.0864
-0.77065 -5.8024 4.7817
-0.82301 -6.288 4.6603
-0.86348 -6.0928 4.9674
-0.93727 -6.0738 5.8624
-0.77303 -6.3571 6.3432
-0.42787 -6.3428 6.6646
-0.50642 -6.1952 6.8003
-0.77779 -5.8239 6.7098
-0.86586 -5.7763 6.4289
-0.66829 -5.9262 5.9314
-0.55165 -6.1976 5.5244
-0.5945 -6.4094 5.5839
-0.69447 -6.6927 5.7624
-0.6183 -6.8046 5.8529
-0.56117 -7.0593 5.9886
-0.65163 -7.2783 6.0933
-0.86348 -7.4758 6.2171
-1.0682 -7.3449 6.3004
-1.1991 -7.1021 6.517
-1.3419 -6.8427 6.6765
-1.4252 -6.6237 6.6479
-1.48 -6.5475 6.5218
-1.3729 -6.8189 6.5051
-1.2896 -7.1569 6.4742
-1.3681 -7.2235 6.5932
-1.5443 -7.1378 6.6741
-1.699 -7.0069 6.717
-1.9442 -6.9855 6.8265
-1.868 -6.8474 7.0264
-1.8513 -6.7736 7.2716
-1.7775 -6.8093 7.2668
-1.8013 -6.7284 7.3216
-1.7371 -6.5285 7.2359
-1.6966 -6.7475 6.9645
-1.5181 -7.195 6.9383
-1.1944 -7.4044 7.1169
-0.94441 -7.2045 7.2954
-1.0682 -7.0736 7.224
-1.2824 -7.1735 7.2335
-1.4086 -7.1735 7.1621
-1.5752 -7.1283 7.0645
-1.7157 -7.0355 6.9764
-1.6133 -7.1116 6.9859
-1.3967 -7.3997 6.8788
-1.499 -7.5568 6.8265
-1.7014 -7.6306 6.567
-1.9061 -7.5116 6.6622
-1.9346 -7.3687 6.7717
-2.0203 -7.4282 6.8241
-2.0679 -7.4021 6.936
-1.9489 -7.1307 6.9978
-1.8799 -6.8974 7.2264
-2.0251 -6.8522 7.2097
-2.1298 -6.9593 7.1454
-2.2608 -7.0307 7.0478
-2.3607 -7.1545 6.8884
-2.3441 -7.3521 6.7836
-2.206 -7.4211 6.5384
-2.1751 -7.4901 6.4337
-2.2703 -7.5806 6.5622
-2.3179 -7.3902 6.7122
-2.3131 -7.2783 6.905
-2.3798 -7.4068 7.0431
-2.375 -7.4877 7.1335
-2.3322 -7.3521 7.2549
-2.3107 -7.3306 7.2502
-2.3203 -7.3949 7.2502
-2.2941 -7.4639 7.1835
-2.2441 -7.5901 7.1716
-2.106 -7.5806 7.0217
-1.9751 -7.6734 6.8717
-1.8228 -7.6163 6.736
-1.718 -7.5354 6.8027
-1.7252 -7.4806 6.8788
-1.649 -7.5163 6.8027
