9.3364 -2.0843 0.3947
9.3602 -2.0653 0.33281
9.3697 -2.0224 0.42326
9.3912 -2.0795 0.40422
9.4459 -2.0938 0.31139
9.4578 -2.1414 0.32091
9.4483 -2.0534 0.31853
9.4316 -2.0605 0.34709
9.4507 -2.0105 0.41612
9.4245 -1.9748 0.34709
9.434 -1.901 0.41612
9.4292 -1.8558 0.41374
9.4078 -1.8415 0.42326
9.4126 -1.7439 0.3947
9.3483 -1.7653 0.43517
9.3626 -1.7677 0.40422
9.3959 -1.8082 0.32567
9.4197 -1.8391 0.36851
9.3697 -1.8582 0.38994
9.3864 -1.8677 0.32567
9.3816 -1.8891 0.39232
9.3126 -1.9058 0.38518
9.365 -1.8867 0.29472
9.2721 -1.8486 0.32329
9.3674 -1.8844 0.38518
9.3293 -1.8058 0.35423
9.3412 -1.8391 0.35185
9.4054 -1.8177 0.40422
9.3912 -1.8701 0.39232
9.4459 -1.8701 0.43279
9.4673 -1.8344 0.40898
9.5959 -1.8344 0.49706
9.5887 -1.8796 0.5399
9.4721 -1.8844 0.55418
9.4054 -1.9129 0.61369
9.2721 -1.951 0.72081
9.2317 -1.8796 0.82079
9.2245 -1.9748 1.0874
9.265 -1.97 1.2421
9.2698 -1.9201 1.3587
9.3602 -2.3604 1.4468
9.3674 -2.4223 1.1636
9.2983 -2.1248 0.93742
9.1603 -1.8844 0.78508
8.9365 -1.8605 0.83983
8.9246 -2.2057 0.70415
8.8199 -2.6413 0.59703
8.8223 -3.0341 0.67796
8.7937 -3.4126 0.99455
8.7294 -3.6434 1.2945
8.4128 -3.6577 1.4135
8.3057 -3.5839 1.3564
8.47 -3.4078 1.2659
8.6128 -3.3388 1.1445
8.8294 -3.2507 0.99455
8.8175 -3.3078 0.98027
8.5723 -3.5125 1.3135
8.5176 -3.8196 1.711
8.5676 -3.872 1.6396
8.5318 -3.8363 1.5444
8.4842 -3.7125 1.4516
8.689 -3.4673 1.3587
8.6604 -3.4721 1.1207
8.4961 -3.6649 1.1659
8.558 -3.5982 1.2016
8.4485 -3.6411 1.5135
8.5057 -3.791 1.8753
8.7651 -3.4506 1.961
8.8199 -3.0793 1.7682
8.6913 -3.0912 1.7444
8.8984 -3.1293 1.5968
9.0722 -3.3102 1.692
9.0865 -3.6553 2.0586
9.046 -3.6196 2.1966
8.8508 -3.3721 2.2204
8.7175 -3.1483 2.3061
8.5747 -2.7651 2.2395
8.5176 -2.5532 2.3061
8.5628 -2.5651 2.4299
8.6509 -2.6366 2.3442
8.7199 -2.8579 2.2942
8.7247 -3.0603 2.3752
8.727 -3.2912 2.5442
8.7913 -3.0198 2.618
8.7342 -2.896 2.7417
8.7627 -2.7746 2.9108
8.7604 -2.7699 3.0083
8.8103 -2.6818 3.1869
9.4102 -2.1938 3.0226
9.0841 -2.2533 3.1345
9.315 -2.6437 3.3749
9.603 -2.8365 3.2107
9.7149 -3.5601 2.756
9.6221 -3.9886 2.856
9.1531 -3.6673 2.9393
9.1722 -3.3388 3.513
8.9865 -3.1698 3.8105
9.0698 -3.1055 4.0081
9.1722 -2.9674 3.5773
9.3269 -3.2769 3.4368
9.2436 -3.2388 3.3368
9.1269 -3.1317 3.3844
8.9008 -3.1126 3.3416
8.8984 -3.0888 3.413
8.8461 -3.2316 3.1893
8.8413 -3.3697 3.1464
8.8032 -3.1864 3.2773
8.8484 -2.9032 3.263
8.6651 -2.8793 3.8224
8.5461 -2.5556 3.7629
8.539 -2.7865 3.8034
8.5152 -2.7222 3.6463
8.5342 -2.7413 3.563
8.4604 -2.7484 3.5273
8.5247 -2.6794 3.5535
8.4914 -2.727 3.4701
8.5271 -2.9246 3.4844
8.5533 -3.0365 3.4678
8.6937 -3.1317 3.463
8.8461 -3.0103 3.2583
8.827 -2.8484 3.2131
8.7508 -2.9389 3.3392
8.8151 -3.0388 3.294
8.9032 -3.2031 3.2297
8.8199 -3.3864 3.1131
8.9746 -3.653 2.9964
8.9389 -3.7672 2.9964
8.7984 -3.7125 3.1726
8.8865 -3.2745 3.1036
8.9984 -2.8151 3.1202
9.0246 -2.6723 2.9536
9.1817 -2.6913 2.7108
9.2341 -2.708 2.518
9.3674 -2.8413 2.4466
9.4292 -3.1626 2.5347
9.4602 -3.3269 2.9036
9.5268 -3.3507 2.856
9.6173 -3.1888 2.9488
9.6125 -2.9841 3.0107
9.5126 -2.8175 3.0798
9.5578 -2.9341 2.925
9.5649 -3.1436 2.6965
9.5506 -3.234 2.4775
9.465 -3.3411 2.5108
9.4269 -3.4673 2.5894
9.3983 -3.8743 2.5775
9.2983 -4.2552 2.4847
9.2055 -4.1314 2.368
9.1412 -3.8291 2.3228
9.0793 -3.5316 2.3514
8.9698 -3.4816 2.2895
8.858 -3.6196 2.2252
8.7651 -3.8505 2.2466
8.7294 -3.9339 2.1752
8.7342 -3.9862 2.1276
8.7104 -3.96 1.8729
8.6818 -4.129 1.9134
8.5437 -4.3599 1.7396
8.4819 -4.5266 1.6539
8.42 -4.4932 1.7825
8.4104 -4.3647 1.7706
8.4485 -4.2623 1.7944
8.3319 -4.2671 1.8205
8.2748 -4.3123 1.8348
8.2748 -4.5028 1.9895
8.2295 -4.7265 2.1109
8.12 -4.936 2.061
8.1081 -4.9217 2.1871
8.0391 -4.8336 2.2014
7.9558 -4.7551 2.061
8.0153 -4.7146 2.0062
7.9463 -4.8408 2.0895
7.7963 -4.8741 2.0205
7.8487 -4.9384 2.0134
7.8772 -4.9955 2.0657
7.7915 -5.0741 2.0253
7.8344 -5.1407 2.0157
7.8749 -5.0645 1.9372
7.882 -5.0836 1.8277
7.9129 -5.1859 1.9277
7.8082 -5.2431 1.8777
7.7511 -5.3145 1.892
7.7368 -5.3311 1.8753
7.694 -5.324 1.7991
7.6702 -5.3145 1.7634
7.6225 -5.293 1.6563
7.5868 -5.3573 1.7682
7.4059 -5.4787 1.8134
7.3774 -5.5311 1.9086
7.3797 -5.4716 1.9776
7.3631 -5.3645 1.911
7.3774 -5.3478 1.8896
7.4797 -5.3216 1.7539
7.5059 -5.4906 1.7872
7.5821 -5.5644 1.6658
7.5845 -5.5858 1.642
7.5702 -5.6239 1.6134
7.5678 -5.662 1.5468
7.5583 -5.7287 1.6587
7.5083 -5.812 1.5992
7.5107 -5.7953 1.6825
7.4583 -5.6739 1.6944
7.4535 -5.6001 1.5754
7.4678 -5.593 1.5516
7.4821 -5.7429 1.4682
7.4631 -5.931 1.4516
7.4321 -6.0429 1.5682
7.4297 -6.0976 1.4659
7.4226 -6.0452 1.5611
7.4535 -6.1333 1.5492
7.4892 -6.2428 1.5777
7.5535 -6.3547 1.5635
7.6463 -6.557 1.6968
7.6963 -6.6475 1.7706
7.7106 -6.726 1.7682
7.901 -6.4809 1.3659
8.0272 -6.4213 1.3802
8.0701 -6.7094 1.2945
8.0486 -7.1545 1.1921
8.0796 -7.5163 1.1279
8.0415 -7.6972 0.99693
7.9344 -7.971 1.0517
7.8772 -8.0043 1.0041
7.7963 -8.0352 1.066
7.7725 -7.99 1.1945
7.6749 -8.0376 1.2397
7.5892 -8.0281 1.2421
7.2988 -8.19 1.3373
7.0917 -8.3923 1.3754
7.056 -8.7517 1.4349
7.0703 -9.135 1.4444
6.987 -9.3611 1.2445
6.8918 -9.7562 1.3326
6.699 -9.6824 1.3635
6.4752 -9.8157 1.3159
6.1467 -10.123 1.2873
6.061 -10.361 1.5611
5.8634 -10.151 1.5516
5.6492 -10.223 1.742
5.2993 -10.466 1.7348
5.1898 -10.863 1.8182
4.9803 -11.035 1.9253
4.6971 -10.658 1.9943
4.3995 -10.361 2.0895
4.1567 -10.437 2.0014
3.883 -10.504 1.8753
3.6735 -10.661 1.6015
3.6116 -11.22 1.3659
3.6021 -11.439 1.304
3.414 -11.232 1.1921
3.1927 -10.982 1.5849
2.9237 -10.385 1.7872
2.7356 -9.9205 2.0324
2.5762 -9.9491 1.9919
2.381 -10.432 1.5992
2.2762 -11.03 1.3754
2.1953 -11.068 1.4444
2.1191 -10.535 1.4278
1.9311 -10.051 1.8205
1.6169 -9.7824 1.9848
1.3836 -10.128 2.199
1.0646 -10.363 2.2633
0.92418 -10.061 2.4704
0.8242 -9.7443 2.7108
0.59093 -9.7896 2.7798
0.41954 -9.8134 2.6108
0.49809 -9.9895 2.6727
0.55998 -9.9586 2.28
0.41478 -9.0969 2.2252
0.1815 -7.8948 2.1657
0.09343 -7.5258 2.8631
-0.34932 -6.8403 3.3583
-0.62068 -5.9667 3.6225
-1.0706 -5.7858 3.8296
-1.1182 -6.3785 3.7391
-1.0801 -6.9688 3.3654
-0.83015 -7.5163 3.0798
-0.8373 -7.5354 2.956
-0.69447 -7.4092 3.0869
-0.7397 -7.0807 3.4916
-0.99202 -6.5546 3.951
-1.192 -6.1024 4.2533
-1.4514 -6.0286 4.5913
-1.4871 -6.3856 4.8246
-1.4776 -6.5189 4.7627
-1.4062 -6.5332 4.815
-1.2681 -6.6261 4.7698
-1.2182 -6.8308 4.5127
-1.3657 -7.2521 4.1176
-1.4729 -7.4116 3.9034
-1.5776 -7.5044 3.9296
-1.7871 -7.4068 3.87
-1.9227 -7.3283 4.0271
-1.8728 -7.2807 4.2557
-1.9108 -7.2307 4.3104
-2.0608 -7.4806 4.4842
-2.0132 -7.5354 4.7508
-2.0846 -7.4211 4.9817
-2.1417 -7.3902 5.0793
-2.2036 -7.602 4.9174
-2.1203 -7.5758 4.9007
-2.0465 -7.6853 4.7317
-1.8728 -7.9019 4.5603
-1.8109 -8.0305 4.4794
-1.8347 -8.3542 4.3509
-1.8109 -8.7303 4.2985
-1.8513 -9.004 4.258
-1.8299 -8.9422 4.0938
-1.7085 -9.0445 4.2081
-1.7704 -9.0636 4.1866
-1.9037 -8.9041 4.2937
-1.918 -8.7708 4.508
-2.0037 -8.6303 4.3723
-2.1203 -8.647 4.3342
-2.1084 -8.8184 4.2866
-2.1132 -8.9541 4.2461
-2.1513 -9.0874 4.2557
-2.0418 -9.0897 4.17
-2.1989 -9.0136 4.1176
-2.2965 -9.2468 4.0509
-2.3774 -9.2968 4.0343
-2.5107 -9.0469 4.0081
-2.5059 -8.9279 4.0057
-2.4726 -8.9683 3.9581
-2.4869 -9.0993 3.9867
-2.4821 -9.1016 4.0819
-2.4726 -9.1992 4.2152
-2.4964 -9.2754 4.2842
-2.5178 -9.2421 4.3366
-2.6892 -9.1635 4.2438
-2.6702 -9.3016 4.1105
-2.6678 -9.3992 3.9819
-2.6535 -9.473 3.9748
-2.5416 -9.4754 3.9557
-2.575 -9.3087 3.9176
-2.6178 -9.2968 3.8677
-2.5535 -9.4706 3.8367
-2.4559 -9.4968 3.8677
-2.4536 -9.4658 3.8105
-2.356 -9.4349 3.8439
-2.3179 -9.4158 3.851
-2.3536 -9.4587 3.6344
-2.3322 -9.6777 3.4368
-2.3298 -9.6087 3.4701
-2.575 -9.5015 3.6201
-2.6535 -9.104 3.6725
-2.7725 -8.9255 3.7629
-2.6845 -8.9422 4.0271
-2.6797 -8.8446 4.0486
-2.6297 -8.7065 4.1128
-2.6321 -8.7755 3.8748
