9.2674 -2.2509 0.73271
9.2936 -2.2605 0.70653
9.2983 -2.2652 0.7827
9.2436 -2.2081 0.76842
9.2531 -2.22 0.76366
9.2269 -2.2985 0.74699
9.2007 -2.2628 0.7589
9.146 -2.2676 0.72795
9.1365 -2.2652 0.72319
9.1674 -2.2557 0.72557
9.1745 -2.2985 0.73033
9.1531 -2.2628 0.77556
9.1936 -2.3128 0.84935
9.165 -2.3081 0.91838
9.2055 -2.2914 0.93028
9.2198 -2.3057 1.0041
9.2031 -2.3223 1.0041
9.1817 -2.3342 0.92076
9.2055 -2.3271 0.88744
9.2245 -2.4176 0.90648
9.1769 -2.4675 0.89934
9.1127 -2.5342 1.0993
9.1317 -2.6794 1.135
9.1507 -2.7365 1.2493
9.0865 -2.827 1.3897
9.0722 -2.7365 1.2826
8.977 -2.6318 1.2731
8.8841 -2.6699 1.204
8.7675 -2.5413 0.93504
8.7056 -2.3223 0.7946
8.877 -2.3604 1.0469
9.0531 -2.5485 1.4111
9.146 -2.5461 1.6444
9.0698 -2.7437 1.8753
8.8342 -3.0126 1.7325
8.6556 -3.1817 1.6349
8.5461 -3.215 1.6111
8.4866 -3.1007 1.5468
8.5723 -2.996 1.7515
8.6294 -2.9389 1.9062
8.7532 -2.8484 1.8253
8.727 -2.777 1.861
8.8484 -2.8175 1.911
9.0627 -2.7651 1.623
9.0555 -2.8413 1.4278
8.8841 -3.0603 1.4111
8.9722 -3.1674 1.4873
8.9175 -3.0745 1.523
8.7413 -3.0103 1.7587
8.7009 -2.9365 2.0562
8.827 -2.7794 2.1252
8.6842 -2.5913 2.061
8.5414 -2.3509 2.0205
8.7318 -2.0748 2.0205
8.8508 -2.1676 1.9158
8.8461 -2.3223 1.7872
9.1412 -2.6461 1.6206
9.3436 -3.1245 1.642
9.5078 -3.4887 1.5635
9.465 -3.503 1.4278
9.3102 -3.6863 1.5992
9.3507 -3.6696 1.7087
9.2507 -3.5649 1.8063
9.1436 -3.4435 2.1467
9.1793 -3.2055 2.2276
9.1079 -3.165 2.1181
9.0722 -3.1579 2.03
9.0174 -3.065 1.9943
8.9913 -3.0507 2.0919
8.9413 -3.0031 2.1252
8.9936 -3.0698 2.1443
9.0817 -2.9151 2.0848
9.0484 -2.8698 1.9181
9.196 -3.0412 1.9895
9.1484 -3.0103 1.9872
8.9817 -2.9722 2.2871
8.9746 -2.8484 2.4894
8.9556 -2.7818 2.6727
9.0508 -2.5604 2.5561
9.2555 -2.7794 2.4323
9.2055 -3.0174 2.4299
9.096 -2.4009 2.4656
9.2222 -1.7987 2.7132
9.1103 -1.3345 3.263
9.0674 -1.6297 3.1774
9.0079 -2.2771 3.1702
8.9032 -2.3628 3.2916
9.1055 -2.3152 3.5915
9.0889 -2.6127 3.2726
9.1079 -3.0698 3.1131
9.2579 -3.1364 3.2321
9.0722 -2.7794 3.2797
8.9913 -2.727 3.3654
8.9365 -2.7508 3.5273
8.8318 -2.5532 3.5725
8.8984 -2.3223 3.5915
9.0436 -2.3152 3.6225
8.8651 -2.5794 3.5225
8.7699 -2.7484 3.4892
8.7604 -2.8151 3.4606
8.7151 -2.6889 3.3202
8.7223 -2.6627 3.3606
8.8532 -2.5604 3.2345
8.7675 -2.5889 3.4535
8.6818 -2.4913 3.482
8.6104 -2.4842 3.5011
8.5961 -2.6651 3.4035
8.6247 -2.8436 3.2535
8.6413 -2.8841 3.1845
8.8127 -3.1293 3.0369
8.6509 -3.0388 3.0631
8.6152 -3.0126 3.0631
8.6913 -2.896 2.9536
8.6604 -2.7508 2.9941
8.6199 -2.6437 3.1512
8.5842 -2.5342 3.2892
8.5556 -2.4771 3.3821
8.5937 -2.6461 3.4202
8.7151 -2.7651 3.6272
8.8794 -3.0507 3.6463
8.9817 -3.1888 3.5915
9.0508 -2.9793 3.6987
9.0912 -2.8008 3.6677
9.046 -2.7579 3.313
9.0151 -2.5342 3.2297
8.9389 -2.3509 3.0583
8.9294 -2.777 2.7727
8.8699 -3.484 2.5846
9.2674 -3.6411 2.5394
9.3816 -3.0912 2.3704
9.653 -2.508 2.4775
9.8387 -2.3176 2.7608
9.9339 -2.5532 2.906
9.9125 -2.8508 3.0274
9.9815 -2.7722 3.2416
9.8958 -2.5675 3.3511
9.8553 -2.4961 3.3606
9.8625 -2.5556 3.313
9.9624 -2.8032 2.9798
10.015 -3.1555 2.7775
9.8577 -3.3078 2.4323
9.6173 -3.1817 2.4347
9.2888 -3.0579 2.5394
9.2198 -2.9912 2.6751
9.2007 -2.9317 2.6203
9.2293 -2.9484 2.4942
9.1983 -3.1483 2.4513
9.2079 -3.3649 2.0967
9.2745 -3.5887 1.8991
9.2602 -3.8601 1.6325
9.0674 -4.1624 1.5182
8.8651 -4.4623 1.4849
8.7604 -4.5885 1.5111
8.7151 -4.5813 1.3207
8.7199 -4.3338 0.97075
8.7342 -4.4052 0.65892
8.677 -4.448 0.37328
8.5937 -4.6718 0.14952
8.4462 -4.9336 0.066208
8.3057 -5.2074 0.20665
8.0582 -5.3764 0.35185
7.8273 -5.5287 0.43517
7.6844 -5.5549 0.6494
7.6582 -5.493 0.75414
7.6463 -5.4359 0.82079
7.544 -5.3049 0.55894
7.4726 -5.2216 0.46611
7.4583 -5.2716 0.44707
7.4559 -5.3764 0.37566
7.3774 -5.4478 0.39232
7.3179 -5.6287 0.50658
7.2964 -5.8286 0.63274
7.2441 -5.9334 0.88029
7.2822 -5.9476 1.016
7.2393 -5.8524 1.0326
7.306 -5.8548 1.0422
7.2822 -5.8358 0.92076
7.3417 -5.7953 0.69701
7.3559 -5.7548 0.50658
7.344 -5.8191 0.41374
7.3131 -5.9453 0.43279
7.3226 -6.0357 0.52562
7.1941 -6.1738 0.58989
7.2298 -6.2262 0.72081
7.206 -6.269 0.83269
7.1941 -6.3356 0.83745
7.1988 -6.3333 0.8065
7.2679 -6.2976 0.78984
7.2298 -6.2404 0.89458
7.2179 -6.2285 0.7827
7.206 -6.1476 0.73509
7.1346 -6.1071 0.6851
7.1346 -6.1428 0.81126
7.1988 -6.2166 0.85887
7.2726 -6.3142 0.81841
7.2988 -6.2857 0.96837
7.3702 -6.2547 1.0088
7.325 -6.2309 1.1255
7.3655 -6.2119 1.1469
7.394 -6.1738 1.1374
7.3607 -6.1405 1.1707
7.3774 -6.1619 1.1612
7.3655 -6.1309 1.1207
7.4155 -6.1833 1.0969
7.3583 -6.1381 1.1374
7.375 -6.1571 1.0422
7.3321 -6.0976 1.0993
7.3036 -6.1262 1.0017
7.2441 -6.1405 1.0683
7.2298 -6.1381 1.1302
7.2084 -6.0881 1.135
7.1727 -6.119 1.2326
7.1346 -6.2166 1.2469
7.1274 -6.2809 1.2135
7.1893 -6.4451 1.1136
7.206 -6.5475 1.0326
7.1941 -6.7094 0.92076
7.2179 -6.8236 0.74937
7.2869 -6.9426 0.60179
7.2822 -6.9664 0.50658
7.3702 -7.0617 0.5518
7.3631 -7.2069 0.57561
7.256 -7.2545 0.65654
7.3083 -7.3854 0.60417
7.3226 -7.5139 0.73271
7.275 -7.6901 0.63274
7.1893 -7.7686 0.69225
7.0536 -7.8329 0.5518
6.9846 -7.99 0.45897
6.9513 -8.1971 0.54466
6.8846 -8.4375 0.4304
6.9132 -8.7232 0.54704
6.9465 -8.8803 0.40422
6.8894 -9.0421 0.32329
6.6061 -9.2849 0.30901
6.4443 -9.6039 0.59703
6.2729 -9.8062 0.80888
6.1753 -10.042 1.0398
5.9848 -10.351 1.1207
5.8349 -10.418 1.016
5.7587 -10.516 0.72319
5.5849 -10.806 0.55656
5.4017 -11.096 0.58751
5.3564 -11.442 0.9279
5.3041 -11.832 1.6182
5.0874 -11.389 1.8396
4.6518 -10.946 1.961
4.3091 -10.713 1.7087
4.1044 -10.558 1.2112
4.0829 -10.651 0.83507
4.1639 -10.987 0.47087
4.1353 -11.408 0.33043
3.9568 -11.658 0.18285
3.7854 -11.677 0.24236
3.595 -11.53 0.21617
3.445 -11.313 0.10191
3.3403 -11.213 -0.14088
3.2569 -11.07 -0.19087
3.2403 -10.773 -0.1266
3.2331 -10.394 0.01622
3.1617 -10.292 -0.35036
2.8785 -10.378 -0.57649
2.6404 -10.258 -0.50746
2.4143 -10.08 -0.59792
2.2667 -10.118 -0.57411
2.1405 -10.254 -0.40034
2.0977 -10.392 -0.15993
2.081 -10.373 0.2971
2.012 -10.189 0.84697
1.8906 -9.5634 1.3111
1.6311 -8.8231 1.4611
1.3217 -8.4185 1.6182
1.1146 -8.4113 1.7563
0.94084 -8.7898 1.8896
0.63139 -8.9136 1.8896
0.45049 -8.8184 1.9467
0.050583 -8.885 2.1919
-0.21364 -8.8636 2.5727
-0.061295 -8.1328 3.0274
-0.10652 -7.314 3.5415
-0.077957 -6.9641 4.0438
-0.12556 -6.8593 4.3913
-0.33028 -6.7736 4.4366
-0.5945 -6.6689 4.4818
-0.79445 -6.6499 4.6222
-0.86824 -6.8689 4.8412
-1.2634 -7.1593 4.8174
-1.3943 -7.0521 4.8127
-1.4729 -6.845 4.9888
-1.4491 -6.6832 5.1174
-1.4633 -6.369 5.3316
-1.7038 -5.8262 5.5863
-1.7395 -5.7763 5.8934
-1.9251 -6.0333 5.9671
-1.8466 -6.3856 5.9981
-2.0037 -6.7022 5.4554
-1.8751 -6.757 5.0674
-1.8847 -6.8498 5.3697
-1.8275 -6.9188 5.7577
-1.9204 -6.707 5.5553
-2.0703 -6.6641 5.522
-2.0037 -6.5523 5.6553
-2.1965 -6.5999 5.7791
-2.1798 -6.6142 5.9671
-2.2298 -6.6546 5.841
-2.2965 -6.8212 5.5815
-2.3012 -7.1569 5.572
-2.2631 -7.3211 5.5625
-2.2132 -7.1759 5.553
-2.3655 -7.0331 5.3959
-2.5012 -7.0164 5.3768
-2.575 -7.0355 5.6601
-2.6369 -6.9522 5.9457
-2.7606 -6.6832 6.2099
-2.8654 -6.7141 6.4028
-2.932 -6.5784 6.4646
-3.0463 -6.6546 6.2742
-3.1415 -6.8355 6.0981
-3.0582 -6.845 5.9243
-3.0011 -7.0498 6.0148
-2.8463 -7.0093 5.9552
-2.8011 -6.9426 5.8791
-2.8773 -7.0759 5.9838
-2.8059 -7.2497 6.16
-2.9154 -7.3068 6.2314
-2.9154 -7.4163 6.3623
-2.9368 -7.3902 6.3337
-2.9963 -7.433 6.3052
-2.9154 -7.5211 6.0647
-2.7844 -7.6853 5.8672
-2.8439 -7.8662 5.8648
-2.9368 -7.7329 5.7743
-2.9772 -7.5758 6.01
-3.032 -7.5639 6.0933
-3.132 -7.5116 6.229
-3.2724 -7.5306 6.3218
-3.3438 -7.5496 6.4408
-3.2986 -7.5568 6.3432
-3.401 -7.6806 6.2742
-3.4866 -7.7686 6.3171
-3.5271 -7.6663 6.2004
-3.439 -7.5377 6.1243
-3.3772 -7.7282 5.9338
-3.1534 -7.8067 5.9957
-3.2129 -7.9067 5.8267
-3.2177 -7.9829 5.8672
-3.0391 -7.94 5.9838
-3.1986 -8.0638 6.0457
-3.2439 -8.2376 6.0409
-3.2081 -8.0876 6.1504
-3.3629 -7.9591 6.2814
