8.8508 -2.4461 3.6915
8.7485 -2.5437 3.6487
8.8413 -2.5985 3.6629
8.7675 -2.5009 3.7034
8.7175 -2.4437 3.7796
8.7223 -2.4152 3.7534
8.7699 -2.5104 3.6439
8.7366 -2.6032 3.5558
8.7437 -2.6723 3.5177
8.8746 -2.6556 3.3963
8.8532 -2.5723 3.3083
8.8532 -2.558 3.2535
8.8699 -2.5794 3.175
8.7913 -2.5223 3.2059
8.6961 -2.508 3.3249
8.6699 -2.4913 3.4106
8.6509 -2.4223 3.5225
8.6675 -2.4604 3.5749
8.5985 -2.5223 3.6296
8.639 -2.6746 3.4559
8.677 -2.796 3.3987
8.6485 -2.7913 3.2726
8.6794 -2.7579 3.294
8.7389 -2.8198 3.313
8.7627 -2.8579 3.3749
8.7461 -2.7675 3.2012
8.7151 -2.7008 3.344
8.6223 -2.7032 3.3821
8.5747 -2.6937 3.3963
8.5771 -2.6223 3.4392
8.5556 -2.5985 3.5177
8.5509 -2.6389 3.6034
8.5961 -2.7151 3.5677
8.6056 -2.7699 3.5677
8.5818 -2.7413 3.5463
8.708 -2.7746 3.563
8.7151 -2.7103 3.513
8.5961 -2.6865 3.5201
8.6175 -2.7532 3.4582
8.6556 -2.8484 3.3844
8.6247 -2.8651 3.3368
8.6152 -2.8079 3.363
8.6318 -2.7556 3.3749
8.6271 -2.7627 3.4606
8.639 -2.877 3.4035
8.6485 -2.8389 3.4082
8.6104 -2.8008 3.3987
8.6604 -2.7937 3.4654
8.7009 -2.8032 3.3725
8.6461 -2.8056 3.3178
8.7009 -2.8056 3.2297
8.6556 -2.8365 3.263
8.7247 -2.777 3.1726
8.7009 -2.6961 3.1607
8.6509 -2.7127 3.1607
8.6413 -2.7413 3.2202
8.6056 -2.6937 3.4106
8.6437 -2.6865 3.3345
8.6271 -2.6556 3.3535
8.5771 -2.6865 3.344
8.6199 -2.6913 3.3797
8.6271 -2.7603 3.4059
8.6128 -2.7651 3.4297
8.6556 -2.7722 3.4392
8.6532 -2.7818 3.3963
8.6247 -2.8032 3.4082
8.6437 -2.7818 3.3773
8.6152 -2.746 3.3773
8.6651 -2.7365 3.3702
8.6509 -2.7437 3.3392
8.6556 -2.7508 3.2749
8.6842 -2.777 3.2916
8.677 -2.7556 3.3202
8.6794 -2.6485 3.3535
8.6842 -2.7413 3.3702
8.6152 -2.7484 3.313
8.6818 -2.8579 3.2392
8.7342 -2.7913 3.1869
8.6437 -2.7484 3.1964
8.6175 -2.7794 3.1774
8.6413 -2.7579 3.2369
8.6104 -2.7341 3.263
8.689 -2.7746 3.363
8.677 -2.7556 3.3226
8.6747 -2.6865 3.2654
8.677 -2.6913 3.3487
8.6699 -2.7151 3.2797
8.6985 -2.7318 3.2678
8.7294 -2.7365 3.2607
8.6556 -2.7508 3.1988
8.6675 -2.7627 3.1631
8.677 -2.746 3.2345
8.608 -2.708 3.3892
8.6271 -2.7127 3.3178
8.6342 -2.727 3.2868
8.6485 -2.7556 3.3083
8.6318 -2.7603 3.3797
8.6866 -2.7365 3.3249
8.5771 -2.7318 3.3583
8.6747 -2.7127 3.3345
8.6509 -2.7318 3.3702
8.6699 -2.7103 3.3345
8.6699 -2.7794 3.3368
8.677 -2.6699 3.3487
8.6128 -2.6461 3.4059
8.6818 -2.7127 3.2773
8.6842 -2.6865 3.3773
8.5509 -2.6175 3.344
8.5818 -2.6294 3.4202
8.5652 -2.6532 3.3606
8.6604 -2.7556 3.3083
8.6366 -2.7508 3.2988
8.6556 -2.7722 3.3154
8.6794 -2.8127 3.313
8.6509 -2.7532 3.2107
8.6294 -2.7579 3.2654
8.6461 -2.7484 3.344
8.6318 -2.7341 3.313
8.6152 -2.7127 3.3749
8.5676 -2.7579 3.3273
8.5628 -2.708 3.294
8.5437 -2.6937 3.3297
8.5771 -2.6865 3.4463
8.589 -2.7199 3.394
8.6223 -2.7889 3.3773
8.6318 -2.7675 3.4225
8.6199 -2.7865 3.4297
8.677 -2.8127 3.4606
8.6866 -2.7865 3.5511
8.6866 -2.7508 3.6796
8.7009 -2.7794 3.5725
8.6532 -2.8698 3.4844
8.5961 -2.8436 3.5749
8.6128 -2.8627 3.5439
8.6271 -2.8627 3.5915
8.6366 -2.8984 3.6868
8.6628 -2.877 3.8724
8.7913 -2.9008 3.7867
8.8461 -3.0674 3.8248
8.7865 -3.0269 3.4892
8.8175 -3.0841 3.2583
8.927 -2.8555 3.0893
9.0079 -2.9555 3.0083
8.9436 -2.6318 3.3773
9.0055 -2.3247 3.5606
8.996 -2.3438 3.732
8.977 -2.558 3.5773
9.2293 -2.7056 3.4797
9.3269 -2.7484 3.801
9.2031 -2.677 3.6653
9.4269 -2.7865 3.6749
9.6316 -2.5842 3.5535
9.6221 -2.5651 3.7082
9.5911 -2.6246 3.7153
9.5054 -2.5223 3.6058
9.3626 -2.6032 3.482
9.2222 -2.8222 3.5344
9.2412 -3.0174 3.4249
9.4816 -3.2864 3.9034
9.4197 -3.2816 3.9986
9.3626 -3.284 4.0771
9.3674 -3.0317 3.951
9.4888 -2.7437 3.6939
9.4745 -3.2126 3.444
9.5887 -3.3269 3.4606
9.6078 -3.3626 3.2868
9.4459 -3.9124 3.1512
9.3626 -4.4194 2.9726
9.3816 -4.7003 2.9798
9.4411 -4.7622 2.6894
9.3793 -4.8146 2.7251
9.3888 -4.7289 2.6941
9.3721 -4.448 2.5442
9.3126 -4.1957 2.5251
9.0484 -4.2028 2.349
8.8508 -4.5028 2.2347
8.6675 -4.8789 2.3085
8.5366 -5.2145 2.2919
8.4795 -5.6453 2.318
8.4509 -5.7953 2.1752
8.4914 -5.831 2.0205
8.4081 -5.7691 1.7777
8.3533 -5.8024 1.6539
8.1391 -5.8286 1.623
7.9439 -5.931 1.6944
7.9344 -5.8524 1.542
7.9225 -5.9905 1.4325
7.8011 -6.1571 1.3278
7.6083 -6.4856 1.3754
7.4321 -6.7689 1.4254
7.2917 -6.826 1.5016
7.2012 -6.7308 1.4921
7.1584 -6.8546 1.5539
7.1084 -6.7832 1.6015
7.1012 -6.6713 1.5539
7.1369 -6.6237 1.5159
7.2012 -6.7046 1.5182
7.2107 -6.757 1.3611
7.0417 -6.6618 1.235
6.7418 -6.7046 1.1897
6.5514 -6.9736 1.1374
6.3705 -7.195 1.1636
6.1039 -7.5258 1.254
5.9706 -7.6401 1.1564
5.992 -7.7567 1.1183
5.9396 -7.8377 1.0636
5.8873 -7.821 1.0255
5.7444 -7.7996 0.98027
5.4683 -7.6544 1.0088
5.1898 -7.4782 1.0898
5.0018 -7.502 1.1302
4.897 -7.6568 1.2326
4.8089 -7.89 1.1755
4.6875 -7.971 1.2421
4.5542 -7.8662 1.3326
4.3829 -7.8853 1.5159
4.2496 -8.0114 1.5516
4.2377 -8.0805 1.5801
4.2353 -7.9281 1.3064
4.1686 -7.9043 1.3659
4.1424 -7.9757 1.204
4.0996 -8.3137 1.285
4.052 -8.4209 1.323
4.0425 -8.4328 1.373
3.8473 -8.3518 1.6111
3.6045 -8.3518 1.7277
3.3879 -8.5208 1.7372
3.2617 -8.6565 1.7015
3.2855 -8.7541 1.6373
3.3902 -8.8945 1.6468
3.3331 -9.1897 1.7134
3.1665 -9.3444 1.5944
2.9808 -9.3635 1.8301
2.7999 -9.3706 2.18
2.6238 -9.4325 2.4014
2.6404 -9.692 2.5132
2.6476 -9.7658 2.6108
2.5381 -9.661 2.4252
2.3215 -9.9348 2.2752
2.2072 -10.144 2.0967
2.2596 -10.258 1.9015
2.231 -10.411 1.7753
2.112 -10.675 1.8158
1.9263 -10.746 1.9515
1.8121 -10.861 2.2514
1.7168 -10.851 2.5347
1.7549 -10.804 2.6418
1.693 -10.882 2.737
1.7097 -11.056 2.787
1.6835 -11.189 2.8346
1.6597 -11.061 2.8988
1.5169 -10.911 2.8203
1.3169 -10.992 2.7156
1.1598 -10.968 2.5727
1.067 -10.956 2.7965
0.9575 -10.716 2.9179
0.93608 -10.532 3.3178
0.86943 -10.239 3.1964
0.62425 -10.17 3.1036
0.33623 -10.204 3.0369
0.16722 -10.411 3.0131
0.17674 -10.482 2.8774
0.0053558 -10.299 3.0536
-0.049393 -10.035 3.2511
-0.047012 -9.8229 3.6296
0.1815 -9.5158 3.7534
0.37431 -9.3944 3.9534
0.4005 -9.3873 3.6891
0.13628 -9.6348 3.5749
-0.10176 -9.6253 3.3345
-0.20412 -9.6491 3.0345
-0.38026 -9.5706 2.9108
-0.47072 -9.5801 2.9179
-0.41121 -9.8205 3.0774
-0.21602 -9.7896 3.2416
-0.1089 -9.4301 3.444
-0.054153 -9.2349 3.4749
-0.0089264 -9.1254 3.4773
0.083908 -9.0278 3.3916
-0.058914 -8.6898 3.0893
-0.27553 -8.6279 2.9131
-0.44691 -8.6327 2.8703
-0.59212 -8.4875 2.8108
-0.78255 -8.1971 2.9322
-0.87538 -8.0329 2.9988
-0.87776 -8.159 2.9655
-0.64925 -8.2423 3.0441
-0.53975 -8.3256 3.2511
-0.45644 -8.3709 3.4273
-0.37074 -8.3613 3.4868
-0.39455 -8.2257 3.4797
-0.50166 -8.2399 3.2726
-0.49452 -8.0995 2.9227
-0.5826 -8.2804 2.8274
-0.79207 -8.4708 2.9465
-0.76588 -8.359 3.2464
-0.91347 -8.3161 3.5201
-0.91109 -8.3018 3.7772
-0.93251 -8.2376 3.7891
-1.0539 -8.2019 3.8462
-1.0872 -8.3828 3.8843
-1.0944 -8.528 3.8415
-1.2681 -8.5827 3.7082
-1.3253 -8.7517 3.6391
-1.3729 -8.8588 3.682
-1.411 -8.9588 3.8724
-1.4824 -8.9184 3.9343
-1.6252 -8.6922 4.1652
-1.8204 -8.6398 4.2723
-1.8728 -8.6041 4.289
-1.9346 -8.6184 4.2509
-1.8823 -8.6684 4.239
-1.8299 -8.7089 4.3485
-1.7752 -8.8684 4.2557
-1.7871 -9.0683 4.3223
-1.7704 -9.0564 4.3033
-1.7014 -9.0397 4.3961
-1.6823 -9.0493 4.3152
-1.7204 -9.0397 4.4604
-1.6657 -8.9422 4.4199
-1.6085 -8.7589 4.2176
-1.6847 -8.8208 4.3199
-1.6561 -9.0064 4.3342
-1.5038 -8.9779 4.2676
-1.4514 -9.004 4.3961
-1.3872 -8.9779 4.4961
-1.5109 -9.1016 4.1581
-1.7014 -9.2207 4.1009
-1.8275 -9.0255 4.0605
-2.0132 -8.7755 4.1485
-2.106 -8.935 4.4128
-2.0798 -8.8255 4.3152
-1.9918 -8.8803 4.2866
-1.9846 -8.9564 4.2842
-1.9585 -9.2802 4.2414
-1.9632 -9.2349 4.1842
-2.1536 -9.104 4.1985
-2.2298 -8.9802 4.3199
-2.1227 -9.0636 4.3295
-2.0632 -9.0517 4.2914
-2.0251 -9.1278 4.189
-2.1037 -9.0612 4.07
-1.5681 -9.1921 4.5056
-1.6157 -9.8134 4.258
-1.4895 -9.0374 3.7486
-1.6728 -8.547 3.8129
-1.4371 -9.1278 3.7605
-1.3967 -9.3778 3.7272
-1.3562 -9.135 3.8296
-1.2039 -8.9493 3.9272
-1.0111 -8.7922 4.1438
