8.9389 -0.077652 2.0395
8.8865 -0.25142 1.7753
8.9722 -0.39424 1.7467
9.1365 -0.33949 1.7444
9.1365 -0.45137 1.7753
9.1412 -0.63942 1.6515
9.1246 -0.71321 1.6563
9.1793 -0.78938 1.7229
9.2126 -0.81557 1.6039
9.1722 -0.99886 1.5968
9.1341 -1.2012 1.6134
9.215 -1.4202 1.5849
9.2483 -1.5344 1.5896
9.2698 -1.6273 1.6753
9.2817 -1.7749 1.6991
9.2674 -1.8939 1.6087
9.2959 -2.0462 1.4706
9.3459 -2.3009 1.2635
9.4435 -2.5009 1.285
9.534 -2.5223 1.3064
9.5364 -2.6746 1.1802
9.5506 -2.8317 1.2897
9.584 -2.6342 1.2016
9.6054 -2.7175 1.4682
9.584 -2.4961 1.323
9.5721 -2.6461 1.2421
9.5316 -2.4818 1.235
9.5268 -2.3271 1.1374
9.4816 -2.2295 1.1231
9.4459 -2.1486 1.0636
9.3912 -2.2224 1.1064
9.3459 -2.151 1.0088
9.3221 -2.0795 0.99217
9.334 -2.1391 0.97789
9.284 -2.0153 1.0255
9.2507 -1.8248 0.97313
9.2388 -1.732 1.0445
9.2698 -1.6273 1.0612
9.2007 -1.563 1.135
9.1841 -1.5154 1.0969
9.2198 -1.4321 1.2112
9.2317 -1.3845 1.2683
9.2317 -1.4226 1.3278
9.2579 -1.4273 1.3587
9.2269 -1.4202 1.2921
9.2721 -1.3845 1.3326
9.2364 -1.3464 1.2992
9.3102 -1.4654 1.3111
9.2959 -1.4345 1.4492
9.2007 -1.5011 1.4468
9.2507 -1.613 1.4444
9.2555 -1.6463 1.5587
9.2626 -1.7653 1.4968
9.334 -1.9605 1.3778
9.2888 -1.9962 1.3468
9.2959 -1.9772 1.3302
9.3531 -1.832 1.3826
9.3864 -1.8629 1.5135
9.4102 -1.97 1.6349
9.4245 -2.0462 1.7015
9.3626 -2.4057 1.9967
9.2626 -2.5199 2.4442
9.2269 -2.6485 2.7275
9.1769 -2.6127 2.8417
9.0889 -2.5913 2.6084
9.0889 -2.5842 2.4109
9.0365 -2.8865 2.468
8.9556 -3.3031 2.3966
8.9151 -3.4149 2.1871
8.727 -3.6363 2.0205
8.4747 -4.1171 2.1086
8.3557 -4.4123 2.0562
8.2986 -4.6837 2.4085
8.42 -4.6432 2.6013
8.5795 -4.398 2.3799
8.3914 -4.3837 2.4037
8.1081 -4.3552 2.2538
7.9653 -4.4861 2.1919
8.0701 -4.5123 2.0443
8.1653 -4.5718 2.061
8.3295 -4.1719 2.0586
8.1391 -4.0386 2.1133
7.882 -3.9553 2.3942
7.7106 -3.7696 2.6822
7.6797 -3.3578 2.9417
7.6725 -2.8936 2.5323
7.5297 -2.8984 2.3918
7.6344 -2.7865 2.099
8.1391 -2.5723 1.7491
8.3962 -2.6937 1.4992
8.37 -3.3411 1.7206
8.4676 -3.6339 2.2204
8.5723 -3.4102 3.0107
8.7556 -2.9151 3.294
8.777 -2.5485 3.5154
8.858 -2.3747 3.4797
8.9889 -2.2105 3.3797
9.1198 -2.1819 3.2392
9.3602 -2.3057 3.2107
9.4935 -2.1414 2.8441
9.7625 -2.5937 2.349
9.5744 -3.5935 1.9681
9.5173 -3.5839 2.6132
9.3769 -2.5104 3.5296
9.1769 -1.6035 4.2033
8.827 -1.4702 4.6199
8.6318 -1.6463 4.4223
8.5009 -1.9677 4.2652
8.5937 -2.2343 4.2985
8.7009 -2.5247 4.1414
8.808 -2.4818 3.5987
9.065 -1.9105 3.2488
9.1127 -1.244 3.1726
9.1412 -1.1393 3.2178
9.0936 -1.513 3.3844
9.0746 -1.7368 3.6487
8.9794 -1.8748 3.8534
8.8913 -2.0034 4.001
8.8056 -2.2724 3.9248
8.7508 -2.3223 3.7605
9.0889 -2.2462 3.7772
9.0484 -2.1272 3.5796
9.0317 -1.9724 3.9343
8.877 -1.7177 4.2509
8.8556 -1.544 4.7936
8.7627 -1.9201 4.5746
8.8532 -2.3414 4.1628
8.6913 -2.2414 4.3556
8.6247 -1.8129 4.4985
8.5223 -1.9986 4.4342
8.6318 -2.1414 4.4794
8.6437 -2.0272 4.4532
8.896 -2.0486 4.4056
8.9413 -2.2938 4.2723
9.1936 -2.3081 4.0033
9.4983 -2.5628 3.8867
9.0984 -2.4652 4.0629
8.7746 -2.3795 4.1224
8.7461 -2.358 3.7153
8.6509 -2.3509 3.6106
8.5676 -2.2795 3.7677
8.5295 -2.4342 3.9343
8.5104 -2.3604 4.0962
8.5866 -2.2057 4.1485
8.8818 -2.1033 4.0319
9.0151 -1.732 3.9795
9.0198 -1.0203 3.7605
8.9889 -1.5725 3.8558
9.1198 -1.9819 3.6011
9.2507 -1.6701 3.3154
9.1269 -1.5844 3.1107
9.3436 -1.6796 2.925
9.753 -2.1057 2.5275
10.027 -2.101 2.4323
10.136 -1.9915 2.5061
10.122 -1.763 2.8631
9.9791 -1.7511 3.0988
9.9339 -1.8272 3.4559
9.8506 -1.7153 3.5535
9.7435 -1.9177 3.5915
9.6506 -2.1795 3.4202
9.8101 -2.2819 3.3178
9.8506 -2.239 3.4035
9.722 -2.389 3.6439
9.453 -2.3747 3.5773
9.5673 -2.4295 3.5344
9.6744 -2.4866 3.3892
9.6459 -2.658 3.175
9.6435 -2.7532 3.1107
9.6149 -2.8198 2.9369
9.4959 -2.8913 2.9869
9.2769 -2.9674 3.1464
9.2269 -2.9912 3.482
9.046 -3.1198 3.3107
8.877 -3.3887 3.2107
8.8603 -3.4959 2.8203
8.777 -3.7196 2.7513
8.6104 -3.9172 2.7465
8.6247 -4.1267 2.7989
8.7032 -4.1767 2.9274
8.8008 -3.9553 2.6251
8.6152 -4.1243 2.4037
8.3248 -4.2933 2.3038
8.2367 -4.4885 2.0062
8.0772 -4.6765 1.9348
7.982 -4.8717 1.7539
7.8177 -5.1288 1.8777
7.8035 -5.3478 2.2157
7.8558 -5.4763 2.4204
7.8653 -5.4525 2.5656
7.8653 -5.512 2.5942
7.8891 -5.274 2.0633
7.7606 -5.2454 1.6777
7.5178 -5.4692 1.4087
7.4369 -5.9 1.3159
7.3988 -6.2214 1.404
7.2655 -6.3595 1.9515
7.0798 -6.288 2.3347
6.9965 -6.1952 2.587
6.9132 -5.9834 2.5989
6.8799 -5.9238 2.5704
6.8489 -5.8643 2.4918
6.9013 -5.931 2.5275
6.956 -5.9357 2.399
6.8918 -5.9143 2.18
6.8108 -5.862 1.9634
6.7347 -5.881 1.8491
6.6704 -6.031 1.9086
6.7323 -6.1 2.0157
6.7109 -6.1643 2.3061
6.6609 -6.2262 2.4799
6.599 -6.1785 2.537
6.6847 -6.1785 2.6465
6.818 -6.3571 2.5347
6.8989 -6.3785 2.3204
6.818 -6.4832 2.2276
6.6871 -6.5261 2.0657
6.5109 -6.6808 2.1252
6.4347 -6.8665 2.1538
6.449 -6.8641 2.2133
6.5514 -6.8617 2.2895
6.6585 -7.0022 2.3871
6.6466 -7.0855 2.3799
6.7132 -7.1712 2.2633
6.7323 -7.4544 2.2014
6.7466 -7.5734 2.2276
6.7251 -7.6877 2.249
6.7347 -8.0852 2.2871
6.7918 -8.3137 2.2633
6.6514 -8.2518 1.9895
6.2967 -8.2114 2.0229
6.0396 -8.2423 2.1681
5.8325 -8.3352 2.2657
5.8087 -8.4613 2.3371
5.8277 -8.6018 2.3847
5.742 -8.9564 2.368
5.6373 -9.4397 2.3847
5.6349 -9.7824 2.2157
5.5802 -10.175 2.0134
5.4088 -10.58 1.9181
5.116 -10.858 2.1109
4.9541 -11.065 2.418
4.9042 -10.835 2.4109
4.7875 -10.649 2.5204
4.5019 -10.418 2.5394
4.2924 -10.332 2.5347
4.1401 -10.744 2.9179
3.8544 -10.977 2.9917
3.5592 -11.163 2.9679
3.3307 -11.334 3.0464
3.1951 -11.518 3.0726
3.0546 -11.358 3.1393
2.8999 -10.801 2.9631
2.8332 -10.466 3.3773
2.8808 -10.213 3.3345
2.7832 -10.62 3.313
2.4214 -11.027 3.0488
2.1596 -11.013 3.0702
2.1072 -10.647 3.4344
1.9311 -10.344 3.6606
1.6788 -10.28 3.7058
1.6811 -10.163 3.7534
1.5669 -9.9443 3.8819
1.4479 -9.4206 4.3223
1.1765 -8.8446 4.3985
0.85991 -8.6708 4.3295
0.64091 -8.8874 4.139
0.36955 -8.9231 3.7367
0.28862 -8.8446 3.4678
0.15056 -8.5256 3.2464
-0.037491 -8.0662 3.1869
-0.16841 -7.6901 3.0036
-0.25887 -7.3711 3.0369
-0.44691 -7.5211 3.3249
-0.41121 -7.7115 3.5892
-0.23982 -7.84 4.0414
0.03392 -7.9948 4.3056
0.16246 -8.0114 4.3295
-0.006546 -7.9924 4.5627
-0.36122 -7.7543 4.4842
-0.65163 -7.7377 4.0033
-0.86586 -7.9995 3.4892
-0.98012 -8.0971 3.6296
-1.1705 -7.5282 3.9391
-1.2134 -7.1783 4.4247
-1.2039 -6.8355 4.9745
-1.1658 -6.2999 5.1293
-1.3086 -5.9595 5.4673
-1.3491 -5.6834 5.672
-1.4633 -5.3787 5.6958
-1.7323 -5.4216 5.6839
-1.9632 -5.3645 5.7363
-1.9489 -5.0788 5.7482
-1.5562 -5.5001 6.1052
-1.3348 -5.8929 6.6979
-1.38 -5.8239 6.855
-1.3062 -5.4835 7.1597
-1.3586 -4.9788 7.6382
-1.53 -4.5908 7.9548
-1.7276 -4.517 7.9357
-1.8918 -4.4385 7.6358
-2.087 -4.5837 7.5358
-2.056 -4.8313 7.6525
-1.8132 -5.174 7.7239
-1.5538 -5.3621 7.4977
-1.5228 -5.5406 7.1788
-1.6276 -5.9476 7.1907
-1.7609 -6.0619 7.2478
-1.799 -5.9548 7.3002
-1.8728 -5.7929 7.3692
-1.9537 -5.9953 7.5477
-1.7942 -6.0667 7.7429
-1.8585 -5.9405 7.6953
-2.1322 -5.9715 7.5644
-2.2179 -5.9286 7.4525
-2.3084 -5.981 7.3644
-2.4607 -5.9738 7.4692
-2.4631 -5.8334 7.4858
-2.4202 -5.8262 7.4573
-2.306 -5.8024 7.5072
-2.0656 -5.8239 7.6453
-1.9894 -6.0738 7.7405
-2.1536 -6.457 7.7239
-2.2322 -6.6451 7.612
-2.2608 -6.638 7.6596
-2.3941 -6.4332 7.8215
-2.4559 -6.3095 8.0952
-2.3607 -5.9929 8.2333
-2.2512 -5.8453 8.3332
-2.2346 -6.0191 8.1452
-2.2988 -6.0881 7.8952
-2.3536 -6.1619 7.7667
-2.3703 -6.1833 7.7453
-2.3845 -6.2619 7.7286
-2.2869 -6.3571 7.9357
-2.1751 -6.3047 8.1
-2.187 -6.1619 8.0119
-2.356 -6.169 7.8334
-2.4821 -6.338 7.3644
-2.5321 -6.6356 7.2859
-2.6131 -6.2999 7.324
-2.7154 -6.5404 7.1692
-2.5702 -6.6998 7.1954
-2.4536 -6.6403 7.4692
-2.4417 -6.488 7.7096
-2.0703 -6.2285 7.9119
-2.3536 -6.1857 7.6572
-2.575 -6.1738 7.6001
-2.6226 -6.0762 7.5096
-2.3941 -6.2999 7.2573
-2.1679 -6.4832 7.0669
