9.0317 -0.76558 2.9607
9.1722 -1.0845 2.8036
9.2269 -1.006 2.8036
9.0841 -0.97505 2.8179
9.0103 -0.96791 2.7727
9.096 -0.99886 2.8251
9.1008 -0.8965 2.7322
9.0508 -0.89174 2.7489
9.0746 -0.93697 2.8512
9.0508 -0.90364 2.8774
9.1174 -0.90602 2.9131
9.1008 -0.84175 2.8608
9.0889 -0.86555 2.875
9.0579 -0.88936 2.8441
9.0722 -0.91078 2.8631
9.1174 -0.95839 2.8965
9.0508 -1.0131 2.8798
9.0436 -1.0227 2.8893
9.0889 -1.0965 2.7917
9.146 -1.0322 2.9274
9.1055 -1.0346 2.956
9.0841 -0.98933 2.9274
9.0984 -1.0369 2.8655
9.1055 -1.0322 2.8274
9.1031 -0.94649 2.8703
9.0793 -0.89412 2.8489
9.096 -0.93935 2.8727
9.0865 -0.91792 2.7941
9.1888 -0.97981 2.8536
9.1507 -0.82033 2.8084
9.1436 -0.79652 2.8251
9.1222 -0.9084 2.8417
9.1722 -0.96553 2.8917
9.0865 -0.84175 2.8084
9.0103 -0.86317 2.7608
9.0508 -0.8846 2.8679
9.0293 -0.90602 2.9512
8.9817 -0.89888 2.8988
9.0293 -0.89888 2.9988
9.0365 -0.84889 2.8988
8.9865 -0.82747 2.8274
9.0698 -0.84889 2.8798
9.1031 -0.87984 2.906
9.0198 -0.87032 2.8084
9.0698 -0.84175 2.8132
9.0984 -0.87032 2.8631
9.1127 -0.79652 3.0631
9.0936 -0.58943 3.094
9.0531 -0.48232 3.1821
9.0627 -0.51802 3.1083
9.0793 -0.46803 3.025
9.0317 -0.52754 2.9179
9.0127 -0.59181 2.925
8.9436 -0.57753 2.9726
8.8984 -0.40614 3.0798
8.8294 -0.32521 3.2131
8.7818 -0.50136 3.3606
8.7651 -0.72273 3.344
8.7104 -0.67274 3.5201
8.689 -0.40852 3.7177
8.7009 -0.06337 3.8272
8.5818 0.17229 3.8724
8.4747 0.30559 3.7177
8.32 0.40794 3.4249
8.3224 0.52934 3.0917
8.3414 0.33177 2.9155
8.4247 -0.32045 2.8798
8.5057 -1.0488 2.8917
8.8008 -1.6487 3.2392
8.9056 -1.7249 3.5011
8.9056 -1.5154 3.7296
8.7627 -1.2131 3.7724
8.7437 -1.2607 3.9581
8.727 -1.3154 3.7677
8.8318 -1.6416 3.7962
8.9603 -1.9034 3.7891
8.9294 -1.9629 3.8915
8.8223 -2.0058 3.9986
8.7818 -2.0938 3.9867
8.6794 -2.1176 3.7058
8.727 -2.2152 3.4225
8.6056 -2.5461 3.2035
8.4557 -2.6437 3.1345
8.3081 -2.6151 3.0536
8.1938 -2.627 3.1178
8.2629 -2.9174 2.9988
8.42 -3.2554 2.9203
8.439 -3.1698 2.5823
8.2914 -3.046 2.1395
8.3438 -3.0079 1.7491
8.5676 -2.9555 1.5992
8.6271 -3.2245 1.7063
8.7223 -3.4411 1.9324
8.6842 -3.5387 2.3395
8.6271 -3.4411 2.4847
8.6104 -3.3245 2.518
8.658 -3.0674 2.7227
8.5795 -2.7603 2.4966
8.5461 -2.746 2.3704
8.708 -2.6008 2.3942
8.9365 -2.5199 1.9443
8.9365 -2.9055 1.742
8.8794 -3.6149 1.8134
8.9675 -4.0267 1.8729
9.0103 -3.9077 2.0491
9.0293 -3.4102 2.3895
8.8675 -2.8865 2.5513
8.9532 -2.6913 2.4847
9.1174 -2.7794 2.4823
9.2293 -2.8484 2.5823
9.2936 -2.7103 2.4942
9.2341 -2.7532 2.5251
9.1769 -2.5913 2.5989
9.1674 -2.3557 2.8251
9.3507 -2.2771 2.9893
9.2864 -2.4199 2.9893
9.1864 -2.4842 3.0083
9.1436 -2.3342 3.4416
9.3912 -1.8248 3.4059
9.2436 -1.8605 3.4344
9.1008 -2.0034 3.4511
9.3293 -2.0653 3.3059
9.3555 -1.7463 3.8772
9.0103 -1.8415 3.9296
9.1603 -2.2462 3.9153
9.3436 -2.1819 3.9153
9.3436 -2.22 4.039
9.3293 -2.0367 3.9748
9.3983 -1.6749 4.12
9.4816 -1.5273 4.2152
9.334 -1.4821 4.1628
9.284 -1.7011 4.1723
9.0722 -1.7106 4.258
8.9008 -1.7511 4.3414
8.9746 -1.5892 4.477
8.8722 -1.6082 4.4651
8.8818 -1.6606 4.1842
9.0341 -1.8177 3.7748
9.1269 -2.0367 3.5773
9.215 -1.6939 3.7677
8.9246 -1.2702 3.9962
8.9627 -1.5559 3.8986
8.9913 -1.5892 3.8367
8.9341 -1.394 3.7748
8.9365 -1.225 3.7296
9.0174 -1.1417 3.4511
9.1888 -0.86317 3.0845
9.2269 -0.83699 2.9131
9.3364 -1.1298 2.7203
9.4983 -1.2964 2.5727
9.6173 -1.7772 2.6061
9.7815 -2.0772 2.8036
9.9743 -1.782 2.8584
10.155 -1.4654 3.0417
10.224 -1.4321 3.0917
10.253 -1.5701 3.2559
10.241 -1.8582 3.2773
10.203 -2.2033 3.2488
10.11 -2.3057 3.0702
10.034 -2.2509 3.0417
10.001 -2.1152 3.0726
9.991 -2.1414 3.1345
9.8577 -2.1771 3.0202
9.872 -2.3914 2.9108
9.8172 -2.3533 2.7989
9.7054 -2.2985 2.9227
9.5959 -2.458 2.9155
9.534 -2.6889 2.906
9.5268 -2.8436 2.8013
9.5078 -2.9555 2.7132
9.3935 -3.1579 2.8322
9.2198 -3.146 2.9964
9.0984 -3.0888 3.2868
8.977 -3.0722 3.5225
8.7651 -3.1579 3.5701
8.6271 -3.2816 3.5558
8.6104 -3.3554 3.4606
8.5937 -3.2697 3.1131
8.5152 -3.2769 3.0202
8.4795 -3.3935 2.8655
8.3747 -3.5792 2.8274
8.2986 -3.8505 2.9369
8.1272 -4.0172 3.056
7.9963 -4.1624 3.1226
7.8915 -4.2671 3.1702
7.8534 -4.3718 3.2012
7.8987 -4.3695 3.0226
7.901 -4.3671 2.9607
7.8344 -4.3338 2.6894
7.7606 -4.4075 2.6656
7.7201 -4.4861 2.5442
7.5511 -4.5908 2.6132
7.475 -4.4909 2.8393
7.3012 -4.6599 2.9488
7.2536 -4.6265 3.0798
7.2512 -4.7575 3.1083
7.2512 -4.7979 3.0655
7.2084 -4.8336 3.1488
7.1893 -4.7717 3.1155
7.0441 -4.8622 3.0583
7.0489 -4.9217 3.075
7.0155 -4.9788 3.1131
6.9132 -5.0669 3.2416
6.9013 -5.124 3.3559
6.8418 -5.2169 3.3321
6.7942 -5.2811 3.5296
6.7275 -5.2454 3.5701
6.8156 -5.3716 3.4416
6.8061 -5.5858 3.4749
6.7466 -5.7072 3.6796
6.7918 -5.6644 3.7915
6.8156 -5.7477 3.8296
6.737 -5.8215 3.7605
6.7585 -5.7977 3.7367
6.8703 -5.9619 3.8486
7.0441 -6.2523 3.8082
7.1846 -6.5023 3.7034
7.0965 -6.5594 3.7058
7.0298 -6.4332 3.8272
6.9822 -6.6499 3.832
6.8799 -7.0878 3.7582
6.9346 -7.5092 3.9462
6.937 -7.6282 4.0914
6.8537 -7.7139 4.2628
6.8394 -7.6306 4.3961
6.787 -7.7044 4.2081
6.7775 -8.0424 3.9891
6.8204 -8.3042 3.8558
6.649 -8.6375 3.6772
6.4466 -8.8303 3.4463
6.349 -9.0421 3.5082
6.2086 -9.1683 3.4368
6.1158 -9.3492 3.5058
5.9991 -9.6729 3.4916
5.8515 -9.9705 3.4749
5.5802 -10.087 3.4344
5.3826 -10.135 3.5392
5.1517 -10.011 3.5773
4.9589 -10.125 3.7272
4.847 -10.339 3.513
4.8899 -10.666 3.5225
4.8399 -10.754 3.4273
4.7375 -10.742 3.3797
4.4947 -10.689 3.3963
4.2448 -10.463 3.6439
4.0615 -10.192 4.039
3.8235 -10.142 4.1985
3.7711 -10.125 4.2366
3.6307 -10.03 4.2223
3.4379 -10.049 3.9415
3.1712 -10.004 3.8129
2.8666 -9.542 3.5296
2.5857 -9.4825 3.9319
2.381 -9.5539 4.3652
2.3024 -9.5753 4.6532
2.2667 -9.304 4.8222
2.1477 -8.8398 5.1983
1.862 -8.2709 5.2316
1.4193 -8.0019 5.1459
0.99321 -8.0162 5.1435
0.68138 -8.328 4.9555
0.64568 -8.528 4.8365
0.6909 -8.4137 4.7436
0.63377 -8.547 4.7198
0.48381 -8.6327 4.7175
0.36241 -8.2614 4.9531
0.067245 -7.5711 5.2364
-0.4612 -6.945 5.6006
-0.77541 -6.6879 5.3625
-1.0134 -6.4499 5.3316
-1.3205 -6.3356 5.084
-1.48 -6.0286 5.0269
-1.5228 -6.0286 5.1126
-1.5252 -5.9048 4.9864
-1.5181 -5.7525 5.1412
-1.6133 -5.6239 5.622
-1.918 -5.7596 4.8579
-2.1679 -6.4071 4.8579
-2.0465 -6.3928 5.4173
-1.9037 -6.1571 5.5054
-1.7442 -6.2857 5.5149
-1.7133 -6.288 5.5649
-1.9561 -6.0167 5.5244
-1.9727 -5.95 5.7743
-1.9894 -5.7215 5.8291
-1.9918 -5.6739 5.9529
-1.9585 -5.5501 5.9148
-1.9251 -5.5525 6.1124
-1.9061 -5.6215 6.229
-2.0727 -5.8143 6.2147
-2.1441 -6.1333 5.7886
-2.1489 -6.5499 5.8148
-1.9727 -6.1143 6.0576
-2.1608 -5.7239 6.1933
-2.2393 -5.7239 6.5622
-2.2084 -5.8477 6.6527
-2.206 -6.1595 6.8122
-2.2608 -6.2642 6.836
-2.4726 -6.2666 6.8241
-2.4821 -6.1357 6.974
-2.4821 -5.7953 7.1645
-2.5678 -5.6906 7.2145
-2.5654 -5.5525 7.3382
-2.6035 -5.5906 7.5358
-2.5155 -5.6596 7.443
-2.494 -5.8572 7.3763
-2.4702 -6.0405 7.393
-2.5583 -6.0881 7.3716
-2.525 -5.9357 7.5382
-2.6392 -5.5454 7.8096
-2.7725 -5.2621 7.9857
-2.8225 -5.055 8.1571
-2.8511 -5.124 8.2904
-2.8059 -5.2526 8.2475
-2.6488 -5.2692 8.2356
-2.5083 -5.4692 8.1333
-2.5059 -5.6906 8.0381
-2.4559 -5.6334 8.0428
-2.4726 -5.4716 8.1119
-2.4369 -5.2145 8.2452
-2.4607 -5.1145 8.4213
-2.3917 -5.0693 8.4975
-2.3369 -5.086 8.4427
-2.1989 -5.3097 8.3547
-2.1203 -5.5239 8.2856
-2.0084 -5.6691 8.1642
-2.0322 -5.5715 7.9595
-2.2679 -5.5263 7.95
-2.4964 -5.5382 8.1452
-2.5202 -5.3906 8.1404
-2.5416 -5.3954 8.2571
-2.4893 -5.4287 8.1833
-2.4536 -5.2835 8.1999
-2.5226 -5.3645 7.9809
-2.7035 -5.6596 7.8619
-2.594 -5.6549 7.7429
-2.5535 -5.7453 7.7024
-2.6202 -5.7953 7.8619
-2.5869 -5.6215 7.9667
-2.525 -5.6691 8.3975
-2.4179 -5.4263 8.5427
-2.4988 -5.2431 8.657
-2.5512 -5.1716 8.8117
-2.5131 -5.0288 8.6998
-2.5892 -4.9931 8.7141
-2.4821 -5.0383 8.5141
-2.0894 -5.0241 8.5046
-2.4655 -5.4549 8.5308
-2.3822 -5.8953 8.4689
-2.0965 -5.7239 8.3594
-2.3226 -5.5739 8.2785
