9.4507 -0.072891 1.9491
9.3816 -0.077652 2.1133
9.334 -0.094315 2.2133
9.3031 -0.089554 2.1014
9.3531 -0.094315 2.1157
9.334 -0.0038605 2.0324
9.2031 0.031845 2.0562
9.115 0.055649 1.9681
9.1555 -0.056229 1.8562
9.2055 -0.041946 1.9515
9.2174 0.036606 2.0253
9.196 0.019943 2.1133
9.1864 0.050888 2.0967
9.2555 0.15324 2.0134
9.3197 0.20799 2.0848
9.2959 0.2437 2.03
9.2864 0.25322 2.0038
9.1888 0.27226 1.9991
9.1555 0.15086 2.0395
9.2222 -0.037186 2.0586
9.2912 -0.18715 2.0276
9.3816 -0.25618 2.13
9.2864 -0.27522 2.1467
9.2483 -0.25856 2.2823
9.215 -0.26094 2.2561
9.2222 -0.27522 2.4513
9.2698 -0.40376 2.2609
9.3197 -0.52516 2.2038
9.3888 -0.66798 2.0848
9.3483 -0.6656 2.061
9.3602 -0.75606 2.1324
9.3721 -0.72273 2.18
9.2864 -0.6656 2.3061
9.3745 -0.76558 2.3514
9.3816 -0.72987 2.4109
9.3078 -0.63228 2.3895
9.2721 -0.52992 2.3466
9.1769 -0.49184 2.2633
9.1008 -0.52278 2.2038
9.1864 -0.67036 2.0514
9.2864 -0.76558 1.9705
9.3055 -0.6656 2.0895
9.1888 -0.71797 2.2204
9.1579 -0.79652 2.2371
9.2364 -0.7632 2.2847
9.3102 -0.74416 2.3395
9.2436 -0.77986 2.3514
9.2912 -0.71559 2.4823
9.2269 -0.6299 2.5108
9.3412 -0.55849 2.5727
9.3816 -0.52754 2.6346
9.334 -0.67989 2.4751
9.3221 -0.84413 2.3728
9.1436 -0.97029 2.2276
9.096 -1.1226 2.2895
9.1269 -1.0298 2.3323
9.1555 -1.025 2.5442
9.1293 -1.0203 2.706
8.9675 -0.85127 2.9488
8.758 -0.47517 3.3249
8.5604 -0.28951 3.4368
8.539 -0.49898 3.344
8.4961 -0.57277 3.3606
8.4104 -0.59657 3.1226
8.3271 -0.74416 2.9179
8.251 -0.8965 2.8727
8.1867 -1.0893 3.0679
8.0582 -1.4321 3.0512
8.1105 -1.8725 3.1488
8.1724 -2.3604 3.1916
8.1796 -2.6389 3.2059
8.3248 -2.577 2.8893
8.4462 -2.5509 2.6775
8.4104 -2.6366 2.4728
8.3176 -2.9389 2.3847
8.2914 -3.1174 2.7536
8.4533 -3.1412 3.0345
8.3866 -3.165 3.125
8.3224 -3.1531 3.2916
8.5985 -2.9555 2.856
8.439 -2.9032 2.4442
8.4723 -2.7984 2.1728
8.6723 -2.8222 2.2228
8.8199 -3.1674 2.5894
8.8627 -3.3031 2.5585
8.9984 -3.3578 2.5156
8.8175 -3.4411 2.4537
8.6342 -3.5958 2.2181
8.6223 -3.7077 2.1586
8.8508 -3.5744 2.1133
9.1626 -3.0793 2.03
9.1246 -2.8246 2.0514
9.1983 -2.6984 2.1014
9.2721 -2.9055 2.2419
9.315 -3.3411 2.2585
9.265 -3.7125 2.3109
9.4245 -3.5101 2.5394
9.4173 -3.0222 2.4466
9.2245 -3.096 2.3537
9.3221 -3.2316 2.3276
9.2293 -3.096 2.4656
9.1388 -2.6175 2.7655
9.3816 -2.2985 2.5299
9.4578 -2.4199 2.5846
9.2721 -2.6627 2.5989
9.1269 -2.5675 2.8441
9.3697 -2.2271 2.9465
9.5316 -2.12 2.8346
9.4983 -2.6818 2.2704
9.8553 -2.8389 2.5989
9.5792 -2.0843 2.9798
9.2936 -1.7915 3.263
9.2531 -1.5749 3.6082
9.0793 -1.6106 3.7701
9.1222 -1.4987 3.7201
9.2817 -1.5582 3.5844
9.6792 -1.7915 3.8915
9.7673 -2.051 3.6677
9.3388 -2.3081 3.7796
9.0103 -1.713 4.0795
8.7699 -1.4511 4.4009
8.7223 -1.4749 4.5937
8.7485 -1.3512 4.4389
8.8413 -1.5297 4.4175
8.7937 -1.6677 4.2604
8.7889 -1.6201 4.0557
8.7937 -1.6297 4.0319
8.7723 -1.6154 3.9581
8.8223 -1.7487 4.1152
8.9008 -1.9724 3.9319
9.0436 -2.3057 3.732
9.0627 -2.539 3.7486
9.0246 -2.5009 3.732
9.1055 -2.658 3.6749
9.1246 -2.727 3.4963
8.9936 -2.4604 3.2464
8.9651 -2.1319 3.1893
9.2864 -1.9772 3.413
9.5173 -2.1224 3.4535
9.5863 -2.6366 3.1107
9.9315 -2.9841 2.7989
10.234 -3.1436 2.7632
10.291 -3.3388 2.7775
10.322 -3.503 2.6299
10.515 -3.3768 2.4823
10.641 -2.9151 2.4228
10.491 -2.6746 2.537
10.291 -2.8793 2.5942
10.162 -3.0888 2.6441
10.022 -3.0745 2.6703
9.9315 -3.2578 2.5894
9.9101 -3.4483 2.3085
9.8363 -3.5554 2.1919
9.5078 -3.4816 2.3704
9.3174 -3.522 2.6203
9.2793 -3.5816 2.5656
9.334 -3.6244 2.5108
9.2507 -3.6077 2.3847
9.2007 -3.4387 2.1657
9.1127 -3.3887 1.9491
9.0127 -3.5459 1.9062
8.927 -3.9315 2.1157
8.8151 -4.1362 2.3061
8.6461 -4.1433 2.537
8.4319 -3.9791 2.6489
8.339 -3.8458 2.7775
8.2724 -3.8053 2.7798
8.1796 -3.9553 2.5204
8.1248 -4.1743 2.3323
7.9939 -4.3933 2.3418
7.8963 -4.4456 2.3847
7.7701 -4.3266 2.3704
7.7416 -4.2742 2.6346
7.5678 -4.229 2.6632
7.4464 -4.4813 2.756
7.3298 -4.4718 2.8536
7.2226 -4.4742 2.8346
7.0751 -4.4528 2.8203
6.9917 -4.4956 2.7489
6.9703 -4.736 2.7632
7.0203 -5.0288 2.7013
7.006 -5.0026 2.687
6.9989 -4.8027 2.8108
6.8894 -4.7551 2.7846
6.8513 -4.8789 2.7179
6.9132 -4.9598 2.6227
6.8846 -4.955 2.6275
6.8656 -5.0383 2.5823
6.7847 -5.2216 2.468
6.9418 -5.3883 2.6441
7.0275 -5.6787 2.9108
7.0513 -5.8858 3.006
7.0751 -5.8477 2.9488
7.0751 -5.9572 2.9346
7.2179 -6.0857 2.7513
7.3012 -6.1428 2.6227
7.3202 -6.3499 2.5513
7.4321 -6.6879 2.5894
7.4797 -6.9831 2.5442
7.4821 -7.2807 2.6346
7.4702 -7.4354 2.5466
7.394 -7.4996 2.6156
7.3488 -7.5092 2.8917
7.2179 -7.452 2.9869
7.1084 -7.6615 3.0583
6.9894 -7.8043 3.1345
6.8442 -7.9852 3.056
6.8108 -8.0947 2.8846
6.7156 -8.1852 2.8608
6.5799 -8.2852 2.7727
6.48 -8.4256 2.687
6.4062 -8.547 2.7251
6.23 -8.5994 2.6727
6.1372 -8.6089 2.8417
6.0848 -8.6375 3.0464
5.9991 -8.6256 3.0726
6.0087 -8.7374 3.1012
5.9301 -8.916 2.9298
5.8515 -8.9541 2.8869
5.6992 -8.7422 2.8869
5.5588 -8.8469 2.7775
5.4136 -9.0397 2.7417
5.2446 -9.3302 2.5132
5.1374 -9.5253 2.5585
5.0256 -9.5468 2.7132
4.9303 -9.5968 2.8227
4.8494 -9.6586 2.8584
4.828 -9.661 2.9703
4.7304 -9.523 3.0179
4.5138 -9.3349 3.2321
4.1996 -9.0397 3.2559
4.1448 -8.816 3.3678
4.0806 -9.2111 3.5606
4.0948 -9.4682 3.4892
3.8949 -9.473 3.463
3.4355 -9.5063 3.632
3.2736 -9.5206 3.7486
3.3212 -9.4873 3.9391
3.4045 -9.3563 4.0486
3.2926 -9.0064 4.12
3.0046 -8.816 4.3509
2.6928 -8.8636 4.3271
2.4238 -9.0731 4.3652
2.2167 -9.185 4.358
2.0834 -9.154 4.2033
1.8835 -9.3087 3.9176
1.5764 -9.5253 3.9248
1.2217 -9.5325 3.8962
0.98845 -9.4349 3.7391
0.83849 -9.204 3.8177
0.67424 -9.004 3.7082
0.51714 -8.9303 3.9462
0.32909 -8.5589 3.97
0.20531 -8.4804 4.1676
0.21007 -8.8945 4.2533
0.1458 -9.0826 4.3271
0.038681 -8.8779 4.2699
-0.17317 -8.6565 4.3556
-0.25887 -8.5851 4.358
-0.36122 -8.9683 4.3461
-0.34932 -9.0778 4.2438
-0.33742 -8.8969 4.2057
-0.20412 -8.6827 4.289
-0.03273 -8.6137 4.5651
-0.11366 -8.5137 4.6936
-0.40169 -8.1471 4.5913
-0.56593 -7.9162 4.3913
-0.77303 -7.8757 4.1271
-1.1467 -7.7186 4.1343
-1.2896 -7.4425 4.2295
-1.3491 -7.2235 4.3509
-1.3562 -7.0783 4.4318
-1.3015 -6.8879 4.5056
-1.2824 -6.9284 4.408
-1.2539 -7.2116 4.3747
-1.073 -7.1236 4.508
-0.95155 -7.0831 4.3771
-0.84682 -6.9974 4.3295
-0.8492 -6.9641 4.4889
-0.82777 -7.0022 4.6675
-0.79207 -7.1616 5.0007
-0.80159 -7.0498 5.2435
-0.79921 -6.9331 5.5339
-0.76112 -6.9165 5.6101
-0.62068 -6.8569 5.8553
-0.65163 -6.8974 5.891
-0.70638 -7.1973 5.8624
-0.9706 -7.4259 5.8005
-1.0372 -7.3521 5.8243
-0.81349 -7.2497 5.941
-0.77303 -7.5425 6.1433
-0.88252 -7.6663 6.2933
-1.0301 -7.3164 6.2766
-1.3562 -7.1973 6.2266
-1.2229 -7.0521 6.1742
-1.0039 -6.9165 6.5265
-1.0706 -7.0974 6.6479
-1.0801 -7.0331 6.6408
-1.1586 -7.1426 6.6313
-1.3038 -7.3045 6.2195
-1.3515 -7.5615 6.2218
-1.4014 -7.4925 6.1742
-1.4848 -7.3235 6.3052
-1.4943 -7.1164 6.5384
-1.5347 -6.976 6.7098
-1.4895 -6.895 6.636
-1.4038 -7.0664 6.6598
-1.3967 -7.2949 6.6146
-1.3872 -7.2664 6.636
-1.4324 -7.1236 6.5718
-1.5086 -7.1807 6.5956
-1.5895 -7.1497 6.5646
-1.5466 -7.1259 6.5813
-1.4086 -7.1545 6.786
-1.3729 -7.1426 6.7789
-1.3348 -7.3425 6.9955
-1.4514 -7.4854 7.0621
-1.6038 -7.3759 7.0026
-1.6823 -7.2711 6.9336
-1.6633 -7.283 6.9145
-1.6847 -7.3402 6.8503
-1.6561 -7.3116 6.805
-1.5943 -7.383 6.9145
-1.6633 -7.4663 6.9312
-1.7514 -7.633 6.9669
-1.849 -7.5972 6.9407
-1.7418 -7.6806 6.9693
-1.6942 -7.633 6.9836
-1.7585 -7.6163 6.9407
-1.7728 -7.4568 6.9431
-1.8466 -7.3021 6.9336
-1.9561 -7.2688 6.8027
-2.0775 -7.4068 6.8122
-2.1322 -7.4663 6.7598
-1.8966 -7.4639 6.667
-1.7823 -7.3925 6.6289
-2.2298 -7.6306 6.7074
-2.0418 -7.583 6.7027
-1.8371 -7.383 6.7455
-1.9251 -7.333 6.6979
-1.9585 -7.3021 6.6217
-1.8632 -7.3068 6.617
-1.8299 -7.4378 6.6051
-1.6704 -7.5068 6.6527
-1.6181 -7.652 6.7003
-1.5895 -7.7567 6.7098
-1.5514 -7.652 6.7217
-1.6133 -7.5258 6.6884
-1.7418 -7.4544 6.786
-1.8371 -7.4092 6.7979
-1.8085 -7.4044 6.7622
